145268,P,2001-10-02,54841,6,65.93,4.80,,
145269,P,2001-04-04,68673,2,15.74,8.97,,
145270,P,2002-04-25,37040,6,80.14,8.33,,
145271,P,2001-08-03,99546,1,87.29,8.37,,
145272,P,2001-12-10,20403,8,54.29,3.69,,
145273,P,2002-04-21,26620,6,46.93,3.41,,
145274,P,2000-04-01,90588,4,84.99,1.79,,
145275,P,2001-10-17,71159,10,11.75,5.56,,
145276,P,2001-06-28,16881,4,21.25,3.47,,
145277,P,2001-01-19,21290,4,68.82,9.92,,
145278,P,2001-12-31,14562,9,75.41,6.42,,
145279,P,2001-07-20,6399,9,60.57,7.40,,
145280,P,2002-07-26,9400,9,24.59,5.12,,
145281,P,2000-12-13,37595,8,62.09,8.17,,
145282,P,2002-05-21,50846,4,28.36,1.35,,
145283,P,2002-03-16,41161,9,16.03,6.13,,
145284,P,2002-09-07,36932,9,39.82,0.71,,
145285,P,2000-05-01,94969,4,99.77,5.61,,
145286,P,2001-06-07,99744,5,74.47,5.81,,
145287,P,2000-06-25,19161,4,46.95,6.79,,
145288,P,2001-05-16,30798,1,30.56,4.67,,
145289,P,2002-02-06,52750,7,88.45,2.72,,
145290,P,2001-05-31,87982,2,63.40,7.13,,
145291,P,2000-12-16,20766,10,73.95,1.42,,
145292,P,2002-05-23,50824,3,29.69,2.94,,
145293,P,2000-01-26,93213,3,39.69,3.88,,
145294,P,2002-02-09,56350,9,50.24,9.49,,
145295,P,2001-10-27,35716,10,44.29,6.19,,
145296,P,2002-08-12,42216,10,79.91,7.54,,
145297,P,2002-03-15,64228,2,50.20,9.35,,
145298,P,2000-04-20,39395,2,42.19,7.53,,
145299,P,2000-12-13,78901,2,42.52,6.70,,
145300,P,2000-01-13,35253,5,57.36,5.25,,
145301,P,2001-07-04,95729,8,18.57,9.52,,
145302,P,2000-07-26,6201,5,1.94,6.25,,
145303,P,2001-04-09,64320,7,69.18,8.24,,
145304,P,2000-05-26,99167,2,8.12,2.34,,
145305,P,2000-03-10,90821,5,46.70,3.77,,
145306,P,2001-10-14,20474,1,21.12,4.75,,
145307,P,2002-07-24,3841,10,77.77,1.62,,
145308,P,2000-03-22,32317,7,80.77,2.60,,
145309,P,2000-11-08,68340,6,21.74,0.22,,
145310,P,2002-03-17,36909,8,39.57,5.01,,
145311,P,2000-09-14,94515,1,97.00,3.07,,
145312,P,2001-06-10,92759,5,81.53,2.56,,
145313,P,2002-09-18,54767,8,41.19,1.94,,
145314,P,2002-06-30,10716,4,92.32,9.76,,
145315,P,2002-07-21,87984,1,37.57,9.34,,
145316,P,2001-10-21,85146,7,28.23,2.10,,
145317,P,2001-05-16,52015,3,12.17,8.41,,
145318,P,2000-09-16,21030,5,82.73,3.07,,
145319,P,2001-12-07,32600,3,34.70,5.16,,
145320,P,2000-02-03,7186,8,45.60,5.69,,
145321,P,2000-11-07,85741,1,1.72,6.63,,
145322,P,2002-08-21,56680,1,37.88,2.15,,
145323,P,2001-09-08,69888,7,83.86,7.76,,
145324,P,2001-10-01,24499,9,17.49,5.52,,
145325,P,2001-03-22,68035,6,62.55,7.26,,
145326,P,2000-03-24,57344,1,79.85,1.60,,
145327,P,2000-02-22,81370,3,74.60,3.21,,
145328,P,2002-02-27,37269,7,99.34,5.76,,
145329,P,2002-07-23,93476,1,42.30,2.87,,
145330,P,2000-10-08,90829,3,61.87,9.46,,
145331,P,2000-07-28,29033,2,97.06,5.62,,
145332,P,2000-09-10,14181,6,81.64,9.89,,
145333,P,2000-03-03,94895,7,91.27,2.90,,
145334,P,2002-06-22,10215,7,58.45,6.78,,
145335,P,2002-02-25,7926,4,85.95,2.82,,
145336,P,2002-02-05,10975,2,30.93,3.58,,
145337,P,2001-10-30,91301,3,29.51,0.52,,
145338,P,2001-11-11,34192,2,39.33,6.83,,
145339,P,2001-05-04,60307,10,56.97,2.32,,
145340,P,2001-11-16,68535,1,2.58,2.83,,
145341,P,2002-08-17,38632,5,61.14,9.66,,
145342,P,2000-06-18,90559,8,57.32,7.28,,
145343,P,2001-02-12,91548,4,26.56,7.63,,
145344,P,2000-03-23,5014,7,12.04,9.55,,
145345,P,2000-06-25,82652,6,24.99,0.55,,
145346,P,2002-04-16,98407,1,7.36,9.45,,
145347,P,2000-04-07,96063,1,33.69,9.29,,
145348,P,2001-01-06,96309,1,53.64,3.19,,
145349,P,2001-03-24,17828,7,85.63,0.67,,
145350,P,2001-12-03,77831,4,33.04,2.64,,
145351,P,2002-03-17,35139,4,37.09,3.22,,
145352,P,2001-09-26,20394,6,10.02,0.57,,
145353,P,2000-01-20,8048,6,13.17,2.40,,
145354,P,2002-07-11,76547,8,70.34,8.59,,
145355,P,2000-05-17,60622,4,21.19,8.59,,
145356,P,2000-08-09,663,10,65.74,5.55,,
145357,P,2000-06-27,75120,5,3.44,4.70,,
145358,P,2000-10-29,40129,6,97.65,3.48,,
145359,P,2000-05-03,77234,6,60.19,2.90,,
145360,P,2002-06-17,84176,3,18.42,9.94,,
145361,P,2000-12-06,83832,5,86.80,9.92,,
145362,P,2001-08-22,40783,7,77.44,8.20,,
145363,P,2002-05-11,91162,6,95.73,9.46,,
145364,P,2000-07-28,41521,5,2.97,0.76,,
145365,P,2000-12-09,91073,7,22.60,9.71,,
145366,P,2000-09-25,23087,6,74.08,8.52,,
145367,P,2001-10-04,42798,6,68.92,7.55,,
145368,P,2002-01-20,78716,8,77.39,5.64,,
145369,P,2001-11-02,87292,8,53.58,3.99,,
145370,P,2001-01-30,17267,2,68.49,0.89,,
145371,P,2001-01-25,79756,1,15.76,4.37,,
145372,P,2000-05-30,57211,2,2.76,9.67,,
145373,P,2000-05-29,41527,1,22.50,6.63,,
145374,P,2002-06-22,87380,5,56.66,3.94,,
145375,P,2000-09-19,6549,10,48.24,0.01,,
145376,P,2001-07-27,33320,7,33.24,6.34,,
145377,P,2002-07-15,48080,8,3.06,5.06,,
145378,P,2000-05-14,2793,8,65.70,7.57,,
145379,P,2000-03-06,2018,7,85.24,9.61,,
145380,P,2001-07-22,70602,10,44.68,2.60,,
145381,P,2002-08-20,68244,10,97.53,6.08,,
145382,P,2000-03-07,2111,3,82.91,2.57,,
145383,P,2000-10-16,61902,10,63.60,9.27,,
145384,P,2001-09-30,43403,10,23.32,9.68,,
145385,P,2001-12-28,55687,7,61.31,9.70,,
145386,P,2000-10-25,15163,9,50.97,8.68,,
145387,P,2001-05-02,31950,3,69.75,8.18,,
145388,P,2002-01-08,53322,10,98.76,2.06,,
145389,P,2000-01-08,4754,8,63.70,6.98,,
145390,P,2000-08-15,66825,2,87.41,4.35,,
145391,P,2000-05-22,61684,3,42.69,5.06,,
145392,P,2002-09-25,24109,1,35.66,9.26,,
145393,P,2000-09-13,89239,2,49.41,9.55,,
145394,P,2000-09-16,64095,4,87.31,3.52,,
145395,P,2000-08-28,28927,6,16.56,9.50,,
145396,P,2001-07-16,91141,2,70.28,5.12,,
145397,P,2000-03-24,46141,9,56.66,2.80,,
145398,P,2001-01-08,85150,8,35.71,7.02,,
145399,P,2000-10-09,40034,8,91.74,9.18,,
145400,P,2000-08-27,48145,3,22.43,3.83,,
145401,P,2001-05-31,66220,10,91.72,8.90,,
145402,P,2001-11-17,22931,3,11.04,4.05,,
145403,P,2001-06-19,35665,7,20.97,5.63,,
145404,P,2001-01-22,23692,9,83.76,6.39,,
145405,P,2000-05-05,18863,7,27.21,0.00,,
145406,P,2002-04-11,45958,6,61.80,0.26,,
145407,P,2001-06-23,23590,9,78.68,6.16,,
145408,P,2001-01-03,87124,5,39.17,0.02,,
145409,P,2001-09-06,23818,6,42.69,0.96,,
145410,P,2002-05-06,99194,1,61.92,8.06,,
145411,P,2002-01-15,44992,5,37.86,4.87,,
145412,P,2001-08-14,37832,10,93.80,3.36,,
145413,P,2000-02-25,34711,4,53.35,6.17,,
145414,P,2002-09-04,81342,2,3.41,9.54,,
145415,P,2000-12-04,13074,1,51.30,1.32,,
145416,P,2000-06-11,4725,10,76.78,2.15,,
145417,P,2000-10-08,78564,4,34.70,0.08,,
145418,P,2002-06-16,79569,9,25.60,2.38,,
145419,P,2001-02-28,85007,5,63.94,2.88,,
145420,P,2001-04-28,23040,5,66.96,9.29,,
145421,P,2000-08-26,1980,7,22.79,3.81,,
145422,P,2000-07-10,32764,9,23.17,1.37,,
145423,P,2001-08-04,42887,9,76.66,1.00,,
145424,P,2001-12-30,10850,3,71.44,1.90,,
145425,P,2001-06-27,14139,6,50.57,2.70,,
145426,P,2000-02-22,26275,6,10.16,6.10,,
145427,P,2001-04-28,85885,10,76.95,2.23,,
145428,P,2001-02-13,15147,1,38.76,4.14,,
145429,P,2002-02-13,4904,8,48.42,2.13,,
145430,P,2000-12-18,63043,6,7.17,7.02,,
145431,P,2000-04-05,57953,7,56.84,1.57,,
145432,P,2001-01-23,48203,4,24.98,5.50,,
145433,P,2000-01-06,53743,6,57.74,5.27,,
145434,P,2000-05-27,72422,6,46.16,5.34,,
145435,P,2002-01-27,1496,8,36.27,9.37,,
145436,P,2000-03-08,68507,1,95.67,7.86,,
145437,P,2001-08-17,43799,3,47.75,4.48,,
145438,P,2001-08-16,68835,1,91.29,4.66,,
145439,P,2000-09-03,6039,4,91.45,1.07,,
145440,P,2002-07-26,78520,3,95.62,2.77,,
145441,P,2000-05-17,68789,9,32.07,5.96,,
145442,P,2000-08-10,32332,3,26.90,7.80,,
145443,P,2002-07-31,81861,5,60.21,7.20,,
145444,P,2000-01-04,86129,8,69.95,8.36,,
145445,P,2001-12-13,90427,6,45.95,0.75,,
145446,P,2002-09-25,8359,2,55.51,6.37,,
145447,P,2000-10-17,98515,5,42.36,9.41,,
145448,P,2001-01-05,7276,3,7.72,4.88,,
145449,P,2000-11-01,65040,6,35.02,1.76,,
145450,P,2001-08-13,82883,4,0.08,0.84,,
145451,P,2000-06-17,6836,4,32.95,4.79,,
145452,P,2001-10-25,1300,6,67.67,4.81,,
145453,P,2002-09-26,83207,7,16.60,0.70,,
145454,P,2001-03-20,89844,8,53.84,9.33,,
145455,P,2002-03-25,22415,8,72.02,3.07,,
145456,P,2001-10-14,96145,1,34.85,0.86,,
145457,P,2000-04-14,62217,2,26.98,4.75,,
145458,P,2001-12-18,17888,4,59.64,4.14,,
145459,P,2001-08-25,9620,4,83.74,6.42,,
145460,P,2002-07-20,72235,2,48.42,1.22,,
145461,P,2002-09-09,45536,5,1.18,5.63,,
145462,P,2000-05-26,86990,6,79.08,5.18,,
145463,P,2000-08-30,27148,1,7.82,9.56,,
145464,P,2000-11-16,66266,10,36.65,3.18,,
145465,P,2000-08-17,91999,5,72.07,6.78,,
145466,P,2002-02-28,74262,6,67.47,0.52,,
145467,P,2002-06-03,3292,5,7.06,2.00,,
145468,P,2002-07-09,88782,8,79.59,5.04,,
145469,P,2002-05-13,18615,6,31.63,0.72,,
145470,P,2000-04-13,35764,2,78.46,0.75,,
145471,P,2002-05-17,63194,4,60.47,6.21,,
145472,P,2001-03-23,40806,4,96.26,8.12,,
145473,P,2001-12-01,32733,7,76.38,5.61,,
145474,P,2000-03-20,58551,1,94.83,0.98,,
145475,P,2000-12-10,83802,1,76.51,2.05,,
145476,P,2000-03-13,19611,1,36.05,5.17,,
145477,P,2001-03-28,15888,4,54.53,0.08,,
145478,P,2002-08-22,22240,9,94.75,0.75,,
145479,P,2002-09-23,82528,9,68.60,9.80,,
145480,P,2002-08-18,84988,4,14.63,7.52,,
145481,P,2002-02-19,77488,1,93.71,1.67,,
145482,P,2002-01-09,66741,3,39.74,5.28,,
145483,P,2000-02-19,35684,2,19.10,8.97,,
145484,P,2000-01-29,61954,4,71.56,6.18,,
145485,P,2000-08-17,44105,5,3.70,9.99,,
145486,P,2001-11-14,13204,10,13.51,5.61,,
145487,P,2000-01-12,60327,6,89.93,5.50,,
145488,P,2001-11-22,73198,7,98.50,8.59,,
145489,P,2001-07-12,87088,9,63.20,5.17,,
145490,P,2000-02-06,16637,5,93.29,1.60,,
145491,P,2000-09-21,7120,8,63.20,1.15,,
145492,P,2001-06-08,93468,7,41.12,8.45,,
145493,P,2000-02-25,91297,10,42.94,3.04,,
145494,P,2001-08-09,28236,2,16.88,2.02,,
145495,P,2002-08-15,56241,5,14.76,2.07,,
145496,P,2001-07-05,7413,2,40.27,4.46,,
145497,P,2002-09-15,69307,8,48.13,8.28,,
145498,P,2001-02-13,41308,3,97.71,4.64,,
145499,P,2001-01-11,32733,3,61.20,5.96,,
145500,P,2001-05-19,31377,4,19.88,6.45,,
145501,P,2002-05-03,40252,2,34.92,0.93,,
145502,P,2001-08-15,26741,3,77.18,9.99,,
145503,P,2000-08-12,49170,2,8.98,2.14,,
145504,P,2001-10-06,39340,4,8.34,6.74,,
145505,P,2001-02-20,32417,6,44.77,4.22,,
145506,P,2001-03-31,22209,5,89.51,3.61,,
145507,P,2000-12-13,52256,8,77.83,0.00,,
145508,P,2002-09-06,33461,7,55.92,7.24,,
145509,P,2001-05-20,68711,8,66.70,7.15,,
145510,P,2000-07-18,39110,5,71.04,5.50,,
145511,P,2000-05-28,30406,9,6.78,8.97,,
145512,P,2000-01-15,88559,2,6.29,6.10,,
145513,P,2001-11-27,50254,7,32.77,9.54,,
145514,P,2000-11-10,56340,10,17.96,6.09,,
145515,P,2002-08-14,8175,2,81.93,5.42,,
145516,P,2001-08-14,63160,2,14.99,8.13,,
145517,P,2001-07-11,58126,3,50.74,7.10,,
145518,P,2000-08-11,76949,4,62.94,6.59,,
145519,P,2000-07-24,98583,3,75.10,5.27,,
145520,P,2002-02-19,39779,9,4.02,5.28,,
145521,P,2001-02-23,93906,3,89.06,9.12,,
145522,P,2001-05-05,13140,2,62.33,8.99,,
145523,P,2000-03-24,46731,5,76.26,7.44,,
145524,P,2001-05-15,13111,8,22.43,2.38,,
145525,P,2002-07-12,54602,7,1.68,4.89,,
145526,P,2000-05-19,8734,7,80.11,2.95,,
145527,P,2000-09-06,74165,6,39.75,4.45,,
145528,P,2000-10-30,2120,4,23.70,3.78,,
145529,P,2002-01-08,66142,5,92.16,1.42,,
145530,P,2001-10-17,18689,6,19.25,5.41,,
145531,P,2001-02-26,6722,8,20.91,5.87,,
145532,P,2000-06-27,66092,4,12.50,0.50,,
145533,P,2000-07-06,65156,2,60.42,8.34,,
145534,P,2001-01-25,90564,2,26.19,6.43,,
145535,P,2000-01-27,48755,7,38.54,9.32,,
145536,P,2000-01-15,20618,9,39.24,2.06,,
145537,P,2002-09-26,34996,9,3.82,8.38,,
145538,P,2002-05-20,28624,1,44.79,5.37,,
145539,P,2001-09-29,17869,7,40.98,8.69,,
145540,P,2002-04-07,39370,6,9.79,3.77,,
145541,P,2002-03-08,42700,3,76.21,0.57,,
145542,P,2002-03-01,18808,8,67.34,8.89,,
145543,P,2000-03-06,47750,4,73.24,8.00,,
145544,P,2000-10-18,82125,2,31.32,6.29,,
145545,P,2000-02-21,49908,2,84.46,9.92,,
145546,P,2001-01-28,7644,9,35.29,3.32,,
145547,P,2000-09-06,64552,9,40.06,0.82,,
145548,P,2001-10-26,91667,3,5.18,3.42,,
145549,P,2000-05-26,33821,1,56.27,7.88,,
145550,P,2002-03-14,1579,8,67.88,7.91,,
145551,P,2000-10-24,10932,7,0.82,9.88,,
145552,P,2002-02-07,2358,9,79.65,0.75,,
145553,P,2001-12-08,85920,4,23.29,8.36,,
145554,P,2001-06-29,59540,4,27.75,3.27,,
145555,P,2002-01-28,7372,10,94.44,4.20,,
145556,P,2002-01-15,69898,5,6.59,0.63,,
145557,P,2002-09-27,13396,4,5.64,4.59,,
145558,P,2002-07-03,39956,2,66.96,9.49,,
145559,P,2001-12-24,75689,7,56.71,2.50,,
145560,P,2000-09-18,24503,9,0.45,2.97,,
145561,P,2001-09-08,49886,7,88.71,2.25,,
145562,P,2000-04-14,99361,9,25.56,6.80,,
145563,P,2000-02-14,28743,8,70.21,6.23,,
145564,P,2000-02-27,1349,5,50.67,2.69,,
145565,P,2000-06-21,19224,1,10.97,9.64,,
145566,P,2002-04-06,1108,1,97.78,9.15,,
145567,P,2000-01-28,28074,1,28.14,0.64,,
145568,P,2001-11-28,91922,6,5.91,9.29,,
145569,P,2001-01-27,54593,7,45.91,9.22,,
145570,P,2002-01-02,61923,8,0.52,2.54,,
145571,P,2002-03-27,38943,6,93.22,8.38,,
145572,P,2001-12-23,82576,7,41.81,7.95,,
145573,P,2001-11-16,73128,9,83.05,3.54,,
145574,P,2001-11-08,23727,10,58.88,2.48,,
145575,P,2002-01-03,43970,6,72.17,8.77,,
145576,P,2002-07-27,96981,2,55.19,8.97,,
145577,P,2002-08-18,57120,1,12.98,6.68,,
145578,P,2000-06-17,22010,8,8.50,0.59,,
145579,P,2000-12-15,38692,1,63.81,6.89,,
145580,P,2002-05-05,73408,8,15.44,1.24,,
145581,P,2000-11-09,26106,1,85.70,9.39,,
145582,P,2000-02-25,97073,8,56.60,1.25,,
145583,P,2001-04-22,8054,4,21.57,5.07,,
145584,P,2002-07-13,85760,4,51.63,7.63,,
145585,P,2001-09-17,86574,8,59.52,3.77,,
145586,P,2001-07-10,51869,1,41.61,5.03,,
145587,P,2000-07-06,1363,8,83.27,6.39,,
145588,P,2001-04-04,28446,5,42.04,9.00,,
145589,P,2001-08-28,67897,5,79.90,8.94,,
145590,P,2000-09-24,9475,2,65.78,2.98,,
145591,P,2001-11-30,64585,4,47.84,4.68,,
145592,P,2000-10-14,50023,2,31.09,0.93,,
145593,P,2000-06-19,53614,3,37.10,9.72,,
145594,P,2001-10-09,96632,9,28.93,4.13,,
145595,P,2000-01-29,8023,7,32.56,7.41,,
145596,P,2001-12-29,83003,5,68.45,8.76,,
145597,P,2000-04-04,43467,3,52.62,5.02,,
145598,P,2000-01-27,95361,6,37.40,9.05,,
145599,P,2001-08-11,92732,7,95.25,5.77,,
145600,P,2000-03-24,18092,4,84.55,2.30,,
145601,P,2001-08-21,76974,6,62.17,3.49,,
145602,P,2001-10-05,47622,3,22.99,6.91,,
145603,P,2000-07-04,13029,5,81.88,2.15,,
145604,P,2002-09-22,95083,3,76.60,0.97,,
145605,P,2000-05-21,11599,6,34.63,6.83,,
145606,P,2000-04-16,86226,2,78.12,5.62,,
145607,P,2002-02-18,98648,9,99.22,5.06,,
145608,P,2000-10-07,1747,9,5.58,3.94,,
145609,P,2002-01-05,3767,3,34.45,2.20,,
145610,P,2000-02-06,74761,9,55.20,6.49,,
145611,P,2000-06-26,32895,4,57.93,0.14,,
145612,P,2002-05-30,23484,8,77.69,6.53,,
145613,P,2002-06-30,74130,8,96.70,3.30,,
145614,P,2001-05-31,42730,4,80.63,0.26,,
145615,P,2001-07-15,40464,3,27.02,3.52,,
145616,P,2000-04-04,55330,4,9.91,6.20,,
145617,P,2001-02-14,47128,4,19.29,1.75,,
145618,P,2002-09-21,55578,6,9.46,4.88,,
145619,P,2002-02-09,81786,2,39.07,1.08,,
145620,P,2001-12-10,23427,10,53.67,0.28,,
145621,P,2000-12-12,72796,7,71.27,4.20,,
145622,P,2002-06-04,79565,9,59.59,2.67,,
145623,P,2001-02-02,26241,8,83.36,1.98,,
145624,P,2001-12-28,7831,2,91.50,5.67,,
145625,P,2001-08-02,53238,10,34.92,2.85,,
145626,P,2002-02-13,52310,2,0.40,5.89,,
145627,P,2001-01-10,8644,10,66.95,6.76,,
145628,P,2000-05-09,65957,3,28.84,9.96,,
145629,P,2001-04-08,88787,7,1.84,5.51,,
145630,P,2000-11-10,69940,7,68.93,3.68,,
145631,P,2001-06-01,35001,9,5.61,5.22,,
145632,P,2002-05-31,52684,7,33.07,5.23,,
145633,P,2002-05-21,19121,2,18.85,1.41,,
145634,P,2000-09-07,15831,10,69.46,6.60,,
145635,P,2001-01-30,26490,1,78.30,0.42,,
145636,P,2002-03-07,31594,1,68.06,3.33,,
145637,P,2000-04-13,13123,2,69.00,4.87,,
145638,P,2001-05-25,16181,6,98.70,6.23,,
145639,P,2002-05-09,62580,5,45.53,2.40,,
145640,P,2000-03-12,71256,10,87.73,1.55,,
145641,P,2002-09-24,18062,6,41.33,9.91,,
145642,P,2002-03-26,64373,4,29.89,2.99,,
145643,P,2000-04-22,38117,1,45.23,0.59,,
145644,P,2001-07-31,62803,9,67.11,9.27,,
145645,P,2002-09-24,49731,6,0.46,3.36,,
145646,P,2002-03-29,48103,8,71.78,5.16,,
145647,P,2000-09-08,25803,10,13.98,8.02,,
145648,P,2000-12-07,2284,1,53.79,3.09,,
145649,P,2000-09-14,71466,6,25.94,5.88,,
145650,P,2002-03-31,99779,2,44.32,7.08,,
145651,P,2000-02-07,52002,8,48.87,4.08,,
145652,P,2002-01-01,80732,10,20.40,6.71,,
145653,P,2001-12-08,83009,4,83.93,5.55,,
145654,P,2002-05-03,94410,5,26.30,0.18,,
145655,P,2001-04-14,8763,6,99.75,7.65,,
145656,P,2001-10-18,11657,10,60.10,3.74,,
145657,P,2000-04-10,76154,4,32.84,1.19,,
145658,P,2000-10-24,95365,9,2.66,6.77,,
145659,P,2000-06-20,18510,6,87.50,8.16,,
145660,P,2001-07-21,94026,10,83.53,3.30,,
145661,P,2000-05-18,83376,3,5.75,9.95,,
145662,P,2001-03-19,47360,1,67.98,9.71,,
145663,P,2001-05-01,56418,5,34.14,9.68,,
145664,P,2000-11-15,67822,3,19.78,5.44,,
145665,P,2000-10-22,58010,10,83.15,0.52,,
145666,P,2001-04-16,52573,10,51.29,9.49,,
145667,P,2000-10-11,44168,7,1.76,8.25,,
145668,P,2001-01-26,23501,8,48.23,3.83,,
145669,P,2001-06-13,52191,10,76.21,0.17,,
145670,P,2000-05-31,72692,5,99.43,1.87,,
145671,P,2001-12-06,89798,6,59.41,5.33,,
145672,P,2001-12-08,33298,8,9.73,8.97,,
145673,P,2001-01-21,23566,6,83.88,4.76,,
145674,P,2001-03-25,79236,1,1.89,6.21,,
145675,P,2001-07-08,40838,4,33.21,1.02,,
145676,P,2001-10-12,86832,1,68.67,3.30,,
145677,P,2000-05-09,63045,7,85.19,2.96,,
145678,P,2002-09-13,3852,2,54.48,4.29,,
145679,P,2000-09-14,24007,4,80.46,7.00,,
145680,P,2001-06-15,8074,4,56.30,5.09,,
145681,P,2000-07-03,62270,4,69.60,9.43,,
145682,P,2001-11-27,6662,1,94.69,1.73,,
145683,P,2001-02-22,67739,5,92.70,6.91,,
145684,P,2001-03-05,28914,6,91.24,5.50,,
145685,P,2000-09-29,44756,9,22.59,9.95,,
145686,P,2002-03-26,41255,2,45.04,5.98,,
145687,P,2000-11-04,97406,7,77.16,4.55,,
145688,P,2001-03-14,26596,2,71.78,2.69,,
145689,P,2000-07-05,17893,7,88.90,1.81,,
145690,P,2001-02-27,47084,3,67.62,0.14,,
145691,P,2000-07-14,17136,4,28.22,2.37,,
145692,P,2000-05-26,47033,8,23.52,8.88,,
145693,P,2001-01-10,49200,8,52.42,3.44,,
145694,P,2000-09-19,72903,2,40.52,4.65,,
145695,P,2001-01-05,1687,8,56.41,0.08,,
145696,P,2001-06-17,47374,4,30.94,5.45,,
145697,P,2001-10-27,7044,10,24.04,7.06,,
145698,P,2000-09-20,96779,10,0.16,7.90,,
145699,P,2002-02-18,71554,4,61.88,9.14,,
145700,P,2000-07-02,39513,2,64.02,4.92,,
145701,P,2002-09-01,26054,6,91.31,6.33,,
145702,P,2000-04-16,11878,4,70.27,2.55,,
145703,P,2002-03-05,64871,10,30.08,4.81,,
145704,P,2000-03-04,25282,7,72.71,0.27,,
145705,P,2001-04-27,45075,1,9.12,5.70,,
145706,P,2001-12-27,90434,9,19.28,5.91,,
145707,P,2000-05-23,80661,5,51.87,6.92,,
145708,P,2000-10-09,54126,8,66.35,0.73,,
145709,P,2001-04-03,95032,4,12.70,3.41,,
145710,P,2001-01-22,91258,10,68.72,9.28,,
145711,P,2001-03-24,53976,5,58.22,1.44,,
145712,P,2002-09-22,12522,6,73.71,8.90,,
145713,P,2000-03-29,79562,10,24.96,5.44,,
145714,P,2002-05-16,94412,2,67.72,0.41,,
145715,P,2001-01-28,90632,8,1.88,1.49,,
145716,P,2001-09-14,98716,1,8.95,5.16,,
145717,P,2001-06-21,83994,2,90.88,9.00,,
145718,P,2000-04-27,85301,4,19.00,7.60,,
145719,P,2001-09-23,55131,7,48.87,5.36,,
145720,P,2001-11-15,43397,9,79.40,7.85,,
145721,P,2000-02-20,53117,6,82.90,4.22,,
145722,P,2001-01-19,67205,5,47.23,0.92,,
145723,P,2000-06-19,89897,7,73.87,1.82,,
145724,P,2002-08-28,15097,2,1.63,3.21,,
145725,P,2001-01-12,66257,8,84.33,3.57,,
145726,P,2002-03-03,37747,9,36.07,0.09,,
145727,P,2000-01-22,85290,2,93.60,2.52,,
145728,P,2000-12-06,28673,3,44.86,4.30,,
145729,P,2001-09-14,79516,8,17.41,6.42,,
145730,P,2001-12-23,57753,3,59.24,0.80,,
145731,P,2002-08-24,77267,9,16.99,6.64,,
145732,P,2001-04-18,13345,4,67.23,9.51,,
145733,P,2001-03-15,82504,5,10.22,9.63,,
145734,P,2002-08-31,16223,8,79.72,0.50,,
145735,P,2001-01-20,37058,5,77.68,2.23,,
145736,P,2000-12-20,35506,10,25.69,6.73,,
145737,P,2001-02-07,3567,5,25.99,1.22,,
145738,P,2002-03-30,72688,4,87.92,6.07,,
145739,P,2001-03-06,13817,5,46.94,5.94,,
145740,P,2000-08-12,21531,4,89.19,5.64,,
145741,P,2000-12-18,63150,8,14.97,5.73,,
145742,P,2002-03-02,34751,5,24.37,6.80,,
145743,P,2002-06-20,78216,5,50.10,6.30,,
145744,P,2002-07-14,27306,10,8.76,0.52,,
145745,P,2002-08-11,94502,6,54.03,7.33,,
145746,P,2000-10-21,73778,4,24.13,3.94,,
145747,P,2001-08-17,31604,6,5.66,3.20,,
145748,P,2001-12-26,7504,7,30.13,4.39,,
145749,P,2000-11-06,79177,1,89.09,1.94,,
145750,P,2000-07-31,55779,10,40.29,9.31,,
145751,P,2002-05-03,26920,6,13.45,7.96,,
145752,P,2001-08-02,42750,6,26.05,4.29,,
145753,P,2000-09-28,41109,9,29.30,7.03,,
145754,P,2002-01-17,49534,7,66.63,0.48,,
145755,P,2002-07-16,20835,8,57.43,2.96,,
145756,P,2000-04-07,6524,10,41.32,2.19,,
145757,P,2000-02-22,51972,9,88.17,4.36,,
145758,P,2002-07-14,79691,6,31.46,1.02,,
145759,P,2001-01-31,74662,7,78.12,8.81,,
145760,P,2001-08-19,69807,2,44.86,9.48,,
145761,P,2001-01-08,37473,4,79.76,7.59,,
145762,P,2002-08-04,55998,6,86.64,5.78,,
145763,P,2002-08-23,10774,4,93.18,7.21,,
145764,P,2000-09-05,53686,3,14.73,3.12,,
145765,P,2002-09-10,98487,6,71.71,3.62,,
145766,P,2000-08-08,20318,5,21.86,9.92,,
145767,P,2001-06-29,50739,8,67.35,9.42,,
145768,P,2002-01-21,73977,10,11.84,6.15,,
145769,P,2001-08-24,85926,3,73.06,5.17,,
145770,P,2000-12-17,92173,6,17.90,8.75,,
145771,P,2000-05-08,42612,4,28.22,0.21,,
145772,P,2001-08-25,37404,10,97.03,0.49,,
145773,P,2000-02-28,64167,9,31.81,8.04,,
145774,P,2001-01-01,88226,1,16.63,8.48,,
145775,P,2001-11-11,7640,2,83.55,4.75,,
145776,P,2000-01-04,62946,3,34.35,5.93,,
145777,P,2002-01-23,83986,7,58.03,5.78,,
145778,P,2000-12-25,34849,9,56.10,5.79,,
145779,P,2000-12-07,95850,6,73.48,2.23,,
145780,P,2000-10-05,15085,3,37.25,3.48,,
145781,P,2000-01-09,67875,9,61.88,6.23,,
145782,P,2001-02-20,15045,4,10.13,8.07,,
145783,P,2002-06-01,81836,1,85.74,6.93,,
145784,P,2000-10-24,57081,2,63.36,6.21,,
145785,P,2000-05-30,91604,1,13.77,7.92,,
145786,P,2001-01-18,9054,6,75.19,0.93,,
145787,P,2002-09-20,56556,10,5.42,6.15,,
145788,P,2000-04-01,67608,2,65.62,9.88,,
145789,P,2000-12-17,86925,2,76.29,2.78,,
145790,P,2001-02-18,21617,4,36.32,1.90,,
145791,P,2000-01-15,31587,3,90.71,8.47,,
145792,P,2001-01-17,31642,7,65.69,2.17,,
145793,P,2002-09-20,2075,5,99.89,5.88,,
145794,P,2001-02-28,54282,3,51.46,8.82,,
145795,P,2002-08-29,70902,3,9.89,9.63,,
145796,P,2000-01-27,53198,8,25.30,0.65,,
145797,P,2001-11-21,84520,8,82.04,1.47,,
145798,P,2002-04-04,2477,3,76.18,8.55,,
145799,P,2002-09-11,45747,2,54.92,3.75,,
145800,P,2002-09-03,34587,5,94.00,8.36,,
145801,P,2002-02-24,29265,4,30.42,2.57,,
145802,P,2002-02-07,20460,2,5.84,0.34,,
145803,P,2001-09-21,18972,1,24.44,5.22,,
145804,P,2000-01-24,9960,9,26.20,2.79,,
145805,P,2000-06-19,23427,3,0.90,0.25,,
145806,P,2000-03-31,70422,2,11.56,1.96,,
145807,P,2000-02-15,3597,4,34.37,3.11,,
145808,P,2002-05-23,93424,10,24.22,0.14,,
145809,P,2002-07-14,28849,1,55.98,4.74,,
145810,P,2002-09-12,53610,4,56.39,6.34,,
145811,P,2001-08-26,35519,6,96.35,6.28,,
145812,P,2000-02-27,3238,5,15.77,2.77,,
145813,P,2000-07-13,28275,1,0.56,6.85,,
145814,P,2002-04-12,9533,7,32.75,0.25,,
145815,P,2002-05-06,40314,3,55.20,8.56,,
145816,P,2000-12-11,50510,7,26.25,8.78,,
145817,P,2002-06-08,75972,4,94.06,6.29,,
145818,P,2002-01-25,41667,7,45.71,0.90,,
145819,P,2002-04-21,55158,5,22.92,1.15,,
145820,P,2002-02-09,24172,9,60.56,5.04,,
145821,P,2002-05-24,37330,8,41.03,1.86,,
145822,P,2000-06-20,75326,4,18.27,4.90,,
145823,P,2000-07-15,3211,1,49.09,0.16,,
145824,P,2002-07-29,91042,3,49.05,5.78,,
145825,P,2000-11-07,14299,3,24.03,9.15,,
145826,P,2001-10-03,63359,5,24.41,7.44,,
145827,P,2000-09-16,65135,9,72.58,4.94,,
145828,P,2001-11-01,41955,10,9.47,6.87,,
145829,P,2001-02-21,49762,8,66.93,2.40,,
145830,P,2001-09-28,12330,1,10.78,7.41,,
145831,P,2001-12-22,11590,10,39.82,8.30,,
145832,P,2000-02-23,86186,10,24.53,1.22,,
145833,P,2000-11-06,46308,10,4.88,5.22,,
145834,P,2002-05-19,11901,10,89.39,9.97,,
145835,P,2000-09-22,31627,3,21.17,6.59,,
145836,P,2000-02-27,55327,6,22.88,6.42,,
145837,P,2001-03-19,22239,10,5.39,9.77,,
145838,P,2002-02-12,89643,2,21.08,4.79,,
145839,P,2000-09-11,52738,9,6.66,5.50,,
145840,P,2002-02-18,75338,10,49.52,8.58,,
145841,P,2001-04-22,9219,7,53.27,9.89,,
145842,P,2000-11-16,330,10,77.59,7.46,,
145843,P,2002-03-30,87309,10,43.51,0.03,,
145844,P,2000-10-04,72287,3,17.51,2.08,,
145845,P,2002-03-26,94576,1,88.59,1.07,,
145846,P,2002-05-18,81292,6,18.33,3.10,,
145847,P,2001-11-13,81953,7,54.66,8.38,,
145848,P,2002-04-20,55471,2,4.28,7.27,,
145849,P,2000-11-02,42893,6,62.49,1.50,,
145850,P,2001-10-09,33017,4,62.70,9.72,,
145851,P,2000-04-06,66375,10,31.40,0.46,,
145852,P,2000-09-27,87313,8,1.29,0.40,,
145853,P,2000-09-20,82386,8,88.67,8.10,,
145854,P,2000-05-29,18380,4,46.81,6.67,,
145855,P,2000-10-17,75859,3,2.78,7.34,,
145856,P,2002-02-13,61720,4,80.91,5.72,,
145857,P,2001-11-15,97683,7,60.24,6.62,,
145858,P,2000-09-21,52633,7,12.40,9.41,,
145859,P,2000-06-19,58175,10,43.76,2.52,,
145860,P,2002-08-17,23555,2,48.15,4.47,,
145861,P,2002-05-22,30134,1,88.76,0.11,,
145862,P,2002-02-05,57446,5,25.25,1.60,,
145863,P,2000-06-10,11290,10,52.18,0.83,,
145864,P,2002-08-04,50861,10,55.81,5.83,,
145865,P,2002-05-14,86080,10,47.07,4.06,,
145866,P,2001-11-15,58681,5,47.75,0.77,,
145867,P,2001-02-10,89221,6,11.26,4.00,,
145868,P,2001-01-27,49693,5,29.92,0.45,,
145869,P,2001-01-14,61300,8,32.84,9.60,,
145870,P,2002-04-29,56274,5,48.70,1.48,,
145871,P,2000-11-12,48740,10,44.37,6.03,,
145872,P,2000-03-26,6381,3,29.64,6.42,,
145873,P,2000-10-22,49421,3,6.15,8.00,,
145874,P,2000-02-09,80990,9,74.93,2.65,,
145875,P,2001-08-14,86715,5,47.14,7.61,,
145876,P,2001-09-30,28544,3,66.29,5.42,,
145877,P,2001-01-05,97985,7,26.93,7.05,,
145878,P,2000-03-08,66501,3,92.50,2.44,,
145879,P,2001-01-29,25055,1,78.35,9.12,,
145880,P,2001-07-24,70066,4,97.17,1.31,,
145881,P,2002-03-05,36809,1,34.93,0.97,,
145882,P,2000-07-08,21111,10,77.95,5.95,,
145883,P,2002-02-22,97868,10,88.84,3.81,,
145884,P,2002-05-29,3256,9,28.77,6.93,,
145885,P,2002-01-25,68848,7,41.99,2.84,,
145886,P,2000-05-27,17304,5,87.67,7.91,,
145887,P,2000-09-05,64270,6,26.35,7.05,,
145888,P,2000-12-20,29748,9,97.31,0.30,,
145889,P,2001-07-13,58022,8,34.79,8.94,,
145890,P,2000-08-12,47828,2,73.09,2.24,,
145891,P,2001-12-01,48696,9,21.24,6.08,,
145892,P,2001-11-20,31917,4,18.40,5.18,,
145893,P,2001-03-18,98490,2,70.36,1.13,,
145894,P,2001-01-18,85748,7,54.83,1.07,,
145895,P,2001-01-05,57461,4,91.93,0.80,,
145896,P,2001-03-05,63453,8,21.91,5.46,,
145897,P,2001-12-20,27514,1,30.97,5.05,,
145898,P,2001-01-16,14274,5,28.46,6.20,,
145899,P,2000-01-02,66197,3,77.06,7.63,,
145900,P,2001-01-10,26225,8,22.21,8.84,,
145901,P,2001-03-13,19961,7,20.35,0.41,,
145902,P,2002-03-30,88383,1,10.24,4.15,,
145903,P,2000-12-23,95309,6,81.58,5.85,,
145904,P,2000-02-10,53820,3,61.31,2.49,,
145905,P,2000-07-07,37443,7,36.70,5.52,,
145906,P,2001-02-07,58594,3,23.84,6.24,,
145907,P,2000-09-04,69818,8,0.16,2.91,,
145908,P,2000-04-27,16400,3,10.89,0.63,,
145909,P,2002-05-09,66208,1,84.71,6.28,,
145910,P,2000-04-19,73406,2,57.67,9.17,,
145911,P,2000-01-18,37394,2,23.83,3.52,,
145912,P,2000-05-07,89257,5,13.17,0.72,,
145913,P,2000-11-29,63097,2,53.96,8.75,,
145914,P,2000-08-17,16523,1,5.88,4.28,,
145915,P,2002-09-12,38858,3,85.83,7.67,,
145916,P,2001-01-31,99371,10,57.09,1.37,,
145917,P,2001-01-05,47392,5,46.09,2.80,,
145918,P,2002-08-28,5085,8,4.40,0.02,,
145919,P,2002-07-03,97287,4,0.56,0.30,,
145920,P,2001-12-18,63215,6,78.08,8.56,,
145921,P,2002-02-08,40383,2,84.51,9.34,,
145922,P,2002-07-21,7310,3,98.24,5.76,,
145923,P,2000-03-08,55375,10,77.14,4.98,,
145924,P,2002-06-11,80561,8,20.00,1.32,,
145925,P,2002-06-11,65026,4,2.99,6.48,,
145926,P,2001-12-22,63375,9,50.58,9.36,,
145927,P,2000-05-02,37741,9,6.56,6.59,,
145928,P,2000-08-18,5829,9,41.75,9.06,,
145929,P,2000-07-11,71304,6,55.06,3.46,,
145930,P,2000-12-05,71478,2,32.35,2.42,,
145931,P,2001-03-16,48477,7,44.56,4.51,,
145932,P,2001-06-12,66715,7,83.13,6.45,,
145933,P,2001-05-15,29810,1,2.04,3.48,,
145934,P,2000-12-11,30880,10,18.07,0.42,,
145935,P,2002-06-03,49921,5,95.64,5.57,,
145936,P,2001-02-22,87632,8,23.43,1.94,,
145937,P,2001-12-08,22827,9,85.63,7.43,,
145938,P,2002-03-21,75684,5,87.75,4.67,,
145939,P,2002-06-06,81280,3,82.19,7.48,,
145940,P,2001-04-28,41412,8,38.38,0.62,,
145941,P,2001-09-20,93097,5,47.55,9.84,,
145942,P,2001-09-26,7187,10,22.71,2.64,,
145943,P,2000-07-20,77994,3,9.41,4.55,,
145944,P,2002-03-29,80842,7,30.03,7.94,,
145945,P,2001-08-19,42514,3,2.48,2.12,,
145946,P,2001-11-02,68626,7,5.66,7.29,,
145947,P,2002-01-14,18618,7,90.60,5.13,,
145948,P,2002-06-12,43563,8,12.03,3.76,,
145949,P,2000-03-31,3004,10,87.45,8.28,,
145950,P,2002-04-22,23624,2,21.58,6.43,,
145951,P,2002-08-22,54032,1,73.46,2.38,,
145952,P,2001-10-12,47135,7,0.64,8.10,,
145953,P,2001-05-17,8864,5,67.98,9.50,,
145954,P,2000-10-11,89255,9,59.74,6.96,,
145955,P,2000-07-05,50255,6,79.67,3.82,,
145956,P,2001-08-16,66666,5,53.20,6.27,,
145957,P,2000-01-20,5061,3,95.34,8.55,,
145958,P,2002-02-03,59047,5,84.00,8.49,,
145959,P,2001-04-11,21235,9,68.54,7.42,,
145960,P,2002-01-24,67718,6,74.29,4.59,,
145961,P,2000-01-12,11708,9,67.14,4.35,,
145962,P,2002-04-10,66040,1,93.72,2.08,,
145963,P,2000-08-04,92938,3,91.84,6.87,,
145964,P,2002-09-26,44401,8,45.02,8.35,,
145965,P,2001-08-13,27477,8,36.19,4.81,,
145966,P,2000-02-23,38221,7,91.54,1.37,,
145967,P,2002-01-01,7690,7,81.50,1.81,,
145968,P,2001-10-07,31243,3,14.07,2.19,,
145969,P,2001-11-02,18761,1,40.49,5.60,,
145970,P,2002-09-05,70036,9,95.82,2.83,,
145971,P,2002-08-01,61286,6,5.89,6.50,,
145972,P,2000-08-19,88469,2,70.59,6.02,,
145973,P,2000-04-13,75237,8,78.10,9.83,,
145974,P,2000-03-14,23345,5,35.81,0.79,,
145975,P,2001-04-06,5293,8,43.98,3.30,,
145976,P,2002-04-05,93281,4,5.46,0.66,,
145977,P,2000-10-21,35459,4,38.88,7.83,,
145978,P,2001-04-17,54832,8,3.63,9.12,,
145979,P,2000-04-14,93960,10,21.75,7.91,,
145980,P,2002-01-23,24680,10,87.30,8.10,,
145981,P,2001-02-01,37105,5,6.88,1.95,,
145982,P,2000-08-26,52194,9,91.72,1.66,,
145983,P,2000-01-24,72766,9,55.35,7.11,,
145984,P,2000-09-21,51822,5,31.97,4.91,,
145985,P,2002-03-15,33750,6,56.43,7.48,,
145986,P,2002-02-03,70455,2,47.85,7.13,,
145987,P,2001-07-12,12046,1,82.27,3.27,,
145988,P,2001-02-16,30734,4,90.05,0.67,,
145989,P,2000-09-07,75533,4,46.68,2.46,,
145990,P,2000-11-07,89533,9,11.52,3.86,,
145991,P,2000-02-27,45680,7,70.10,2.40,,
145992,P,2001-09-14,8289,7,25.68,6.48,,
145993,P,2000-07-28,17648,2,86.34,6.43,,
145994,P,2000-06-30,72147,5,52.54,3.41,,
145995,P,2001-05-20,28281,1,25.43,6.24,,
145996,P,2002-04-18,83027,9,76.18,9.42,,
145997,P,2002-04-13,14194,7,93.27,9.13,,
145998,P,2001-05-09,38878,2,23.08,5.63,,
145999,P,2001-12-31,8470,4,51.54,2.03,,
146000,P,2000-04-15,84745,3,22.58,8.52,,
146001,P,2001-09-12,91799,1,43.57,4.83,,
146002,P,2002-02-24,12911,8,84.10,5.07,,
146003,P,2000-03-21,18910,4,89.16,3.24,,
146004,P,2002-01-14,29798,7,15.32,5.35,,
146005,P,2000-10-13,81181,2,54.65,5.35,,
146006,P,2001-06-17,53756,8,84.57,0.50,,
146007,P,2000-09-18,17567,9,49.42,0.43,,
146008,P,2000-07-03,15052,4,21.59,7.52,,
146009,P,2000-02-08,60103,5,56.29,8.99,,
146010,P,2000-09-24,16866,2,99.88,9.16,,
146011,P,2000-08-31,26613,1,15.15,4.45,,
146012,P,2000-06-09,60329,10,25.80,8.98,,
146013,P,2000-01-13,92554,2,39.95,0.23,,
146014,P,2001-05-25,46683,7,23.04,1.55,,
146015,P,2002-06-20,40087,9,74.31,2.06,,
146016,P,2002-01-01,64695,5,97.74,8.70,,
146017,P,2000-12-21,96568,4,84.61,1.27,,
146018,P,2001-10-13,93397,9,83.21,8.18,,
146019,P,2002-01-20,90113,3,98.52,0.20,,
146020,P,2001-04-14,37659,9,19.94,6.98,,
146021,P,2002-08-14,7729,2,98.69,7.35,,
146022,P,2000-06-16,29206,7,9.49,8.91,,
146023,P,2001-03-20,36865,8,4.28,5.38,,
146024,P,2000-05-27,60983,3,57.77,0.87,,
146025,P,2001-12-14,43923,8,80.80,1.83,,
146026,P,2000-08-31,45364,1,38.30,3.76,,
146027,P,2000-10-02,67731,9,19.11,6.97,,
146028,P,2001-10-02,87858,9,28.83,2.31,,
146029,P,2002-05-06,2446,7,90.41,5.27,,
146030,P,2002-06-23,8034,5,13.68,1.92,,
146031,P,2001-12-03,67589,2,16.67,4.90,,
146032,P,2002-05-09,13508,7,36.67,0.94,,
146033,P,2000-12-02,22615,9,13.47,7.67,,
146034,P,2002-04-26,73790,10,25.81,5.84,,
146035,P,2001-01-23,47511,6,12.88,4.21,,
146036,P,2001-02-18,65420,10,47.49,1.10,,
146037,P,2000-09-05,59323,7,11.60,1.24,,
146038,P,2002-09-06,4706,9,69.28,5.80,,
146039,P,2000-03-07,87743,1,48.54,7.89,,
146040,P,2001-09-07,79274,2,84.61,1.44,,
146041,P,2000-04-25,10480,10,16.33,3.60,,
146042,P,2001-08-01,74104,5,95.20,8.80,,
146043,P,2002-01-02,81384,7,15.53,7.30,,
146044,P,2002-09-01,80930,4,33.64,4.38,,
146045,P,2002-04-02,9071,2,34.78,4.03,,
146046,P,2002-06-03,85421,1,30.28,2.84,,
146047,P,2001-11-30,90585,7,31.36,7.63,,
146048,P,2001-10-17,6846,9,72.51,2.35,,
146049,P,2001-03-30,97194,2,58.50,3.63,,
146050,P,2000-12-02,16461,8,65.10,9.81,,
146051,P,2000-08-03,8615,6,57.19,4.59,,
146052,P,2002-04-27,81535,1,58.90,9.76,,
146053,P,2000-12-30,37795,2,32.65,9.72,,
146054,P,2002-09-18,53336,7,71.24,5.91,,
146055,P,2000-08-11,50917,3,36.77,6.48,,
146056,P,2000-02-06,97295,2,55.17,0.92,,
146057,P,2002-07-18,69886,10,62.43,7.40,,
146058,P,2000-08-11,60864,8,1.10,5.41,,
146059,P,2000-05-14,2998,10,86.67,2.12,,
146060,P,2001-10-15,98142,10,92.94,3.71,,
146061,P,2002-04-04,48737,10,53.40,6.04,,
146062,P,2002-02-10,61242,7,90.71,0.81,,
146063,P,2000-02-25,75740,2,91.98,2.64,,
146064,P,2000-12-13,89461,6,40.80,0.60,,
146065,P,2001-11-22,36035,1,82.82,3.79,,
146066,P,2001-04-04,13899,3,94.69,7.44,,
146067,P,2001-08-07,89303,1,60.00,4.17,,
146068,P,2002-09-13,89227,5,98.17,4.29,,
146069,P,2002-07-16,22911,4,99.27,9.94,,
146070,P,2001-05-02,29311,2,50.87,5.82,,
146071,P,2002-01-28,81583,2,87.83,3.92,,
146072,P,2000-06-30,82323,10,99.53,7.15,,
146073,P,2001-01-12,3888,1,15.39,4.77,,
146074,P,2000-06-29,8018,7,1.88,7.48,,
146075,P,2001-01-04,99850,7,51.85,4.41,,
146076,P,2001-09-09,81994,10,26.29,2.08,,
146077,P,2000-07-10,76452,8,51.15,8.72,,
146078,P,2000-11-18,62304,3,88.30,1.52,,
146079,P,2000-06-04,90830,7,86.59,1.88,,
146080,P,2000-12-28,68379,4,31.92,6.29,,
146081,P,2002-09-01,73761,2,63.64,2.05,,
146082,P,2002-05-18,97780,3,92.61,0.28,,
146083,P,2001-11-25,8581,9,99.59,8.77,,
146084,P,2002-03-01,48351,5,4.25,0.45,,
146085,P,2000-10-16,87631,2,24.69,3.94,,
146086,P,2000-04-14,98266,3,7.53,9.23,,
146087,P,2000-01-17,90144,6,17.57,7.64,,
146088,P,2000-09-13,66807,9,69.41,7.72,,
146089,P,2001-06-07,88616,8,23.92,7.68,,
146090,P,2000-07-14,1975,3,88.97,3.27,,
146091,P,2001-08-15,78503,3,46.90,2.84,,
146092,P,2001-11-26,30606,7,59.12,3.59,,
146093,P,2000-12-07,86536,7,35.56,3.53,,
146094,P,2000-06-19,82842,10,7.53,8.27,,
146095,P,2001-03-17,47978,8,92.50,6.48,,
146096,P,2002-09-02,37976,1,71.59,6.50,,
146097,P,2001-10-19,13581,8,43.21,4.68,,
146098,P,2001-02-23,52101,1,97.51,6.34,,
146099,P,2002-01-14,16698,4,84.30,3.71,,
146100,P,2002-01-01,62500,3,43.49,6.62,,
146101,P,2002-03-18,63841,1,74.45,0.90,,
146102,P,2000-04-29,31217,2,13.26,1.50,,
146103,P,2000-04-02,87396,4,84.53,4.90,,
146104,P,2002-06-01,7482,4,11.58,4.69,,
146105,P,2000-11-29,91443,1,37.28,1.40,,
146106,P,2000-08-10,32405,5,91.70,4.55,,
146107,P,2002-06-16,90391,7,87.20,3.69,,
146108,P,2002-06-20,34738,3,7.32,9.99,,
146109,P,2001-10-25,72143,10,62.55,8.51,,
146110,P,2001-06-26,40642,1,95.23,8.57,,
146111,P,2001-09-26,79654,6,82.97,8.30,,
146112,P,2000-12-05,80916,1,27.67,8.18,,
146113,P,2000-08-30,28885,8,87.95,4.67,,
146114,P,2002-03-12,90948,8,17.35,6.75,,
146115,P,2000-11-23,57278,2,95.53,0.34,,
146116,P,2002-01-29,18450,2,63.86,7.01,,
146117,P,2001-11-17,45021,9,28.63,9.86,,
146118,P,2000-01-18,86260,1,30.66,7.94,,
146119,P,2002-02-17,5071,10,74.15,4.85,,
146120,P,2000-06-01,90529,10,18.73,4.57,,
146121,P,2002-07-28,54011,9,23.00,3.70,,
146122,P,2000-05-12,69828,3,69.38,3.85,,
146123,P,2001-10-20,67806,5,27.30,6.85,,
146124,P,2002-01-22,33664,10,67.72,4.31,,
146125,P,2001-11-07,56162,1,86.25,5.76,,
146126,P,2000-03-17,45853,6,63.48,8.19,,
146127,P,2000-06-07,7309,10,85.54,6.71,,
146128,P,2002-06-15,33819,4,23.19,6.25,,
146129,P,2001-02-12,98197,8,61.32,9.82,,
146130,P,2002-05-14,27455,6,87.09,8.26,,
146131,P,2001-09-19,28121,2,32.83,8.32,,
146132,P,2001-12-29,14627,8,2.04,9.17,,
146133,P,2002-06-08,26794,10,95.25,4.55,,
146134,P,2002-01-10,1040,2,55.69,5.33,,
146135,P,2000-06-16,75921,1,86.46,8.12,,
146136,P,2002-01-17,50353,1,35.24,5.96,,
146137,P,2001-01-11,90394,7,20.65,6.44,,
146138,P,2000-11-06,86521,6,38.12,9.44,,
146139,P,2001-11-24,85305,3,38.20,3.25,,
146140,P,2000-10-03,93560,2,34.31,9.17,,
146141,P,2000-05-25,40728,2,40.22,4.36,,
146142,P,2001-10-17,10483,10,2.56,5.72,,
146143,P,2001-07-12,78405,7,96.86,5.19,,
146144,P,2001-03-22,44611,9,94.71,8.28,,
146145,P,2001-05-05,26660,9,24.58,2.08,,
146146,P,2000-09-07,43407,8,5.61,4.62,,
146147,P,2002-02-20,35788,8,44.51,9.30,,
146148,P,2001-06-16,72846,9,3.32,1.75,,
146149,P,2002-07-26,24044,7,79.99,4.83,,
146150,P,2002-06-02,13722,4,34.82,1.62,,
146151,P,2002-05-02,24640,1,98.16,6.53,,
146152,P,2000-12-11,93329,6,33.09,0.11,,
146153,P,2002-08-28,76023,2,96.48,1.41,,
146154,P,2001-05-06,96792,5,62.03,0.50,,
146155,P,2000-09-10,84294,9,47.81,5.82,,
146156,P,2001-08-03,94502,4,56.24,9.03,,
146157,P,2000-11-01,69307,4,5.95,4.41,,
146158,P,2000-10-30,76912,4,19.48,9.37,,
146159,P,2001-12-23,14297,9,93.72,0.90,,
146160,P,2002-04-20,36491,4,83.67,8.78,,
146161,P,2000-11-09,49647,9,16.73,9.75,,
146162,P,2001-05-17,72113,10,31.61,0.04,,
146163,P,2002-01-10,52588,9,5.39,1.49,,
146164,P,2002-03-16,17525,10,1.31,6.75,,
146165,P,2002-03-01,97251,1,44.54,7.18,,
146166,P,2001-03-06,74399,10,23.32,7.93,,
146167,P,2000-08-17,84727,9,76.24,9.55,,
146168,P,2001-08-04,67003,5,30.48,2.81,,
146169,P,2000-10-17,56009,6,8.21,6.93,,
146170,P,2001-09-24,27926,9,85.32,9.45,,
146171,P,2001-09-18,31858,3,98.47,2.11,,
146172,P,2000-10-17,73085,8,60.37,0.39,,
146173,P,2002-04-19,98370,8,94.12,4.95,,
146174,P,2001-01-16,19629,2,90.29,6.88,,
146175,P,2001-09-09,8166,2,40.24,9.40,,
146176,P,2000-12-29,34181,5,73.33,8.07,,
146177,P,2000-05-14,959,4,30.51,5.30,,
146178,P,2002-04-12,57518,2,72.09,1.89,,
146179,P,2001-06-10,4828,5,61.33,6.17,,
146180,P,2002-04-09,64439,3,9.56,6.22,,
146181,P,2001-04-16,28,2,73.92,9.18,,
146182,P,2000-05-26,50144,5,61.80,3.79,,
146183,P,2001-12-13,86647,1,97.07,3.46,,
146184,P,2000-08-13,84127,7,20.47,9.91,,
146185,P,2002-03-10,10775,3,33.37,2.30,,
146186,P,2000-03-04,11531,3,0.42,6.47,,
146187,P,2002-05-13,5896,8,3.24,8.55,,
146188,P,2000-07-21,81859,3,52.20,1.81,,
146189,P,2001-03-07,86155,9,96.35,9.35,,
146190,P,2000-02-26,60360,7,19.55,2.62,,
146191,P,2001-05-21,13751,2,5.99,4.33,,
146192,P,2000-08-03,85407,5,45.66,1.22,,
146193,P,2000-12-02,10145,7,17.60,6.91,,
146194,P,2000-04-09,7616,1,98.99,8.50,,
146195,P,2000-11-09,70352,7,34.59,6.96,,
146196,P,2002-02-21,32294,2,30.88,4.24,,
146197,P,2001-12-19,94691,5,54.54,5.56,,
146198,P,2002-01-25,89751,6,4.40,8.37,,
146199,P,2001-02-03,42670,9,19.92,2.64,,
146200,P,2000-05-12,25216,3,4.70,8.09,,
146201,P,2002-09-12,92860,10,38.10,7.96,,
146202,P,2001-02-09,85769,2,89.23,6.17,,
146203,P,2001-12-16,24620,5,18.10,7.23,,
146204,P,2000-08-11,40565,7,18.41,7.00,,
146205,P,2000-03-29,60612,8,97.18,5.07,,
146206,P,2000-12-12,46028,9,14.52,4.45,,
146207,P,2000-02-08,20212,6,89.06,4.00,,
146208,P,2001-09-01,10298,1,17.95,1.16,,
146209,P,2001-01-25,435,1,81.20,9.88,,
146210,P,2000-02-12,26407,2,74.29,1.19,,
146211,P,2000-09-23,82841,6,34.65,1.30,,
146212,P,2002-03-13,21761,3,35.07,5.37,,
146213,P,2000-09-22,28718,6,6.61,6.51,,
146214,P,2000-03-17,79628,8,76.91,5.85,,
146215,P,2000-03-12,64,7,1.17,6.10,,
146216,P,2000-04-05,68870,5,54.52,6.57,,
146217,P,2001-03-04,73993,7,1.08,4.51,,
146218,P,2002-02-27,17386,2,85.02,2.81,,
146219,P,2000-12-27,2559,1,15.70,9.58,,
146220,P,2001-06-03,23519,3,33.35,2.46,,
146221,P,2001-02-08,92313,3,64.09,0.67,,
146222,P,2001-04-29,61320,8,68.67,9.15,,
146223,P,2000-11-06,93556,6,70.53,3.79,,
146224,P,2002-05-29,95082,10,52.44,9.07,,
146225,P,2002-05-16,68349,10,97.52,8.06,,
146226,P,2001-01-25,79873,1,41.46,5.80,,
146227,P,2000-09-29,71666,10,25.16,4.49,,
146228,P,2001-08-27,36903,2,75.01,9.70,,
146229,P,2000-04-23,90146,4,80.91,9.00,,
146230,P,2002-01-21,14091,1,36.92,8.44,,
146231,P,2002-07-19,84277,1,42.14,0.08,,
146232,P,2000-02-04,35079,5,53.62,5.11,,
146233,P,2001-08-30,8429,10,26.23,4.72,,
146234,P,2001-05-14,19285,10,22.91,5.85,,
146235,P,2002-08-13,53876,9,48.51,9.44,,
146236,P,2000-02-05,56748,6,34.81,5.46,,
146237,P,2000-04-04,37291,2,11.68,4.96,,
146238,P,2001-03-07,95390,10,2.53,9.52,,
146239,P,2002-06-27,8317,3,65.19,3.67,,
146240,P,2001-10-22,46319,2,17.54,8.60,,
146241,P,2000-02-25,43460,2,46.32,6.84,,
146242,P,2000-12-19,59955,5,36.65,3.30,,
146243,P,2000-12-13,44572,6,92.16,2.27,,
146244,P,2001-05-29,38843,9,54.95,2.66,,
146245,P,2000-01-30,17257,6,80.27,0.05,,
146246,P,2001-10-12,78366,3,82.21,7.75,,
146247,P,2001-08-11,23443,5,87.05,7.41,,
146248,P,2001-11-18,38653,3,78.89,2.65,,
146249,P,2000-10-12,71800,9,46.26,0.75,,
146250,P,2000-08-28,90028,2,15.85,0.89,,
146251,P,2002-02-18,35491,8,33.52,6.67,,
146252,P,2001-05-26,34039,3,25.76,1.32,,
146253,P,2001-04-26,46329,3,86.79,6.48,,
146254,P,2001-12-03,27574,2,92.66,1.60,,
146255,P,2000-04-25,1985,7,74.94,7.88,,
146256,P,2000-02-18,79208,2,29.14,1.39,,
146257,P,2001-11-10,29679,2,17.31,5.52,,
146258,P,2001-11-04,55180,9,82.81,7.50,,
146259,P,2001-11-25,28731,3,61.22,8.42,,
146260,P,2002-02-08,19191,1,31.95,0.16,,
146261,P,2000-05-20,77087,4,38.75,9.81,,
146262,P,2000-01-13,4281,10,22.12,1.21,,
146263,P,2000-05-28,81922,7,52.77,0.70,,
146264,P,2001-08-14,81946,10,53.60,1.78,,
146265,P,2001-10-18,22323,2,18.07,2.64,,
146266,P,2002-06-11,25166,5,27.47,0.76,,
146267,P,2001-02-25,83152,9,17.76,7.24,,
146268,P,2000-04-20,23085,9,57.75,5.95,,
146269,P,2002-01-02,43502,8,16.51,0.26,,
146270,P,2001-04-22,42559,3,5.17,3.29,,
146271,P,2000-08-09,28528,5,63.78,9.84,,
146272,P,2002-02-03,54180,10,72.68,1.86,,
146273,P,2000-05-14,26647,7,84.23,7.21,,
146274,P,2000-11-04,80081,2,54.13,7.22,,
146275,P,2000-07-29,45594,1,75.42,8.93,,
146276,P,2000-05-21,55768,10,2.49,4.50,,
146277,P,2001-03-03,78693,4,26.48,8.32,,
146278,P,2000-12-14,65317,1,89.87,4.59,,
146279,P,2000-12-16,5730,5,63.18,9.73,,
146280,P,2000-02-28,65198,4,36.64,7.11,,
146281,P,2002-07-12,37007,1,75.16,0.48,,
146282,P,2002-09-03,75054,10,99.13,6.58,,
146283,P,2000-03-01,99704,2,85.54,7.78,,
146284,P,2000-06-22,31074,2,7.15,5.77,,
146285,P,2002-03-09,17501,9,76.34,6.97,,
146286,P,2001-04-24,11826,2,93.31,7.13,,
146287,P,2001-07-29,26744,10,72.20,6.53,,
146288,P,2002-09-03,17976,8,4.34,1.20,,
146289,P,2001-08-27,119,3,14.61,2.53,,
146290,P,2001-09-26,18518,4,96.65,2.78,,
146291,P,2000-06-28,68027,1,77.68,4.49,,
146292,P,2000-02-12,24655,4,61.47,7.44,,
146293,P,2001-12-05,86177,6,5.86,4.90,,
146294,P,2000-02-11,52817,10,43.12,8.52,,
146295,P,2000-09-20,32164,6,63.68,2.95,,
146296,P,2002-06-28,2698,7,27.29,1.43,,
146297,P,2000-01-21,60782,5,85.63,4.80,,
146298,P,2000-03-17,14814,7,11.08,7.41,,
146299,P,2000-12-19,99003,6,39.20,8.28,,
146300,P,2000-04-23,2380,5,38.92,0.42,,
146301,P,2002-05-17,37141,8,80.04,6.43,,
146302,P,2000-09-26,27920,2,67.57,3.73,,
146303,P,2001-08-18,81045,7,48.69,6.54,,
146304,P,2001-04-26,7943,10,85.23,5.17,,
146305,P,2001-04-22,99515,10,70.90,3.23,,
146306,P,2001-12-21,70990,8,47.05,6.57,,
146307,P,2001-02-16,3764,1,19.75,8.72,,
146308,P,2002-04-04,54611,9,38.88,4.03,,
146309,P,2000-01-10,12329,4,7.65,3.15,,
146310,P,2002-04-29,16874,7,57.05,3.67,,
146311,P,2001-09-27,59041,4,10.58,1.21,,
146312,P,2002-05-23,38988,6,82.62,1.21,,
146313,P,2000-06-06,1261,7,48.65,7.72,,
146314,P,2002-06-01,50615,4,62.20,3.19,,
146315,P,2000-12-01,71436,2,2.72,9.00,,
146316,P,2000-05-17,81620,6,98.99,1.14,,
146317,P,2000-02-08,14639,3,95.71,9.19,,
146318,P,2001-10-13,84534,10,81.53,0.12,,
146319,P,2000-12-17,83914,1,93.29,8.65,,
146320,P,2000-07-08,46788,8,44.13,0.97,,
146321,P,2001-06-19,3050,9,21.47,0.59,,
146322,P,2001-06-11,89056,4,62.33,4.22,,
146323,P,2000-04-13,26320,10,58.34,9.95,,
146324,P,2000-07-01,5862,8,14.82,5.82,,
146325,P,2000-05-24,32526,10,7.06,3.81,,
146326,P,2002-05-13,35716,2,59.41,9.90,,
146327,P,2000-05-04,60060,6,49.10,5.66,,
146328,P,2002-08-12,74881,2,33.26,8.08,,
146329,P,2000-04-12,48941,7,91.15,1.18,,
146330,P,2001-11-29,12579,5,4.42,9.96,,
146331,P,2000-10-06,41235,5,21.13,7.09,,
146332,P,2000-04-26,62126,4,32.20,9.67,,
146333,P,2001-08-12,25480,3,93.22,7.66,,
146334,P,2001-08-30,83193,10,46.09,4.17,,
146335,P,2001-07-23,2897,10,68.17,8.08,,
146336,P,2000-06-19,98695,5,87.45,7.94,,
146337,P,2000-04-10,31218,4,51.06,8.87,,
146338,P,2000-10-31,14574,7,60.15,4.83,,
146339,P,2001-10-07,63906,8,7.85,5.71,,
146340,P,2000-09-17,22017,4,25.55,5.17,,
146341,P,2001-06-18,59846,5,15.87,9.89,,
146342,P,2000-08-26,16383,2,67.63,1.99,,
146343,P,2000-12-22,87124,10,86.02,1.56,,
146344,P,2000-11-24,6824,5,64.92,1.71,,
146345,P,2002-06-06,71604,3,91.43,6.81,,
146346,P,2000-10-13,61329,4,92.22,5.49,,
146347,P,2000-09-02,59850,7,18.09,5.12,,
146348,P,2001-04-02,50157,3,22.83,6.83,,
146349,P,2001-03-24,71090,8,89.38,5.02,,
146350,P,2000-07-29,55108,8,73.88,8.65,,
146351,P,2001-12-16,42825,5,55.82,8.81,,
146352,P,2001-10-25,32100,5,26.33,0.47,,
146353,P,2001-09-26,75422,5,0.99,8.63,,
146354,P,2000-11-22,42784,9,66.90,2.61,,
146355,P,2000-01-24,1944,5,98.90,1.21,,
146356,P,2000-07-16,80714,10,98.62,5.04,,
146357,P,2000-10-31,96859,1,92.53,6.63,,
146358,P,2000-04-27,55507,6,24.27,0.43,,
146359,P,2001-11-28,62069,9,46.52,9.60,,
146360,P,2000-11-06,23506,1,75.69,0.83,,
146361,P,2002-08-09,93421,1,22.64,8.21,,
146362,P,2001-10-06,75908,9,66.70,2.71,,
146363,P,2002-09-27,32513,4,42.98,5.62,,
146364,P,2001-05-26,70573,9,45.48,4.55,,
146365,P,2000-08-23,16029,8,37.53,2.21,,
146366,P,2000-05-26,24627,8,56.92,8.47,,
146367,P,2002-08-06,53158,1,50.90,5.51,,
146368,P,2001-07-18,82022,1,15.42,6.22,,
146369,P,2001-11-03,75299,9,35.11,5.64,,
146370,P,2001-11-14,6827,10,39.48,3.41,,
146371,P,2000-05-29,55641,3,20.09,5.91,,
146372,P,2000-10-29,39112,4,61.55,2.36,,
146373,P,2001-06-20,93740,10,89.14,9.62,,
146374,P,2000-02-05,43146,8,24.10,1.08,,
146375,P,2002-08-10,51383,4,57.12,6.88,,
146376,P,2002-03-29,80933,8,46.47,2.89,,
146377,P,2001-08-10,31901,5,75.23,1.68,,
146378,P,2000-09-11,26116,7,69.51,4.97,,
146379,P,2002-07-07,11169,9,98.11,1.44,,
146380,P,2001-11-16,21101,2,68.55,9.51,,
146381,P,2002-06-01,70695,6,56.45,1.73,,
146382,P,2001-09-11,3336,10,94.48,4.58,,
146383,P,2002-04-22,57581,4,70.73,5.73,,
146384,P,2001-08-10,4723,9,69.53,9.40,,
146385,P,2000-04-27,57605,2,42.67,3.98,,
146386,P,2001-10-15,39694,2,15.21,4.04,,
146387,P,2001-01-09,15738,4,23.87,6.07,,
146388,P,2000-10-11,32719,4,9.28,0.34,,
146389,P,2001-03-29,71180,9,99.94,7.56,,
146390,P,2001-12-31,40791,5,85.66,0.35,,
146391,P,2000-08-17,60816,4,80.26,8.07,,
146392,P,2002-09-11,5998,5,69.15,2.36,,
146393,P,2001-08-01,16476,9,0.06,7.23,,
146394,P,2001-08-31,45714,1,77.94,9.75,,
146395,P,2001-04-29,12865,2,42.31,6.08,,
146396,P,2001-07-29,88859,5,70.02,3.82,,
146397,P,2000-10-28,7773,7,64.35,4.44,,
146398,P,2000-04-19,88022,6,39.67,9.08,,
146399,P,2001-03-06,37007,6,82.65,5.13,,
146400,P,2001-12-04,93939,9,8.93,5.75,,
146401,P,2000-12-19,15778,4,94.78,0.28,,
146402,P,2001-09-25,56892,10,42.40,9.33,,
146403,P,2001-06-13,62621,6,32.94,9.17,,
146404,P,2000-03-22,59776,9,10.52,3.60,,
146405,P,2001-11-04,64276,6,92.12,2.58,,
146406,P,2000-11-12,35555,3,0.78,7.72,,
146407,P,2001-08-23,83200,10,75.55,0.72,,
146408,P,2000-07-24,17916,10,8.20,5.67,,
146409,P,2001-08-17,20555,5,12.03,6.30,,
146410,P,2002-05-06,18362,7,72.52,4.42,,
146411,P,2002-02-01,22499,3,87.27,3.50,,
146412,P,2001-12-11,6730,2,12.27,8.88,,
146413,P,2000-07-17,87328,5,81.43,5.48,,
146414,P,2002-03-02,8467,9,70.37,4.91,,
146415,P,2001-04-03,48722,2,86.90,2.49,,
146416,P,2000-11-25,55723,5,98.49,4.95,,
146417,P,2000-08-15,35874,4,8.11,3.10,,
146418,P,2001-11-04,78642,9,85.77,1.79,,
146419,P,2000-09-30,32289,9,6.05,6.62,,
146420,P,2001-09-09,29721,9,26.75,7.19,,
146421,P,2000-10-04,2520,3,74.48,5.41,,
146422,P,2000-11-20,73380,4,6.17,8.61,,
146423,P,2001-11-07,46731,9,34.92,3.06,,
146424,P,2000-01-19,75629,2,3.57,7.74,,
146425,P,2000-08-25,8125,3,22.67,9.38,,
146426,P,2000-11-03,84859,6,24.48,5.53,,
146427,P,2001-12-12,58141,5,16.90,0.43,,
146428,P,2002-08-27,55271,7,99.40,3.68,,
146429,P,2001-05-10,22911,9,37.54,5.98,,
146430,P,2002-08-22,11341,4,37.61,9.84,,
146431,P,2001-09-21,64421,1,44.42,6.15,,
146432,P,2001-04-23,33760,2,6.04,0.83,,
146433,P,2001-03-21,1202,8,10.29,1.59,,
146434,P,2001-02-12,16288,6,3.36,7.95,,
146435,P,2001-03-10,43947,6,48.02,6.90,,
146436,P,2000-10-26,49521,5,8.97,4.67,,
146437,P,2000-10-16,36266,3,9.37,4.57,,
146438,P,2000-07-06,79584,3,67.71,6.38,,
146439,P,2001-04-06,75242,5,26.44,2.97,,
146440,P,2002-09-12,64038,3,27.78,4.57,,
146441,P,2002-03-28,22687,3,36.00,4.11,,
146442,P,2001-09-08,96022,8,34.41,9.78,,
146443,P,2000-10-25,62437,5,30.97,3.19,,
146444,P,2001-08-16,26917,10,22.61,7.45,,
146445,P,2000-06-06,66517,4,80.94,9.35,,
146446,P,2000-03-26,27532,4,0.93,6.50,,
146447,P,2000-05-07,83875,10,46.50,5.29,,
146448,P,2002-07-27,82838,3,56.85,5.62,,
146449,P,2001-09-04,60733,3,62.49,4.32,,
146450,P,2002-09-21,40568,1,11.13,3.85,,
146451,P,2002-08-10,63001,3,32.21,3.20,,
146452,P,2000-10-09,76285,9,28.95,2.56,,
146453,P,2000-02-20,78418,8,30.48,6.21,,
146454,P,2001-08-15,35150,1,72.99,2.58,,
146455,P,2002-01-29,77007,10,19.95,4.73,,
146456,P,2001-12-08,46105,6,25.86,1.22,,
146457,P,2000-12-18,6569,10,63.43,4.67,,
146458,P,2001-08-25,87741,9,62.06,4.75,,
146459,P,2002-04-03,54315,2,60.66,0.58,,
146460,P,2001-10-03,32644,5,60.86,5.25,,
146461,P,2000-02-25,93915,1,87.33,6.42,,
146462,P,2001-08-02,95476,6,89.79,2.33,,
146463,P,2002-06-15,52662,6,29.21,3.54,,
146464,P,2000-12-18,45439,5,88.55,5.18,,
146465,P,2000-06-05,39383,6,75.82,2.87,,
146466,P,2002-06-08,10477,3,25.94,7.44,,
146467,P,2001-12-10,5536,2,1.04,4.39,,
146468,P,2001-05-01,73781,7,69.38,9.83,,
146469,P,2000-12-21,41089,10,41.58,6.32,,
146470,P,2001-06-08,44473,2,1.82,7.73,,
146471,P,2000-05-12,58927,6,76.33,0.68,,
146472,P,2000-01-31,32917,2,26.04,9.16,,
146473,P,2002-01-11,80670,5,46.75,6.42,,
146474,P,2001-11-11,76384,3,25.77,8.89,,
146475,P,2000-04-01,53677,1,82.66,5.37,,
146476,P,2001-01-12,15048,3,62.03,8.37,,
146477,P,2002-07-24,81353,4,87.29,2.19,,
146478,P,2002-03-08,85000,10,43.80,1.38,,
146479,P,2000-07-07,59028,8,49.97,3.47,,
146480,P,2000-08-08,20936,6,53.38,7.17,,
146481,P,2002-03-05,52,10,49.37,1.75,,
146482,P,2001-10-17,9025,7,58.94,2.42,,
146483,P,2000-05-08,82157,4,94.23,5.35,,
146484,P,2001-02-11,69990,5,21.98,6.06,,
146485,P,2000-02-28,88794,7,22.55,1.08,,
146486,P,2002-05-21,69062,6,60.38,7.42,,
146487,P,2000-01-06,83978,7,79.29,1.01,,
146488,P,2002-03-12,98061,2,10.41,8.52,,
146489,P,2000-06-20,90190,4,89.18,2.87,,
146490,P,2002-03-26,98445,6,27.07,8.58,,
146491,P,2000-05-05,17597,10,6.68,7.04,,
146492,P,2002-04-05,44173,1,57.50,8.96,,
146493,P,2001-06-23,12664,2,18.53,3.97,,
146494,P,2000-12-01,95645,5,55.33,5.88,,
146495,P,2001-09-28,59744,5,57.38,5.87,,
146496,P,2001-05-23,40029,6,27.25,6.30,,
146497,P,2001-12-25,17569,2,13.96,9.39,,
146498,P,2002-05-29,547,2,16.61,8.99,,
146499,P,2001-11-10,87842,4,32.75,2.60,,
146500,P,2000-05-22,89835,4,14.88,6.34,,
146501,P,2000-05-05,20538,1,12.97,7.69,,
146502,P,2002-05-07,34134,10,93.30,2.21,,
146503,P,2000-10-09,50416,8,82.24,2.06,,
146504,P,2001-11-16,55131,9,15.08,2.69,,
146505,P,2001-02-14,77142,2,43.40,9.03,,
146506,P,2002-02-12,10758,6,26.52,2.87,,
146507,P,2000-03-12,44432,4,31.38,0.49,,
146508,P,2000-11-06,74214,3,75.37,9.41,,
146509,P,2001-03-04,93642,10,31.81,9.27,,
146510,P,2001-08-08,71492,2,84.59,5.50,,
146511,P,2002-03-02,69812,4,30.33,3.46,,
146512,P,2000-01-07,62687,8,13.32,6.02,,
146513,P,2001-12-21,16362,1,60.40,4.46,,
146514,P,2000-10-04,85468,5,32.21,6.82,,
146515,P,2000-04-19,22887,7,74.56,0.87,,
146516,P,2000-07-13,33129,4,35.28,7.01,,
146517,P,2001-05-30,49732,5,97.74,2.39,,
146518,P,2000-11-11,50029,1,56.34,8.90,,
146519,P,2002-02-25,53212,5,51.66,8.39,,
146520,P,2002-06-28,75878,5,91.70,9.66,,
146521,P,2001-02-09,9656,6,39.16,0.95,,
146522,P,2002-02-25,84804,7,91.45,9.32,,
146523,P,2001-04-22,78160,4,42.49,3.34,,
146524,P,2000-06-10,20904,2,75.23,0.45,,
146525,P,2001-12-30,6968,9,5.05,0.37,,
146526,P,2000-05-15,51792,1,3.79,5.63,,
146527,P,2001-08-16,21710,9,6.75,1.52,,
146528,P,2001-12-28,93869,4,80.70,1.48,,
146529,P,2002-09-04,49864,3,55.90,4.40,,
146530,P,2001-04-03,65654,6,55.85,8.25,,
146531,P,2001-12-06,93915,2,82.72,4.74,,
146532,P,2002-08-25,18381,9,2.75,0.08,,
146533,P,2000-03-26,52968,2,56.47,4.80,,
146534,P,2002-03-06,27340,10,72.89,1.71,,
146535,P,2001-04-12,93889,5,21.15,9.16,,
146536,P,2000-08-19,69182,7,54.68,6.38,,
146537,P,2002-06-30,86804,7,95.32,1.80,,
146538,P,2000-09-26,24948,8,1.09,4.13,,
146539,P,2002-05-24,19843,1,34.05,6.95,,
146540,P,2001-01-05,87010,4,79.58,7.81,,
146541,P,2000-01-18,37733,9,90.36,9.50,,
146542,P,2000-06-05,23900,9,99.51,8.72,,
146543,P,2000-04-05,4867,3,1.41,4.30,,
146544,P,2001-07-17,36345,2,27.37,1.97,,
146545,P,2001-11-29,42363,1,27.56,2.12,,
146546,P,2002-07-01,28239,3,78.03,8.09,,
146547,P,2001-07-04,31403,4,60.92,2.33,,
146548,P,2000-01-12,60587,9,24.93,4.21,,
146549,P,2002-09-10,74518,9,30.72,6.84,,
146550,P,2001-01-27,18349,9,24.15,4.76,,
146551,P,2001-07-04,37244,6,0.88,5.72,,
146552,P,2001-05-30,46078,7,75.58,1.24,,
146553,P,2001-06-24,90888,3,34.05,5.57,,
146554,P,2000-03-31,87662,3,38.22,0.41,,
146555,P,2001-10-10,328,7,34.53,4.12,,
146556,P,2001-10-11,30381,4,31.28,9.61,,
146557,P,2001-10-11,39430,2,27.32,0.51,,
146558,P,2001-04-29,73589,7,5.29,5.93,,
146559,P,2000-05-08,86919,2,50.53,2.14,,
146560,P,2000-08-23,86392,5,24.48,4.06,,
146561,P,2000-07-10,30723,2,6.26,2.32,,
146562,P,2002-01-30,16008,7,53.61,4.20,,
146563,P,2002-03-11,10391,3,26.37,9.62,,
146564,P,2002-05-31,90929,2,44.38,2.19,,
146565,P,2000-10-02,89609,7,27.17,5.42,,
146566,P,2001-04-09,26315,5,89.10,5.17,,
146567,P,2002-05-24,28165,4,27.55,5.96,,
146568,P,2002-01-11,33029,6,18.48,6.34,,
146569,P,2000-11-16,35334,6,51.81,5.11,,
146570,P,2000-03-28,76926,8,61.52,4.25,,
146571,P,2000-04-05,71575,6,6.74,8.77,,
146572,P,2001-09-24,46344,8,49.68,6.15,,
146573,P,2001-04-10,27183,7,67.44,3.35,,
146574,P,2000-11-16,56919,3,94.86,6.18,,
146575,P,2001-12-02,53345,8,26.27,3.66,,
146576,P,2002-05-31,96956,10,81.25,3.83,,
146577,P,2000-11-16,28938,9,8.19,1.47,,
146578,P,2001-07-15,46059,1,38.45,9.06,,
146579,P,2001-09-21,41788,8,89.81,3.03,,
146580,P,2000-01-02,22183,6,10.25,1.77,,
146581,P,2000-11-08,88121,1,38.10,4.34,,
146582,P,2001-09-14,62501,10,96.41,4.31,,
146583,P,2001-02-22,97137,4,38.39,1.22,,
146584,P,2001-08-22,72550,5,58.81,1.72,,
146585,P,2000-01-10,65508,1,86.69,6.99,,
146586,P,2001-09-05,19976,5,23.75,8.77,,
146587,P,2001-01-08,65172,1,10.73,5.95,,
146588,P,2001-04-16,90018,6,32.44,9.53,,
146589,P,2000-12-09,19373,2,1.07,5.22,,
146590,P,2001-08-06,71755,6,75.06,2.10,,
146591,P,2000-10-05,32680,2,14.08,8.76,,
146592,P,2001-12-27,63487,1,60.47,4.32,,
146593,P,2002-02-18,55254,7,41.26,3.62,,
146594,P,2001-11-08,3372,3,38.70,1.21,,
146595,P,2001-10-19,41512,9,89.24,0.91,,
146596,P,2001-08-02,38280,10,97.52,2.50,,
146597,P,2000-07-12,99127,5,4.21,8.69,,
146598,P,2000-04-15,65836,3,10.25,1.15,,
146599,P,2002-02-14,33440,8,97.69,0.98,,
146600,P,2000-04-18,45936,6,15.91,9.52,,
146601,P,2000-01-20,70476,10,58.10,6.50,,
146602,P,2002-07-21,91538,6,33.99,3.81,,
146603,P,2001-12-19,89200,8,37.23,8.98,,
146604,P,2002-05-05,27244,4,52.62,3.26,,
146605,P,2001-12-31,92060,4,23.71,2.71,,
146606,P,2001-08-14,83506,8,99.23,5.39,,
146607,P,2001-04-10,31942,2,54.48,6.64,,
146608,P,2000-09-01,68334,5,15.97,4.44,,
146609,P,2001-02-12,74801,5,16.52,4.85,,
146610,P,2000-10-30,49671,1,62.51,9.78,,
146611,P,2000-11-28,85587,4,63.85,5.65,,
146612,P,2000-06-04,72626,10,53.94,2.11,,
146613,P,2000-12-06,83647,6,43.49,6.69,,
146614,P,2000-12-24,66987,3,41.45,7.56,,
146615,P,2002-01-29,19693,8,94.30,8.21,,
146616,P,2002-07-19,30299,6,23.41,9.32,,
146617,P,2000-09-21,10417,3,73.20,9.12,,
146618,P,2000-12-22,2167,9,37.67,5.13,,
146619,P,2000-11-29,24478,1,36.58,7.53,,
146620,P,2000-01-16,4192,3,68.06,9.45,,
146621,P,2001-07-04,17187,4,98.15,9.10,,
146622,P,2000-03-20,98421,6,21.02,8.83,,
146623,P,2000-05-30,19987,5,45.54,6.16,,
146624,P,2001-09-27,96658,7,3.06,8.41,,
146625,P,2001-12-06,3688,4,70.74,4.62,,
146626,P,2001-06-24,20194,1,85.14,7.32,,
146627,P,2000-02-27,16197,1,63.63,1.22,,
146628,P,2000-10-22,35701,2,75.63,6.19,,
146629,P,2002-07-11,29516,5,4.40,7.03,,
146630,P,2002-07-03,55322,2,88.16,4.63,,
146631,P,2002-01-20,3998,10,75.25,0.45,,
146632,P,2001-03-08,31485,2,3.92,8.45,,
146633,P,2001-07-23,2016,4,95.19,8.33,,
146634,P,2000-03-27,32313,3,36.12,7.94,,
146635,P,2001-07-06,26969,10,97.81,3.70,,
146636,P,2000-04-22,91402,5,36.78,8.48,,
146637,P,2002-08-03,76538,5,17.95,2.15,,
146638,P,2000-01-16,37377,1,96.42,1.35,,
146639,P,2002-01-01,81267,1,43.99,6.06,,
146640,P,2000-02-25,52806,7,64.25,3.06,,
146641,P,2002-02-12,18880,8,92.76,1.49,,
146642,P,2000-09-11,14684,9,65.36,9.76,,
146643,P,2000-01-27,89449,3,55.37,6.77,,
146644,P,2000-02-13,59853,7,2.24,2.49,,
146645,P,2002-01-14,2504,10,81.94,3.96,,
146646,P,2000-04-07,59870,8,80.92,7.95,,
146647,P,2001-01-13,84175,7,40.68,9.48,,
146648,P,2001-05-27,81184,4,25.17,0.19,,
146649,P,2002-07-13,70413,5,64.04,8.34,,
146650,P,2002-05-31,64531,5,68.55,2.71,,
146651,P,2001-06-29,20220,9,47.24,2.74,,
146652,P,2002-09-26,91571,10,94.76,1.25,,
146653,P,2001-01-14,15573,10,49.05,1.72,,
146654,P,2002-02-19,87835,2,99.44,5.23,,
146655,P,2000-10-08,66220,8,59.43,2.25,,
146656,P,2002-03-13,79166,3,98.28,8.94,,
146657,P,2001-02-24,30544,5,61.58,8.67,,
146658,P,2002-06-03,62428,2,62.03,7.45,,
146659,P,2000-09-28,76862,10,11.83,0.94,,
146660,P,2000-08-31,65520,10,10.10,1.98,,
146661,P,2000-03-13,23239,3,74.98,5.36,,
146662,P,2000-04-08,35788,1,15.67,9.32,,
146663,P,2001-11-15,33481,4,26.44,9.22,,
146664,P,2000-07-04,44443,5,58.08,6.14,,
146665,P,2002-05-21,28560,5,52.22,1.23,,
146666,P,2001-09-05,33976,6,43.71,7.76,,
146667,P,2001-02-08,70880,2,92.03,9.05,,
146668,P,2001-05-03,25916,4,56.54,6.15,,
146669,P,2001-08-18,38282,9,24.87,3.77,,
146670,P,2001-06-13,54610,9,1.25,0.34,,
146671,P,2001-04-10,58491,6,56.95,1.43,,
146672,P,2002-04-04,2095,4,13.60,8.84,,
146673,P,2001-02-01,55736,6,23.38,5.04,,
146674,P,2002-03-06,7593,7,34.62,1.23,,
146675,P,2000-06-23,40048,6,74.44,7.55,,
146676,P,2001-04-19,95750,5,24.84,8.30,,
146677,P,2000-10-26,60651,2,65.34,4.98,,
146678,P,2002-07-04,95343,3,63.80,1.05,,
146679,P,2002-09-19,55924,3,83.57,4.84,,
146680,P,2000-09-02,85583,10,27.37,8.49,,
146681,P,2001-05-19,48208,2,97.11,1.60,,
146682,P,2001-03-25,2554,6,63.42,2.75,,
146683,P,2001-03-19,26366,6,54.62,5.57,,
146684,P,2001-05-11,30022,8,60.88,5.21,,
146685,P,2002-09-23,76223,9,24.71,3.70,,
146686,P,2002-03-09,63883,3,74.32,0.41,,
146687,P,2000-03-27,68802,9,2.45,4.34,,
146688,P,2001-08-06,93450,2,19.95,4.18,,
146689,P,2001-08-15,62504,1,95.12,4.56,,
146690,P,2000-11-19,38204,9,48.67,4.73,,
146691,P,2002-05-04,41451,7,3.82,1.00,,
146692,P,2000-11-18,86810,6,51.22,1.95,,
146693,P,2000-09-20,23748,1,27.33,8.10,,
146694,P,2000-05-23,74079,1,93.43,7.63,,
146695,P,2001-03-29,33849,7,42.62,9.92,,
146696,P,2002-02-06,86033,9,53.50,6.17,,
146697,P,2002-01-17,74544,2,16.80,2.27,,
146698,P,2000-01-17,34805,9,79.65,8.29,,
146699,P,2001-08-19,74116,3,18.86,8.24,,
146700,P,2001-07-27,94926,4,96.26,4.10,,
146701,P,2002-06-25,44999,10,34.44,8.54,,
146702,P,2001-04-03,89928,9,12.41,4.24,,
146703,P,2001-01-08,80123,2,38.96,1.81,,
146704,P,2002-01-17,65850,10,80.07,0.56,,
146705,P,2000-05-09,49439,6,24.33,1.01,,
146706,P,2000-05-29,694,9,22.35,8.54,,
146707,P,2000-09-10,74695,10,87.31,0.54,,
146708,P,2001-11-12,70407,3,5.36,3.11,,
146709,P,2000-04-30,37133,9,68.43,8.05,,
146710,P,2002-03-26,24989,9,73.92,0.72,,
146711,P,2002-09-10,54204,7,29.29,9.57,,
146712,P,2001-01-14,96443,3,90.41,2.71,,
146713,P,2000-12-22,15002,1,23.82,9.60,,
146714,P,2002-01-09,2477,7,9.35,7.21,,
146715,P,2001-04-05,65808,4,3.41,9.39,,
146716,P,2002-08-08,158,7,75.43,0.27,,
146717,P,2000-10-15,36917,5,11.62,5.92,,
146718,P,2000-04-28,31205,9,72.66,3.52,,
146719,P,2002-09-10,71688,8,42.62,7.68,,
146720,P,2000-11-13,75998,6,95.16,0.95,,
146721,P,2002-01-06,96835,8,11.08,8.84,,
146722,P,2001-08-23,93013,10,97.16,0.03,,
146723,P,2001-09-13,12269,3,42.01,7.41,,
146724,P,2000-09-12,64306,9,41.80,9.11,,
146725,P,2002-01-08,27688,6,99.20,3.04,,
146726,P,2000-12-21,87517,5,59.75,8.13,,
146727,P,2001-02-16,94463,8,43.95,9.15,,
146728,P,2001-02-16,83450,3,29.74,5.45,,
146729,P,2000-04-03,30289,1,1.37,8.87,,
146730,P,2001-04-30,56778,5,70.02,1.86,,
146731,P,2000-12-02,71297,1,29.06,4.48,,
146732,P,2000-05-23,16988,8,80.01,6.00,,
146733,P,2001-01-09,67197,4,59.27,8.01,,
146734,P,2000-09-17,57191,8,10.40,9.86,,
146735,P,2002-02-20,45830,6,81.16,3.79,,
146736,P,2001-12-17,26467,4,0.99,4.36,,
146737,P,2000-01-31,7757,3,26.39,9.72,,
146738,P,2000-09-24,90487,9,3.10,2.97,,
146739,P,2002-06-15,72892,1,86.79,4.76,,
146740,P,2002-01-10,87891,8,41.33,0.07,,
146741,P,2002-05-26,65119,6,48.29,4.10,,
146742,P,2000-06-01,39616,10,75.16,0.63,,
146743,P,2002-01-21,75035,8,75.36,2.61,,
146744,P,2001-07-19,97239,3,66.20,2.20,,
146745,P,2000-12-21,96360,3,44.80,6.40,,
146746,P,2000-11-02,91441,2,60.68,5.94,,
146747,P,2001-06-29,91209,8,16.31,6.87,,
146748,P,2001-06-14,58129,6,19.39,2.93,,
146749,P,2000-01-19,34835,7,82.44,0.43,,
146750,P,2000-01-30,46765,4,95.43,7.53,,
146751,P,2000-08-30,35970,10,90.51,8.93,,
146752,P,2002-06-07,47111,2,42.18,3.69,,
146753,P,2001-02-21,90144,9,90.14,2.50,,
146754,P,2001-08-27,39275,5,65.19,5.12,,
146755,P,2001-08-03,19919,3,34.93,1.79,,
146756,P,2000-06-01,52955,3,68.44,5.98,,
146757,P,2000-09-03,90066,3,39.35,9.90,,
146758,P,2001-06-18,1122,7,70.98,0.70,,
146759,P,2000-11-24,94119,8,72.18,7.10,,
146760,P,2001-10-19,76096,2,3.70,8.60,,
146761,P,2000-04-03,62861,5,25.79,3.36,,
146762,P,2002-08-08,68166,9,17.59,8.26,,
146763,P,2000-08-08,62436,6,57.64,1.33,,
146764,P,2001-01-22,48101,10,78.15,2.13,,
146765,P,2002-05-01,70253,6,49.83,4.47,,
146766,P,2002-06-30,91565,5,79.80,6.11,,
146767,P,2001-03-21,21727,6,71.63,2.40,,
146768,P,2002-06-10,99534,3,63.71,9.48,,
146769,P,2002-01-21,68612,10,1.13,8.63,,
146770,P,2000-07-31,5582,8,58.46,7.26,,
146771,P,2000-09-01,27467,3,19.91,8.64,,
146772,P,2000-10-08,46449,8,34.41,2.81,,
146773,P,2002-07-06,87163,8,78.91,3.45,,
146774,P,2001-03-29,18189,10,73.03,9.52,,
146775,P,2000-12-12,92507,9,39.77,0.86,,
146776,P,2000-11-12,51202,3,42.08,6.92,,
146777,P,2000-07-18,2331,7,27.70,2.84,,
146778,P,2001-07-16,76733,4,21.90,9.80,,
146779,P,2001-12-05,31514,2,21.64,6.22,,
146780,P,2000-04-03,44193,4,67.43,2.67,,
146781,P,2001-04-22,60362,7,51.17,6.81,,
146782,P,2001-07-16,89201,1,58.99,3.92,,
146783,P,2001-07-02,84123,8,60.93,9.64,,
146784,P,2001-07-19,45475,7,13.73,7.16,,
146785,P,2002-06-24,95640,9,53.41,2.99,,
146786,P,2002-01-28,4516,6,94.52,1.68,,
146787,P,2000-09-22,24257,6,59.71,3.06,,
146788,P,2002-03-18,39135,6,76.68,8.54,,
146789,P,2002-01-06,74472,10,64.49,7.63,,
146790,P,2000-05-26,39808,4,13.61,3.52,,
146791,P,2000-11-26,18221,10,1.60,8.58,,
146792,P,2001-04-26,80938,10,60.06,3.35,,
146793,P,2002-09-17,4227,8,69.90,5.16,,
146794,P,2001-10-25,22182,10,34.54,2.24,,
146795,P,2001-04-22,25470,3,9.90,9.15,,
146796,P,2002-02-09,38432,9,22.45,4.23,,
146797,P,2002-06-26,14070,2,88.20,5.90,,
146798,P,2001-05-31,7308,3,35.84,1.97,,
146799,P,2000-11-20,79364,5,13.92,2.20,,
146800,P,2001-02-08,44525,8,34.77,6.95,,
146801,P,2000-02-19,48766,8,56.98,8.15,,
146802,P,2002-04-04,27857,3,16.36,0.97,,
146803,P,2001-04-18,47943,3,80.60,5.58,,
146804,P,2000-03-16,46361,6,25.78,9.65,,
146805,P,2001-12-30,17127,7,23.74,4.41,,
146806,P,2000-12-26,96752,10,35.15,2.53,,
146807,P,2000-08-26,83696,10,64.21,4.67,,
146808,P,2000-10-05,9445,6,20.94,8.78,,
146809,P,2000-10-08,42936,7,29.98,2.07,,
146810,P,2001-01-22,34304,1,46.60,1.57,,
146811,P,2002-06-18,3080,5,81.74,0.20,,
146812,P,2001-02-08,40361,6,67.73,2.98,,
146813,P,2000-01-14,54811,4,41.13,6.25,,
146814,P,2000-11-05,20839,4,25.72,4.35,,
146815,P,2001-08-22,629,1,75.02,6.89,,
146816,P,2000-10-31,97787,3,35.36,0.61,,
146817,P,2001-02-20,74891,4,63.50,8.62,,
146818,P,2002-02-11,25450,1,3.70,2.94,,
146819,P,2002-09-05,90005,1,28.58,5.84,,
146820,P,2000-06-13,86790,8,85.84,8.33,,
146821,P,2002-04-26,54536,10,8.73,5.46,,
146822,P,2001-03-26,34319,8,40.56,2.61,,
146823,P,2000-12-15,53336,10,75.06,4.55,,
146824,P,2001-08-05,9983,9,91.34,6.51,,
146825,P,2001-05-08,40984,7,17.06,9.72,,
146826,P,2001-08-20,59608,2,89.26,4.57,,
146827,P,2001-11-23,74464,5,89.44,9.54,,
146828,P,2000-03-27,32276,1,46.91,9.18,,
146829,P,2001-09-09,55134,3,27.79,3.06,,
146830,P,2001-02-22,77829,3,45.15,9.31,,
146831,P,2000-07-13,51952,2,56.10,5.68,,
146832,P,2001-12-25,84629,9,5.18,1.77,,
146833,P,2000-04-17,70321,5,24.92,0.11,,
146834,P,2002-01-02,65468,6,67.12,7.81,,
146835,P,2001-02-15,40670,8,94.09,5.76,,
146836,P,2001-10-12,64218,9,36.91,9.28,,
146837,P,2000-01-28,72501,10,32.32,7.99,,
146838,P,2000-11-11,92675,7,90.24,2.32,,
146839,P,2001-04-20,50836,10,61.94,4.81,,
146840,P,2001-12-15,77934,6,86.98,8.12,,
146841,P,2000-10-18,89258,6,86.54,9.27,,
146842,P,2000-03-10,6480,1,14.67,3.37,,
146843,P,2002-07-01,84096,7,46.63,3.83,,
146844,P,2001-05-10,73788,10,46.95,5.13,,
146845,P,2000-08-09,47253,2,71.28,9.89,,
146846,P,2000-11-29,34070,6,11.27,2.02,,
146847,P,2001-10-25,34795,6,73.27,2.98,,
146848,P,2000-05-18,36194,5,69.41,4.93,,
146849,P,2000-11-21,6121,2,86.14,0.68,,
146850,P,2000-08-01,75139,2,54.51,4.77,,
146851,P,2000-12-19,94179,5,32.00,3.02,,
146852,P,2001-03-30,5528,5,3.89,1.94,,
146853,P,2001-08-12,61082,9,37.13,4.00,,
146854,P,2001-10-22,81892,10,67.69,1.30,,
146855,P,2001-10-07,17226,2,5.94,3.45,,
146856,P,2001-11-21,13094,7,71.00,1.20,,
146857,P,2001-05-09,90814,8,76.10,8.28,,
146858,P,2001-11-22,55362,4,40.58,5.42,,
146859,P,2001-05-18,68405,2,99.12,8.69,,
146860,P,2002-04-09,60502,4,64.25,8.43,,
146861,P,2001-12-31,74007,5,16.14,2.81,,
146862,P,2002-08-26,16326,6,51.83,4.68,,
146863,P,2002-07-31,87686,1,56.47,1.92,,
146864,P,2000-10-03,82712,4,84.54,3.97,,
146865,P,2001-08-03,50959,10,61.91,5.83,,
146866,P,2002-01-08,66086,5,58.97,1.39,,
146867,P,2001-05-21,16838,9,38.75,6.81,,
146868,P,2000-04-03,35104,8,0.74,1.72,,
146869,P,2000-02-27,39387,1,15.06,5.28,,
146870,P,2000-08-10,73304,10,5.55,7.62,,
146871,P,2002-01-09,39036,2,11.47,0.10,,
146872,P,2001-02-07,20157,4,45.03,3.06,,
146873,P,2001-11-06,72672,4,88.49,1.78,,
146874,P,2001-11-01,48239,6,22.20,6.67,,
146875,P,2002-05-18,36428,5,4.05,3.61,,
146876,P,2001-03-20,42906,7,74.08,1.25,,
146877,P,2001-08-09,68326,3,3.46,1.61,,
146878,P,2000-07-24,82896,4,24.36,8.43,,
146879,P,2001-07-16,51161,4,16.48,7.82,,
146880,P,2001-04-24,30417,9,34.39,8.00,,
146881,P,2001-05-25,83693,3,32.43,4.18,,
146882,P,2002-05-10,17286,9,94.02,9.76,,
146883,P,2000-10-25,16368,2,12.93,9.41,,
146884,P,2001-03-13,70865,9,79.76,6.47,,
146885,P,2000-11-30,37321,9,90.42,4.28,,
146886,P,2000-02-29,53704,8,67.32,7.58,,
146887,P,2001-09-13,82666,5,70.37,8.57,,
146888,P,2000-05-13,50548,2,92.36,2.82,,
146889,P,2000-08-15,44850,2,23.18,3.15,,
146890,P,2001-12-05,42562,5,34.53,4.26,,
146891,P,2002-06-04,31211,9,94.87,3.75,,
146892,P,2000-12-11,56845,8,61.86,3.51,,
146893,P,2002-01-29,59190,10,28.72,1.75,,
146894,P,2002-07-03,78539,1,65.97,2.87,,
146895,P,2001-04-12,33761,1,42.02,6.48,,
146896,P,2001-03-06,4925,8,78.89,9.85,,
146897,P,2001-05-27,39292,2,5.86,8.37,,
146898,P,2002-06-11,30989,8,80.39,3.12,,
146899,P,2001-12-19,29979,10,13.25,4.91,,
146900,P,2000-10-10,29592,4,88.95,7.56,,
146901,P,2002-05-03,78383,4,50.84,1.65,,
146902,P,2000-01-08,47780,10,62.80,4.17,,
146903,P,2002-09-18,64015,9,41.11,0.23,,
146904,P,2000-10-18,36111,10,23.82,4.18,,
146905,P,2000-07-19,61613,5,40.78,6.78,,
146906,P,2002-01-11,85984,6,94.51,0.70,,
146907,P,2002-06-24,20773,10,61.72,9.95,,
146908,P,2000-04-15,5466,9,30.32,2.47,,
146909,P,2000-06-29,38914,6,22.05,6.64,,
146910,P,2001-10-01,76813,4,38.72,4.13,,
146911,P,2002-06-23,76346,2,91.86,6.96,,
146912,P,2001-12-04,36713,8,15.89,5.75,,
146913,P,2001-06-09,92589,1,68.29,2.38,,
146914,P,2000-06-07,95560,7,57.83,1.71,,
146915,P,2000-04-10,50090,2,84.11,5.38,,
146916,P,2001-08-31,27236,3,44.28,6.71,,
146917,P,2001-11-09,22588,6,15.20,5.56,,
146918,P,2000-05-01,57364,5,75.81,9.51,,
146919,P,2000-09-14,47106,3,43.19,9.58,,
146920,P,2002-05-13,24258,3,78.32,4.21,,
146921,P,2000-12-10,53566,4,8.91,1.35,,
146922,P,2000-02-01,91349,2,57.14,3.36,,
146923,P,2002-09-23,75682,5,90.24,3.11,,
146924,P,2002-06-02,40711,10,12.05,3.13,,
146925,P,2001-04-08,5409,1,70.29,0.88,,
146926,P,2002-03-06,94977,8,72.61,6.74,,
146927,P,2001-07-03,73582,2,93.66,3.46,,
146928,P,2000-02-23,83694,7,59.21,5.94,,
146929,P,2000-02-03,70604,5,36.54,9.20,,
146930,P,2001-05-16,62912,1,93.53,0.07,,
146931,P,2002-03-19,72976,9,41.27,2.69,,
146932,P,2002-01-07,26367,1,18.88,2.02,,
146933,P,2002-07-13,1718,4,64.59,7.97,,
146934,P,2000-12-14,65884,8,18.58,2.17,,
146935,P,2001-03-27,19625,9,64.49,9.78,,
146936,P,2002-09-02,67991,6,48.93,3.23,,
146937,P,2002-08-11,31833,7,66.87,9.71,,
146938,P,2001-09-04,6693,2,24.99,9.81,,
146939,P,2000-05-09,87033,10,13.77,2.67,,
146940,P,2001-09-10,81343,1,29.98,2.04,,
146941,P,2000-09-22,5909,2,22.49,8.51,,
146942,P,2002-04-08,35558,1,10.46,1.25,,
146943,P,2001-04-13,83500,10,54.51,2.45,,
146944,P,2001-07-06,45667,9,5.54,2.68,,
146945,P,2000-11-16,6621,5,18.62,8.41,,
146946,P,2001-06-03,17509,2,65.74,5.27,,
146947,P,2000-02-10,29200,3,89.33,6.57,,
146948,P,2002-09-20,86262,3,35.18,3.15,,
146949,P,2000-08-01,26219,9,75.16,9.20,,
146950,P,2001-01-21,42321,4,59.59,3.15,,
146951,P,2001-08-09,60597,9,34.75,1.91,,
146952,P,2000-11-29,53521,3,54.67,6.00,,
146953,P,2001-02-05,23314,10,98.35,7.22,,
146954,P,2000-12-18,35470,5,57.46,0.53,,
146955,P,2001-09-24,42385,6,87.39,8.08,,
