288492,P,2002-05-05,2634,9,61.53,3.73,,
288493,P,2000-08-29,88117,4,57.65,5.44,,
288494,P,2001-02-28,79305,2,11.84,5.80,,
288495,P,2002-02-03,22300,8,75.64,3.32,,
288496,P,2001-01-11,88866,8,56.22,9.95,,
288497,P,2000-06-25,37916,6,89.06,4.58,,
288498,P,2002-09-13,29772,9,42.57,8.57,,
288499,P,2000-07-02,44398,9,36.21,0.64,,
288500,P,2000-10-07,6445,8,90.97,5.43,,
288501,P,2000-08-07,24857,1,79.08,3.00,,
288502,P,2002-06-06,54906,7,9.42,7.20,,
288503,P,2000-01-12,69660,7,0.12,1.26,,
288504,P,2000-02-05,6744,2,33.58,4.96,,
288505,P,2001-04-27,92556,5,58.97,6.82,,
288506,P,2001-04-24,34698,7,11.71,8.86,,
288507,P,2001-08-31,96622,9,70.28,9.03,,
288508,P,2002-05-04,89971,2,54.27,8.83,,
288509,P,2000-03-07,70178,3,13.91,9.54,,
288510,P,2001-12-21,71030,8,13.21,1.44,,
288511,P,2000-08-25,25220,8,39.60,1.20,,
288512,P,2001-03-05,35417,2,0.31,8.20,,
288513,P,2001-08-11,37123,6,56.88,4.61,,
288514,P,2001-01-05,35904,7,49.06,5.27,,
288515,P,2000-05-06,72097,3,78.83,3.66,,
288516,P,2001-12-27,24404,10,73.14,9.80,,
288517,P,2002-07-26,81344,3,40.35,1.60,,
288518,P,2002-07-21,59659,4,38.94,4.31,,
288519,P,2001-08-31,99531,7,18.02,2.00,,
288520,P,2001-10-05,5965,3,53.02,2.66,,
288521,P,2002-02-02,89709,10,21.05,9.30,,
288522,P,2000-04-18,784,7,40.88,3.71,,
288523,P,2001-03-10,7718,10,10.20,2.05,,
288524,P,2002-09-27,50334,1,17.94,4.26,,
288525,P,2000-06-05,65853,1,36.67,6.81,,
288526,P,2001-03-08,5443,2,64.39,6.16,,
288527,P,2001-04-13,74203,9,43.91,6.85,,
288528,P,2000-03-21,88112,6,28.28,0.09,,
288529,P,2001-09-17,83671,4,54.18,9.61,,
288530,P,2002-08-20,77145,9,5.57,3.24,,
288531,P,2001-11-19,95679,4,97.50,8.60,,
288532,P,2001-08-13,68940,1,60.27,8.60,,
288533,P,2002-09-04,22040,5,76.97,8.67,,
288534,P,2000-09-30,42798,6,24.43,2.36,,
288535,P,2001-06-24,27062,9,48.85,5.52,,
288536,P,2001-06-24,5994,4,19.34,3.67,,
288537,P,2002-08-12,59254,7,21.03,6.73,,
288538,P,2001-11-10,36356,4,91.55,9.83,,
288539,P,2001-02-24,89694,2,32.92,0.74,,
288540,P,2002-07-30,21634,2,93.22,7.08,,
288541,P,2001-05-02,43537,5,58.80,7.82,,
288542,P,2000-09-26,44378,10,65.13,4.98,,
288543,P,2002-09-16,57307,4,50.36,9.82,,
288544,P,2001-06-30,49018,4,58.46,7.07,,
288545,P,2002-08-05,9301,1,45.26,6.86,,
288546,P,2000-12-25,35326,10,69.53,3.74,,
288547,P,2000-10-18,98379,1,78.71,8.51,,
288548,P,2002-08-16,3470,7,38.90,1.21,,
288549,P,2002-06-07,97296,8,54.99,5.71,,
288550,P,2002-04-25,60209,7,17.81,3.47,,
288551,P,2002-03-01,74595,4,56.20,7.25,,
288552,P,2001-10-30,63858,10,42.13,3.18,,
288553,P,2002-05-14,46863,7,38.59,6.45,,
288554,P,2000-04-23,32329,2,12.84,0.88,,
288555,P,2001-01-31,27245,3,81.62,2.96,,
288556,P,2002-05-15,28368,1,78.24,6.40,,
288557,P,2000-09-16,64461,4,1.61,1.58,,
288558,P,2001-02-01,2958,8,17.11,2.97,,
288559,P,2002-08-23,92628,2,52.30,7.23,,
288560,P,2001-08-03,60803,1,62.99,2.44,,
288561,P,2002-01-19,91942,9,8.03,1.67,,
288562,P,2000-12-24,7965,1,16.54,0.33,,
288563,P,2000-12-23,38284,9,68.56,1.48,,
288564,P,2002-02-27,25105,6,87.80,8.18,,
288565,P,2000-09-02,88587,7,64.33,0.57,,
288566,P,2002-07-21,59750,5,11.05,8.29,,
288567,P,2001-01-16,96350,3,81.42,9.18,,
288568,P,2002-06-05,11257,2,62.65,1.46,,
288569,P,2001-11-01,33524,6,97.58,4.89,,
288570,P,2000-12-09,50320,4,19.88,2.00,,
288571,P,2000-06-07,63731,2,49.97,0.63,,
288572,P,2000-05-02,77973,10,99.48,0.25,,
288573,P,2001-03-09,26782,5,52.54,8.88,,
288574,P,2000-06-04,50610,5,72.19,8.10,,
288575,P,2000-12-16,50761,4,19.38,7.05,,
288576,P,2001-07-10,55008,1,76.10,9.53,,
288577,P,2002-01-20,6858,4,7.44,5.82,,
288578,P,2001-07-19,35718,2,66.50,9.69,,
288579,P,2000-02-28,66544,8,9.80,6.34,,
288580,P,2001-02-25,13991,5,5.87,2.78,,
288581,P,2002-04-05,67239,10,7.82,0.06,,
288582,P,2002-04-14,44599,9,74.26,2.06,,
288583,P,2002-07-03,65249,7,94.26,0.43,,
288584,P,2001-01-30,61038,2,9.56,3.46,,
288585,P,2002-07-26,61733,10,97.89,6.15,,
288586,P,2002-08-28,61114,2,63.19,4.12,,
288587,P,2000-07-27,27351,3,48.69,9.63,,
288588,P,2000-09-19,28594,8,92.43,3.12,,
288589,P,2001-11-17,50154,3,23.31,5.08,,
288590,P,2002-02-18,40452,6,29.55,8.33,,
288591,P,2000-09-02,28872,9,12.31,4.99,,
288592,P,2001-08-25,72512,5,59.83,6.96,,
288593,P,2001-01-04,73511,8,15.04,4.17,,
288594,P,2000-07-06,65134,9,20.38,4.85,,
288595,P,2001-11-07,70000,4,98.32,9.51,,
288596,P,2000-05-25,66126,7,73.89,0.67,,
288597,P,2001-03-01,74464,8,65.62,8.51,,
288598,P,2002-01-27,80789,1,32.73,5.84,,
288599,P,2002-07-02,24587,10,47.52,6.97,,
288600,P,2001-04-19,34112,8,78.73,9.54,,
288601,P,2000-01-14,8744,3,22.01,7.94,,
288602,P,2002-01-24,65790,10,65.34,0.17,,
288603,P,2000-05-02,70011,5,14.96,5.88,,
288604,P,2000-10-21,14177,5,71.51,9.38,,
288605,P,2002-06-04,56549,7,54.15,0.60,,
288606,P,2002-02-08,98842,6,58.76,6.33,,
288607,P,2001-08-26,26770,10,78.46,5.48,,
288608,P,2000-02-10,48604,8,16.68,0.98,,
288609,P,2001-05-15,39857,4,61.72,2.32,,
288610,P,2000-12-06,22837,4,30.73,0.04,,
288611,P,2001-04-10,81766,9,91.95,3.28,,
288612,P,2001-06-21,11365,2,56.55,5.09,,
288613,P,2002-02-08,75073,6,6.09,6.47,,
288614,P,2001-07-13,55814,2,24.06,8.75,,
288615,P,2001-09-28,55387,3,91.59,6.31,,
288616,P,2002-03-24,16213,10,47.70,3.69,,
288617,P,2000-10-09,15003,3,97.85,6.87,,
288618,P,2000-11-24,12210,1,37.66,0.78,,
288619,P,2000-08-15,53351,3,18.64,8.75,,
288620,P,2000-07-19,14425,8,87.97,4.53,,
288621,P,2001-01-05,85422,9,28.36,4.40,,
288622,P,2002-03-02,94346,1,4.07,6.77,,
288623,P,2000-11-15,85977,4,83.41,9.05,,
288624,P,2001-07-23,88016,10,7.32,3.50,,
288625,P,2001-07-01,38476,6,86.05,0.22,,
288626,P,2002-09-08,68553,5,97.18,3.96,,
288627,P,2002-02-21,39868,1,31.65,4.13,,
288628,P,2001-11-28,38166,10,21.58,8.33,,
288629,P,2001-03-12,13793,8,25.44,4.07,,
288630,P,2000-05-03,60585,9,7.86,3.66,,
288631,P,2000-10-19,93669,4,81.89,8.67,,
288632,P,2000-07-25,86423,8,24.50,4.81,,
288633,P,2002-02-05,91530,6,69.26,4.69,,
288634,P,2000-04-03,8928,2,68.02,9.99,,
288635,P,2000-08-09,45389,1,12.91,2.80,,
288636,P,2002-04-14,97384,2,11.29,3.39,,
288637,P,2001-10-26,49541,3,3.23,4.37,,
288638,P,2000-05-16,72100,7,41.86,0.71,,
288639,P,2000-12-28,6872,9,52.19,7.46,,
288640,P,2000-12-09,49443,10,1.31,1.98,,
288641,P,2001-12-29,56234,4,34.38,7.64,,
288642,P,2000-12-14,80723,5,33.52,7.30,,
288643,P,2000-11-05,53004,3,81.18,3.78,,
288644,P,2001-04-17,36927,3,1.34,0.68,,
288645,P,2001-11-08,12320,4,69.28,1.00,,
288646,P,2002-05-08,4639,4,88.16,5.41,,
288647,P,2001-08-07,16646,3,43.70,3.21,,
288648,P,2002-01-24,18110,9,65.71,2.74,,
288649,P,2000-06-15,51134,4,34.56,8.06,,
288650,P,2002-06-14,30610,4,52.11,4.60,,
288651,P,2000-09-04,22697,8,81.12,4.32,,
288652,P,2000-11-05,32496,10,83.30,0.82,,
288653,P,2000-01-15,56560,3,30.17,6.91,,
288654,P,2001-03-24,15579,7,32.66,5.25,,
288655,P,2001-10-26,6214,3,21.44,4.35,,
288656,P,2002-07-20,30245,2,90.55,6.75,,
288657,P,2002-06-01,44079,6,93.23,2.18,,
288658,P,2001-06-04,84642,6,16.83,1.24,,
288659,P,2001-12-07,32746,8,9.83,3.61,,
288660,P,2001-12-24,88634,3,28.05,6.65,,
288661,P,2001-12-15,47550,6,47.94,9.28,,
288662,P,2002-08-16,58780,10,35.40,2.08,,
288663,P,2001-07-22,9825,5,23.68,3.36,,
288664,P,2001-05-25,78541,6,78.30,0.28,,
288665,P,2001-04-26,41026,2,14.43,3.12,,
288666,P,2001-02-15,83387,3,99.87,0.29,,
288667,P,2000-10-19,43538,4,10.75,8.81,,
288668,P,2001-10-30,28416,1,83.67,1.35,,
288669,P,2000-07-23,94239,7,42.53,1.14,,
288670,P,2001-08-28,52060,10,73.30,4.86,,
288671,P,2001-05-11,17004,5,40.19,0.03,,
288672,P,2000-10-24,82122,8,24.07,7.02,,
288673,P,2001-03-23,96938,6,60.94,7.55,,
288674,P,2001-04-14,54207,6,67.24,6.71,,
288675,P,2002-09-24,55523,2,32.71,2.39,,
288676,P,2001-09-02,50359,2,60.58,6.87,,
288677,P,2001-03-12,67693,10,7.10,5.14,,
288678,P,2002-03-04,53577,2,17.33,3.66,,
288679,P,2001-12-02,71382,6,51.91,3.79,,
288680,P,2001-03-16,50143,8,39.22,1.25,,
288681,P,2001-03-19,48770,7,23.67,9.51,,
288682,P,2002-09-25,82531,9,28.82,7.78,,
288683,P,2000-07-13,55680,6,93.99,0.57,,
288684,P,2001-04-23,63599,3,73.21,7.90,,
288685,P,2002-03-26,9086,9,71.23,0.58,,
288686,P,2001-06-06,60303,1,29.68,2.27,,
288687,P,2001-06-28,53763,10,57.86,2.07,,
288688,P,2001-11-04,13451,1,77.98,3.00,,
288689,P,2000-06-03,80743,4,81.52,3.82,,
288690,P,2001-10-29,61112,9,42.80,0.55,,
288691,P,2002-02-26,4567,9,98.55,6.92,,
288692,P,2001-11-22,94064,5,15.37,9.80,,
288693,P,2001-05-08,14735,7,69.42,4.90,,
288694,P,2001-04-30,36034,3,91.35,9.17,,
288695,P,2000-02-28,63407,9,11.13,9.46,,
288696,P,2000-12-28,3377,2,6.64,7.72,,
288697,P,2002-06-19,99852,10,19.08,7.75,,
288698,P,2001-12-05,48585,3,16.47,9.90,,
288699,P,2001-06-13,22424,2,88.20,7.36,,
288700,P,2001-09-24,95808,2,16.41,5.95,,
288701,P,2001-07-22,82454,10,43.94,2.09,,
288702,P,2000-07-11,49074,3,30.33,3.82,,
288703,P,2001-09-22,31365,6,79.15,7.27,,
288704,P,2002-07-31,47075,8,47.49,4.35,,
288705,P,2001-07-19,34214,9,44.06,0.12,,
288706,P,2001-08-09,1788,5,18.65,9.37,,
288707,P,2001-11-15,98763,8,78.91,2.38,,
288708,P,2001-01-15,50092,3,44.39,7.21,,
288709,P,2001-06-12,19099,1,43.81,4.45,,
288710,P,2001-11-12,73572,2,63.45,9.07,,
288711,P,2001-09-27,86226,4,9.78,9.01,,
288712,P,2002-02-13,71423,7,87.35,7.62,,
288713,P,2000-05-10,66262,3,36.83,4.48,,
288714,P,2001-08-31,9374,8,17.87,1.81,,
288715,P,2002-04-26,19582,5,21.36,6.54,,
288716,P,2000-09-23,51683,3,79.85,2.43,,
288717,P,2002-06-15,99213,9,17.74,5.54,,
288718,P,2000-01-13,49557,1,27.78,8.88,,
288719,P,2001-03-06,19436,10,16.62,7.65,,
288720,P,2000-12-10,44118,8,6.12,3.27,,
288721,P,2000-08-08,74563,4,13.93,1.10,,
288722,P,2002-01-24,44124,8,98.90,2.49,,
288723,P,2001-02-26,40997,3,20.76,7.89,,
288724,P,2001-08-17,3367,1,61.55,2.74,,
288725,P,2001-08-07,95648,7,37.68,3.66,,
288726,P,2001-09-26,68523,3,73.86,4.83,,
288727,P,2002-06-27,35348,7,74.67,5.18,,
288728,P,2001-06-30,59217,2,17.31,9.01,,
288729,P,2002-07-24,21986,9,35.17,3.05,,
288730,P,2000-06-10,62814,2,63.98,8.69,,
288731,P,2001-03-19,65020,4,23.62,2.30,,
288732,P,2000-07-08,95185,6,4.01,8.59,,
288733,P,2000-05-01,13784,5,10.77,9.68,,
288734,P,2002-04-10,2884,3,11.59,0.90,,
288735,P,2002-02-12,49767,5,62.70,8.05,,
288736,P,2002-05-26,47200,1,20.34,8.31,,
288737,P,2001-05-10,90386,4,1.26,1.77,,
288738,P,2001-02-11,53719,7,98.98,5.08,,
288739,P,2000-04-21,46954,1,37.82,9.77,,
288740,P,2001-04-01,82410,3,42.10,1.47,,
288741,P,2000-04-30,11931,9,53.15,1.67,,
288742,P,2001-05-25,34310,2,64.38,0.16,,
288743,P,2000-03-01,95051,3,35.62,5.38,,
288744,P,2000-09-01,82483,8,82.00,6.41,,
288745,P,2001-05-31,89303,4,95.53,9.71,,
288746,P,2001-10-19,89490,3,18.71,5.82,,
288747,P,2001-10-08,99218,10,57.43,3.73,,
288748,P,2000-03-21,3308,3,88.11,5.29,,
288749,P,2001-11-08,79538,3,8.38,9.93,,
288750,P,2002-06-27,91949,8,22.80,0.59,,
288751,P,2002-06-11,54576,2,57.37,7.20,,
288752,P,2001-10-15,19786,7,72.81,2.16,,
288753,P,2001-09-22,90893,7,89.74,0.68,,
288754,P,2002-06-05,96922,10,54.28,6.35,,
288755,P,2001-08-22,89881,6,30.52,4.79,,
288756,P,2002-01-21,75635,4,6.37,9.00,,
288757,P,2000-06-15,86655,6,6.82,5.93,,
288758,P,2002-08-13,88668,2,26.31,9.27,,
288759,P,2000-04-09,53258,2,63.65,5.02,,
288760,P,2000-05-17,79382,9,42.06,3.35,,
288761,P,2000-01-24,26589,2,5.93,3.53,,
288762,P,2002-06-17,66814,4,21.30,9.01,,
288763,P,2001-03-12,35696,5,43.62,2.90,,
288764,P,2000-04-26,54903,5,69.71,9.26,,
288765,P,2000-08-06,43136,3,74.46,4.10,,
288766,P,2001-04-13,87152,10,47.19,5.06,,
288767,P,2001-05-22,30988,8,34.78,7.48,,
288768,P,2000-06-02,83556,8,60.99,2.84,,
288769,P,2000-09-04,92913,1,98.28,5.16,,
288770,P,2000-09-06,7957,2,62.40,6.89,,
288771,P,2000-03-22,47926,2,16.08,6.64,,
288772,P,2000-06-29,71630,10,94.21,2.41,,
288773,P,2001-10-24,27957,2,66.78,5.60,,
288774,P,2000-09-08,92417,3,85.94,8.34,,
288775,P,2001-01-04,15148,7,81.00,5.21,,
288776,P,2002-08-31,50707,2,76.96,8.27,,
288777,P,2000-01-01,79350,2,29.47,6.29,,
288778,P,2000-06-20,18600,8,62.73,3.46,,
288779,P,2001-12-14,98742,6,88.14,3.44,,
288780,P,2000-01-03,30991,1,91.74,4.85,,
288781,P,2000-12-23,60862,3,36.98,1.00,,
288782,P,2000-09-08,11762,7,26.72,9.38,,
288783,P,2001-07-10,6109,9,92.55,0.55,,
288784,P,2000-07-26,53951,9,48.14,6.26,,
288785,P,2002-04-22,605,4,88.40,5.29,,
288786,P,2001-02-03,47118,8,14.86,5.98,,
288787,P,2001-12-30,84872,1,99.09,8.39,,
288788,P,2000-06-27,33603,1,73.34,3.73,,
288789,P,2002-04-30,63007,10,60.83,2.30,,
288790,P,2001-06-19,72284,6,32.17,4.30,,
288791,P,2002-05-10,63717,9,1.16,8.83,,
288792,P,2000-05-02,16582,9,54.90,5.89,,
288793,P,2002-04-12,60886,2,82.71,3.74,,
288794,P,2002-08-20,25884,1,42.24,0.01,,
288795,P,2000-06-12,12782,7,66.39,1.82,,
288796,P,2001-01-22,75956,6,21.32,5.81,,
288797,P,2000-05-05,56557,4,4.95,9.87,,
288798,P,2001-04-26,61907,1,51.81,5.46,,
288799,P,2000-05-09,12531,8,24.13,0.30,,
288800,P,2002-08-08,61000,7,82.34,3.42,,
288801,P,2000-05-05,44646,5,81.89,4.49,,
288802,P,2001-07-16,82396,5,71.91,7.53,,
288803,P,2002-03-10,97202,3,80.47,8.89,,
288804,P,2002-04-09,55032,3,11.58,5.25,,
288805,P,2001-12-15,74829,2,25.80,5.39,,
288806,P,2001-07-23,23002,10,16.38,2.16,,
288807,P,2002-02-06,46687,3,1.25,2.25,,
288808,P,2001-03-18,95090,1,32.82,7.92,,
288809,P,2000-04-29,17558,4,50.28,3.02,,
288810,P,2001-03-20,35247,5,52.67,0.38,,
288811,P,2000-09-15,26299,2,42.48,0.02,,
288812,P,2001-11-23,78856,7,62.64,3.95,,
288813,P,2001-12-16,75687,5,63.16,2.40,,
288814,P,2001-08-23,8368,1,84.81,7.41,,
288815,P,2001-08-28,55728,1,4.81,3.51,,
288816,P,2001-05-02,57128,4,34.79,2.83,,
288817,P,2002-01-28,501,6,11.50,4.98,,
288818,P,2001-10-24,54595,2,52.61,8.40,,
288819,P,2001-04-02,4170,7,3.50,8.00,,
288820,P,2001-08-15,58942,9,54.62,5.00,,
288821,P,2002-09-19,43684,2,37.83,2.62,,
288822,P,2000-12-11,15803,6,88.17,5.88,,
288823,P,2001-02-27,84777,9,39.54,9.56,,
288824,P,2002-09-11,3191,10,1.61,2.26,,
288825,P,2000-01-17,76749,6,86.61,9.03,,
288826,P,2001-04-16,18190,9,90.73,9.16,,
288827,P,2002-07-16,43069,1,97.52,2.95,,
288828,P,2001-01-09,89692,5,7.28,5.70,,
288829,P,2000-09-11,93432,1,19.38,7.53,,
288830,P,2000-12-16,5802,4,27.14,7.95,,
288831,P,2000-08-15,34832,7,21.52,1.04,,
288832,P,2001-08-16,23943,7,96.70,9.95,,
288833,P,2000-02-23,45801,7,85.18,5.30,,
288834,P,2000-08-17,92271,3,93.10,1.62,,
288835,P,2001-05-20,86583,4,92.67,2.73,,
288836,P,2001-08-04,36745,3,46.98,6.23,,
288837,P,2001-06-14,29649,10,94.40,3.49,,
288838,P,2000-06-07,32758,3,87.35,5.72,,
288839,P,2001-05-12,72069,9,27.52,5.09,,
288840,P,2002-02-20,7424,10,56.97,7.57,,
288841,P,2001-10-29,44217,10,8.64,2.23,,
288842,P,2001-01-31,73274,6,60.86,5.43,,
288843,P,2001-12-02,86030,1,77.67,8.15,,
288844,P,2001-12-27,74281,10,93.27,1.88,,
288845,P,2000-11-12,78140,3,9.11,1.60,,
288846,P,2001-09-07,299,8,39.34,3.44,,
288847,P,2000-05-05,69693,4,50.53,5.18,,
288848,P,2000-12-29,95558,10,65.37,5.55,,
288849,P,2000-11-18,6367,2,45.03,5.75,,
288850,P,2000-02-14,32038,3,75.73,7.18,,
288851,P,2001-05-01,16672,6,54.52,5.28,,
288852,P,2000-12-29,29392,10,44.56,7.94,,
288853,P,2002-02-02,2533,5,86.47,2.21,,
288854,P,2002-05-17,31715,3,2.08,4.34,,
288855,P,2000-07-19,60393,2,36.82,3.75,,
288856,P,2002-01-24,36959,1,93.16,6.53,,
288857,P,2002-06-18,97535,3,96.34,9.99,,
288858,P,2002-01-01,87859,1,69.05,2.41,,
288859,P,2000-07-10,94484,2,50.68,8.18,,
288860,P,2002-08-31,89630,3,42.26,0.50,,
288861,P,2000-03-22,31404,8,82.83,8.27,,
288862,P,2001-09-05,54905,1,48.07,3.95,,
288863,P,2001-05-09,32046,7,11.90,4.11,,
288864,P,2001-05-07,47459,10,21.34,6.55,,
288865,P,2000-05-08,44377,9,2.01,4.50,,
288866,P,2001-02-11,62307,9,46.43,7.82,,
288867,P,2002-04-14,98403,10,49.41,7.61,,
288868,P,2001-02-20,34361,10,20.39,1.52,,
288869,P,2000-04-01,67178,8,49.26,4.43,,
288870,P,2000-12-21,27166,2,62.75,3.28,,
288871,P,2001-05-08,49544,1,60.61,9.99,,
288872,P,2001-06-27,63253,9,98.81,6.15,,
288873,P,2000-06-05,45066,2,87.90,7.77,,
288874,P,2002-09-26,84946,3,59.65,5.52,,
288875,P,2000-05-07,32021,5,87.56,3.95,,
288876,P,2002-04-06,35245,2,6.83,4.27,,
288877,P,2001-12-20,23256,7,67.35,3.84,,
288878,P,2001-06-02,45748,2,9.08,4.70,,
288879,P,2002-07-20,83075,7,87.80,6.13,,
288880,P,2002-02-01,13587,9,41.62,6.05,,
288881,P,2000-02-08,63586,9,22.55,7.36,,
288882,P,2000-07-28,74074,3,82.71,2.74,,
288883,P,2000-02-29,48672,4,0.50,2.99,,
288884,P,2001-10-21,90624,1,81.29,4.85,,
288885,P,2002-05-23,14853,8,71.63,4.07,,
288886,P,2001-07-01,30522,8,8.20,6.94,,
288887,P,2000-07-11,99445,6,6.21,0.51,,
288888,P,2000-04-16,67484,5,56.19,4.16,,
288889,P,2000-11-24,19258,9,98.18,2.42,,
288890,P,2001-06-07,99497,6,26.65,1.54,,
288891,P,2000-06-01,68933,1,89.27,6.38,,
288892,P,2002-07-29,64909,4,19.75,2.33,,
288893,P,2001-01-29,43248,10,25.66,1.07,,
288894,P,2001-05-20,44695,4,61.68,7.75,,
288895,P,2001-08-19,37129,1,12.98,4.01,,
288896,P,2000-04-14,61403,8,10.64,4.56,,
288897,P,2002-04-13,7733,9,8.13,3.57,,
288898,P,2002-01-18,9635,9,57.27,3.68,,
288899,P,2000-01-21,72896,4,10.97,8.46,,
288900,P,2002-06-23,87246,10,99.78,7.73,,
288901,P,2000-02-16,26501,5,68.20,2.50,,
288902,P,2001-05-28,28977,5,98.33,8.98,,
288903,P,2001-03-09,50309,10,35.71,3.41,,
288904,P,2002-05-01,65249,7,3.85,1.67,,
288905,P,2001-06-12,53437,3,87.14,4.04,,
288906,P,2000-02-01,87792,5,37.72,2.66,,
288907,P,2002-08-23,97034,10,22.89,3.71,,
288908,P,2001-02-05,43150,10,4.71,7.42,,
288909,P,2000-12-29,7337,4,64.29,5.16,,
288910,P,2000-03-08,8306,3,98.89,9.12,,
288911,P,2002-05-08,4750,5,91.89,0.14,,
288912,P,2001-06-30,12281,9,85.35,8.37,,
288913,P,2002-09-21,93168,10,12.59,4.28,,
288914,P,2001-10-26,98084,10,37.51,1.17,,
288915,P,2000-08-15,63830,4,12.08,8.49,,
288916,P,2000-06-13,99571,7,31.28,9.02,,
288917,P,2000-12-04,13111,9,83.02,2.24,,
288918,P,2000-08-14,59254,8,9.99,3.41,,
288919,P,2001-08-18,18884,10,44.27,1.47,,
288920,P,2002-09-21,5357,5,77.96,6.96,,
288921,P,2002-01-30,61800,5,75.45,1.02,,
288922,P,2000-07-21,2531,8,30.74,9.36,,
288923,P,2001-02-15,55130,1,44.50,0.93,,
288924,P,2000-10-07,39562,5,60.25,0.57,,
288925,P,2000-12-20,84141,4,15.52,2.17,,
288926,P,2002-07-23,43449,10,6.52,5.87,,
288927,P,2000-03-27,81618,6,33.31,2.92,,
288928,P,2001-06-14,62724,10,44.46,6.40,,
288929,P,2000-10-14,21699,5,52.57,1.66,,
288930,P,2002-06-19,92227,5,18.82,4.01,,
288931,P,2002-05-01,14028,8,49.12,6.88,,
288932,P,2002-08-08,54214,7,72.99,9.14,,
288933,P,2002-04-02,59673,8,47.31,7.43,,
288934,P,2002-08-22,83986,4,22.06,6.63,,
288935,P,2002-01-28,72324,5,62.39,8.80,,
288936,P,2001-12-18,72753,9,18.86,8.83,,
288937,P,2001-03-31,83791,7,69.29,3.26,,
288938,P,2000-04-13,13885,7,73.66,9.93,,
288939,P,2002-04-21,67594,6,15.58,2.74,,
288940,P,2000-09-15,6087,3,26.83,8.80,,
288941,P,2002-04-28,24033,3,2.41,0.83,,
288942,P,2001-08-21,2115,1,39.61,9.23,,
288943,P,2002-01-27,35597,7,16.46,1.35,,
288944,P,2000-11-25,38532,7,82.70,1.02,,
288945,P,2001-12-02,19290,4,78.15,5.92,,
288946,P,2000-02-09,1916,2,59.03,4.45,,
288947,P,2000-08-23,44266,8,8.60,7.32,,
288948,P,2000-09-13,3314,1,77.76,8.29,,
288949,P,2001-12-29,3657,9,66.68,6.09,,
288950,P,2000-02-14,26890,5,43.82,5.93,,
288951,P,2000-09-18,2689,4,84.73,2.93,,
288952,P,2000-12-24,88991,6,15.52,7.48,,
288953,P,2000-03-02,54796,2,96.55,9.66,,
288954,P,2001-07-03,80547,1,13.37,4.31,,
288955,P,2000-11-16,34567,9,61.06,7.67,,
288956,P,2001-02-27,13211,10,77.62,1.94,,
288957,P,2000-07-31,47566,8,96.07,8.93,,
288958,P,2002-02-05,80341,3,92.00,1.68,,
288959,P,2000-03-16,39320,2,51.18,8.16,,
288960,P,2001-08-02,5960,8,13.05,4.19,,
288961,P,2000-02-13,78130,7,76.16,3.14,,
288962,P,2000-08-17,64823,5,71.09,9.95,,
288963,P,2000-06-04,32919,3,31.02,2.83,,
288964,P,2002-08-28,89240,5,66.79,5.12,,
288965,P,2000-12-20,52900,1,54.62,2.37,,
288966,P,2002-05-06,35609,9,91.46,9.26,,
288967,P,2002-07-01,13648,9,14.69,7.92,,
288968,P,2002-06-17,11125,7,32.28,6.45,,
288969,P,2001-08-19,744,9,16.50,5.58,,
288970,P,2002-05-11,62629,1,39.24,3.42,,
288971,P,2000-09-01,33828,9,89.34,1.33,,
288972,P,2001-07-22,70578,6,54.52,4.42,,
288973,P,2001-11-22,69569,6,91.41,8.28,,
288974,P,2002-01-15,16892,4,5.53,2.84,,
288975,P,2001-03-13,78398,8,34.02,6.99,,
288976,P,2000-10-28,3933,6,73.09,3.63,,
288977,P,2002-07-19,29866,7,20.66,2.93,,
288978,P,2001-10-15,72283,3,29.28,8.97,,
288979,P,2002-01-28,61530,5,49.57,6.94,,
288980,P,2001-12-02,36149,6,28.61,7.67,,
288981,P,2001-05-25,70078,5,27.23,4.80,,
288982,P,2000-08-03,1108,10,73.61,5.04,,
288983,P,2000-11-30,11902,2,38.27,9.49,,
288984,P,2001-03-12,39287,7,10.70,9.70,,
288985,P,2000-05-05,94186,8,71.11,0.88,,
288986,P,2001-08-28,89038,8,84.71,8.48,,
288987,P,2001-04-23,4621,2,75.36,4.60,,
288988,P,2000-05-25,60158,9,48.53,8.35,,
288989,P,2001-09-26,59237,9,59.02,1.71,,
288990,P,2000-02-23,37628,7,47.47,5.99,,
288991,P,2002-03-15,19334,2,14.97,9.56,,
288992,P,2002-09-14,7783,8,46.08,5.11,,
288993,P,2000-01-01,80006,3,53.76,2.01,,
288994,P,2002-03-22,89550,7,91.48,1.61,,
288995,P,2001-08-07,97871,8,45.14,4.96,,
288996,P,2002-03-12,69927,7,16.56,1.84,,
288997,P,2000-07-14,7544,3,89.43,2.64,,
288998,P,2000-03-16,2759,7,90.15,0.73,,
288999,P,2002-06-24,83441,2,79.55,2.90,,
289000,P,2001-04-27,61947,8,97.81,4.05,,
289001,P,2000-01-09,73591,2,63.75,9.34,,
289002,P,2000-05-20,76807,10,6.72,6.42,,
289003,P,2000-04-08,49237,5,94.88,1.75,,
289004,P,2000-08-11,19573,9,39.04,8.90,,
289005,P,2000-03-19,12214,6,78.36,8.71,,
289006,P,2002-04-14,32642,8,53.18,9.21,,
289007,P,2001-06-23,65452,9,98.02,8.04,,
289008,P,2000-08-08,40047,6,8.62,4.17,,
289009,P,2000-04-14,58554,9,25.81,3.84,,
289010,P,2001-02-01,26794,2,54.62,5.03,,
289011,P,2002-06-11,95305,7,69.87,2.08,,
289012,P,2001-02-20,21166,4,43.06,4.82,,
289013,P,2000-12-14,80035,1,54.69,0.05,,
289014,P,2000-02-06,79072,10,30.45,1.88,,
289015,P,2000-07-27,11616,9,37.20,2.74,,
289016,P,2000-02-19,17835,2,27.13,9.84,,
289017,P,2001-09-28,64055,5,44.48,5.04,,
289018,P,2001-08-02,37459,10,74.23,9.74,,
289019,P,2000-06-20,1694,2,80.16,4.11,,
289020,P,2002-09-04,9199,4,5.47,2.27,,
289021,P,2000-07-16,34571,10,99.33,6.87,,
289022,P,2001-08-10,52618,3,4.36,3.75,,
289023,P,2002-05-08,71868,9,28.49,9.95,,
289024,P,2000-10-04,29475,4,31.92,6.44,,
289025,P,2000-10-23,16462,1,33.31,0.06,,
289026,P,2000-05-12,13390,9,26.10,9.68,,
289027,P,2000-12-20,37158,5,42.08,1.12,,
289028,P,2000-01-12,40578,3,28.98,8.86,,
289029,P,2000-09-19,18083,10,19.80,1.01,,
289030,P,2000-08-30,95912,4,43.57,4.68,,
289031,P,2002-05-04,70306,10,35.62,0.75,,
289032,P,2000-10-08,37898,5,54.55,3.85,,
289033,P,2002-06-14,60822,7,49.66,0.89,,
289034,P,2001-12-01,38004,9,61.87,8.27,,
289035,P,2001-08-16,69768,9,21.90,8.07,,
289036,P,2002-05-04,35840,7,80.91,1.25,,
289037,P,2001-04-21,21171,9,13.46,4.51,,
289038,P,2002-01-05,76711,8,7.27,8.01,,
289039,P,2002-05-12,51570,4,62.94,9.28,,
289040,P,2002-09-09,12778,9,15.63,9.52,,
289041,P,2001-12-18,55460,2,49.22,9.84,,
289042,P,2002-01-18,80870,9,60.48,7.01,,
289043,P,2000-03-18,45949,5,9.56,2.29,,
289044,P,2002-03-12,5336,7,9.56,8.57,,
289045,P,2001-02-05,50610,2,11.54,3.11,,
289046,P,2001-01-18,51830,8,47.54,9.41,,
289047,P,2000-05-29,91905,5,99.52,8.27,,
289048,P,2002-05-15,43544,8,9.64,3.80,,
289049,P,2001-06-14,13978,4,43.91,5.55,,
289050,P,2000-08-20,76814,2,85.55,2.30,,
289051,P,2002-05-11,26279,6,48.12,4.67,,
289052,P,2000-05-20,12996,7,79.31,4.68,,
289053,P,2000-03-08,6550,4,14.50,2.76,,
289054,P,2000-03-30,40935,9,80.31,4.75,,
289055,P,2001-03-23,10946,8,34.05,6.47,,
289056,P,2002-05-30,72681,9,39.37,2.49,,
289057,P,2001-08-10,79578,10,41.03,7.50,,
289058,P,2000-09-27,60515,4,4.65,2.12,,
289059,P,2000-05-07,18700,5,40.21,2.44,,
289060,P,2000-09-24,59132,5,90.89,1.90,,
289061,P,2000-06-26,39380,5,31.66,6.82,,
289062,P,2000-09-26,84706,10,44.71,6.52,,
289063,P,2000-09-14,18041,1,38.28,6.77,,
289064,P,2001-07-01,57331,7,8.03,8.09,,
289065,P,2000-02-26,93488,7,15.86,4.46,,
289066,P,2000-04-01,22078,4,68.35,9.41,,
289067,P,2002-01-03,56458,9,64.93,1.72,,
289068,P,2001-02-15,53646,5,29.85,9.36,,
289069,P,2001-06-18,66146,5,18.70,5.91,,
289070,P,2002-08-10,19177,4,74.52,9.70,,
289071,P,2002-03-19,3612,5,9.15,3.93,,
289072,P,2002-08-03,92690,1,7.21,9.35,,
289073,P,2000-03-01,24641,9,24.10,2.86,,
289074,P,2002-02-01,41788,6,70.51,2.27,,
289075,P,2001-09-02,37676,9,30.15,3.11,,
289076,P,2001-12-06,79557,10,81.52,3.97,,
289077,P,2001-01-04,41267,10,55.13,8.90,,
289078,P,2002-07-29,82237,9,6.26,4.13,,
289079,P,2000-11-26,73577,5,96.19,7.44,,
289080,P,2002-08-05,75955,6,46.82,9.32,,
289081,P,2002-05-01,97527,8,24.99,1.86,,
289082,P,2000-10-27,39504,5,4.60,3.53,,
289083,P,2002-03-28,67350,2,89.17,6.27,,
289084,P,2001-10-11,21366,10,20.34,4.47,,
289085,P,2002-05-08,53236,7,81.43,6.22,,
289086,P,2001-07-31,33570,4,70.64,1.76,,
289087,P,2002-01-28,46145,7,8.71,7.63,,
289088,P,2002-05-16,49978,9,97.74,6.92,,
289089,P,2001-06-06,39289,4,97.27,7.23,,
289090,P,2000-10-30,58518,6,56.25,9.23,,
289091,P,2002-09-16,92689,8,55.62,9.52,,
289092,P,2001-07-21,90138,6,44.36,6.72,,
289093,P,2000-12-21,86357,8,68.78,3.13,,
289094,P,2000-08-04,27222,6,84.95,5.68,,
289095,P,2002-06-27,58718,3,42.79,4.59,,
289096,P,2001-03-23,54747,9,35.88,4.29,,
289097,P,2001-03-17,56555,4,42.41,5.41,,
289098,P,2002-03-13,82388,8,26.69,9.51,,
289099,P,2000-11-22,62510,1,94.34,9.91,,
289100,P,2002-08-10,36572,6,21.95,0.16,,
289101,P,2001-11-01,81534,7,56.08,2.29,,
289102,P,2000-11-30,88212,8,53.00,1.35,,
289103,P,2002-07-22,82991,6,17.67,0.82,,
289104,P,2000-07-27,4205,3,99.55,8.01,,
289105,P,2002-02-16,21580,2,30.12,2.35,,
289106,P,2001-01-19,46979,3,22.26,3.81,,
289107,P,2002-05-09,99729,4,18.85,0.18,,
289108,P,2001-05-23,21121,4,90.67,1.99,,
289109,P,2000-05-31,17635,5,40.03,8.96,,
289110,P,2001-09-23,426,8,58.67,6.83,,
289111,P,2000-05-29,18776,4,11.42,2.69,,
289112,P,2000-08-10,59473,1,98.42,7.62,,
289113,P,2001-05-03,18012,2,23.96,1.98,,
289114,P,2001-08-05,79924,2,31.71,5.60,,
289115,P,2002-09-12,62166,9,97.16,0.01,,
289116,P,2002-03-02,94002,8,11.55,5.29,,
289117,P,2000-09-04,20544,1,98.36,1.14,,
289118,P,2001-10-12,20203,2,71.63,4.35,,
289119,P,2001-09-01,630,9,84.43,6.04,,
289120,P,2001-04-03,37442,4,28.49,5.11,,
289121,P,2000-10-09,44251,4,9.53,8.96,,
289122,P,2000-10-09,63280,4,86.97,0.80,,
289123,P,2001-09-26,13583,10,83.45,2.25,,
289124,P,2002-03-15,87122,9,6.81,2.34,,
289125,P,2001-10-14,49886,1,2.99,5.26,,
289126,P,2001-02-01,12090,6,84.12,7.88,,
289127,P,2000-05-31,12984,3,15.88,8.80,,
289128,P,2002-02-17,24126,10,41.20,8.96,,
289129,P,2002-01-17,59162,10,80.49,2.79,,
289130,P,2002-05-11,63020,3,85.44,3.72,,
289131,P,2000-02-29,18342,4,9.26,4.36,,
289132,P,2001-07-26,83247,5,94.20,5.83,,
289133,P,2002-05-28,65055,4,19.76,9.30,,
289134,P,2000-05-02,29344,3,52.96,9.28,,
289135,P,2000-03-14,37817,8,99.12,4.62,,
289136,P,2000-12-19,53848,9,9.71,1.39,,
289137,P,2001-08-10,85730,10,31.08,2.09,,
289138,P,2001-04-12,22275,10,58.00,8.96,,
289139,P,2001-09-07,27390,3,70.63,0.36,,
289140,P,2001-07-04,26954,6,11.30,2.20,,
289141,P,2001-09-30,78459,5,84.01,9.68,,
289142,P,2001-05-19,68317,7,23.08,2.10,,
289143,P,2002-03-18,79017,4,69.13,0.57,,
289144,P,2000-11-18,85502,5,84.15,9.60,,
289145,P,2000-04-07,93032,10,25.28,9.45,,
289146,P,2000-02-19,50144,2,26.24,9.45,,
289147,P,2002-01-19,9494,8,46.56,7.74,,
289148,P,2000-07-08,32430,1,66.16,1.64,,
289149,P,2001-02-19,77354,5,44.75,3.88,,
289150,P,2002-05-15,17650,9,94.05,0.88,,
289151,P,2000-02-09,19795,2,54.15,0.26,,
289152,P,2002-02-17,78707,5,0.91,7.35,,
289153,P,2001-06-25,13453,7,48.39,7.30,,
289154,P,2000-02-12,45787,7,16.93,5.91,,
289155,P,2000-11-28,6653,9,89.32,5.40,,
289156,P,2002-09-26,42502,2,42.97,1.56,,
289157,P,2001-07-08,27584,9,20.91,2.83,,
289158,P,2002-07-01,51883,7,92.64,5.77,,
289159,P,2000-07-29,308,9,89.02,1.80,,
289160,P,2002-03-20,40272,10,62.38,6.17,,
289161,P,2000-10-15,19111,6,68.31,0.67,,
289162,P,2001-06-08,69280,3,79.84,2.85,,
289163,P,2001-03-19,40805,3,26.24,0.31,,
289164,P,2002-03-24,47131,2,40.95,3.11,,
289165,P,2000-01-19,45356,4,91.20,0.34,,
289166,P,2002-07-05,67170,10,90.55,1.86,,
289167,P,2001-07-18,89268,8,82.38,8.84,,
289168,P,2001-10-12,34401,6,99.28,4.69,,
289169,P,2001-04-06,33993,10,8.32,9.76,,
289170,P,2001-09-03,45391,8,11.88,6.48,,
289171,P,2002-04-18,59825,8,10.60,6.14,,
289172,P,2001-04-08,57662,7,8.18,8.09,,
289173,P,2000-12-02,84633,8,67.00,0.81,,
289174,P,2001-12-08,15138,9,73.59,1.26,,
289175,P,2000-04-22,56295,10,59.03,1.65,,
289176,P,2002-07-18,86565,6,30.34,7.39,,
289177,P,2001-06-24,943,6,44.60,2.72,,
289178,P,2001-12-03,70317,8,42.27,3.27,,
289179,P,2001-05-24,883,7,99.00,7.99,,
289180,P,2001-04-11,92390,4,93.04,0.16,,
289181,P,2001-05-04,24831,7,82.66,8.29,,
289182,P,2000-04-02,32726,5,82.83,4.51,,
289183,P,2002-02-22,94997,7,49.63,4.12,,
289184,P,2000-05-09,48435,5,67.71,4.78,,
289185,P,2001-10-06,1502,8,95.77,9.60,,
289186,P,2002-06-17,26226,3,57.36,7.23,,
289187,P,2002-04-17,21061,5,66.10,1.07,,
289188,P,2002-05-31,60915,6,10.58,5.78,,
289189,P,2000-11-20,80150,10,85.07,6.67,,
289190,P,2000-12-24,15514,1,69.01,2.80,,
289191,P,2002-01-03,17555,2,13.45,7.13,,
289192,P,2000-08-23,90972,9,89.99,9.59,,
289193,P,2002-04-26,32227,8,84.25,1.49,,
289194,P,2001-01-30,42979,3,14.77,9.42,,
289195,P,2002-05-20,58194,2,40.70,1.84,,
289196,P,2002-06-09,7665,6,90.72,1.41,,
289197,P,2000-06-28,62325,6,34.18,5.20,,
289198,P,2002-04-23,1639,10,64.65,4.72,,
289199,P,2001-12-01,51776,10,71.42,5.38,,
289200,P,2002-05-01,22384,9,27.91,3.27,,
289201,P,2001-06-05,55119,10,73.09,8.85,,
289202,P,2001-03-08,56423,8,80.98,6.11,,
289203,P,2002-09-09,86209,6,53.16,8.05,,
289204,P,2001-07-25,88223,9,2.72,9.08,,
289205,P,2001-11-17,8394,8,44.04,0.50,,
289206,P,2001-04-15,97845,1,69.91,3.74,,
289207,P,2001-01-24,94895,1,12.43,1.37,,
289208,P,2001-07-18,24559,9,74.77,8.44,,
289209,P,2000-06-07,53693,1,12.27,2.06,,
289210,P,2001-05-25,89348,7,62.76,9.76,,
289211,P,2001-10-04,67116,7,16.31,4.83,,
289212,P,2002-02-26,46970,5,42.86,4.12,,
289213,P,2001-05-16,82037,4,39.40,3.44,,
289214,P,2002-06-20,8633,7,8.52,8.95,,
289215,P,2001-06-16,75984,1,70.56,7.18,,
289216,P,2001-10-12,12635,1,5.52,4.97,,
289217,P,2002-01-20,9679,5,61.80,2.68,,
289218,P,2001-10-09,83353,1,79.49,1.94,,
289219,P,2001-04-03,33383,2,9.86,3.31,,
289220,P,2002-05-21,95681,8,51.08,6.68,,
289221,P,2002-04-05,49679,6,2.63,4.86,,
289222,P,2001-01-03,69122,4,85.03,5.12,,
289223,P,2001-01-31,98993,1,85.92,2.09,,
289224,P,2001-05-01,8742,2,28.23,9.83,,
289225,P,2002-01-23,3101,10,11.42,1.92,,
289226,P,2000-03-29,80495,9,21.48,1.62,,
289227,P,2002-07-20,89432,5,7.12,7.74,,
289228,P,2000-11-06,13256,7,54.02,6.73,,
289229,P,2000-04-27,48843,8,97.48,1.42,,
289230,P,2002-04-03,31703,2,45.64,0.31,,
289231,P,2002-02-08,39106,2,19.37,1.42,,
289232,P,2001-06-16,75290,7,10.01,7.78,,
289233,P,2000-11-03,85456,8,7.47,1.55,,
289234,P,2001-12-16,53671,1,61.74,7.36,,
289235,P,2001-08-15,40811,3,93.82,1.45,,
289236,P,2001-03-13,69511,8,6.60,1.24,,
289237,P,2001-08-18,96454,3,86.68,9.54,,
289238,P,2000-10-25,67059,7,73.89,4.78,,
289239,P,2000-02-19,82252,1,63.85,8.31,,
289240,P,2001-06-26,30235,7,24.66,9.99,,
289241,P,2000-03-13,53355,3,36.58,7.50,,
289242,P,2002-07-29,34656,3,8.41,2.53,,
289243,P,2001-10-21,45718,10,13.00,4.09,,
289244,P,2000-11-23,81776,5,88.81,3.93,,
289245,P,2002-03-02,95274,9,50.27,6.22,,
289246,P,2001-09-13,74038,9,19.54,4.99,,
289247,P,2002-05-13,88904,6,76.46,5.77,,
289248,P,2001-12-08,15290,5,35.01,7.56,,
289249,P,2000-11-06,7120,9,39.64,1.59,,
289250,P,2001-03-08,44694,2,79.56,2.38,,
289251,P,2000-01-17,52751,9,94.70,3.77,,
289252,P,2001-12-01,56347,3,82.11,9.49,,
289253,P,2000-05-01,45576,2,73.54,5.36,,
289254,P,2000-06-06,81338,5,19.91,1.94,,
289255,P,2001-08-06,46201,2,62.39,2.42,,
289256,P,2002-03-11,93757,8,58.45,5.02,,
289257,P,2001-06-04,85284,2,64.72,8.02,,
289258,P,2000-07-11,9776,2,33.23,2.22,,
289259,P,2000-09-03,35412,5,14.22,4.16,,
289260,P,2002-02-25,84032,10,34.94,9.63,,
289261,P,2000-04-18,69383,8,50.11,0.78,,
289262,P,2001-03-09,68460,10,59.07,5.97,,
289263,P,2001-12-13,46043,8,81.15,7.77,,
289264,P,2000-06-29,11451,7,79.42,6.82,,
289265,P,2001-05-17,68109,5,79.18,2.37,,
289266,P,2001-11-27,55625,3,31.13,7.39,,
289267,P,2000-11-28,68087,2,53.66,0.76,,
289268,P,2001-06-17,77411,4,13.44,0.34,,
289269,P,2002-06-10,65321,9,10.98,4.31,,
289270,P,2000-07-10,58308,5,22.10,7.59,,
289271,P,2002-07-21,84986,9,34.44,3.27,,
289272,P,2002-02-14,2976,9,23.41,1.49,,
289273,P,2001-05-20,14040,7,47.11,6.23,,
289274,P,2001-05-20,98134,6,94.54,2.42,,
289275,P,2002-03-23,68773,4,92.19,2.95,,
289276,P,2000-10-17,9771,7,57.45,6.04,,
289277,P,2002-05-15,31109,5,86.16,1.18,,
289278,P,2001-02-09,49388,5,9.30,9.45,,
289279,P,2002-04-11,12666,4,80.03,2.20,,
289280,P,2001-05-05,74549,4,9.71,9.72,,
289281,P,2002-05-01,61761,7,71.37,5.40,,
289282,P,2002-03-02,4764,7,80.41,1.41,,
289283,P,2001-02-24,11965,10,33.95,9.12,,
289284,P,2001-12-22,39873,9,33.88,4.90,,
289285,P,2000-07-06,73649,9,95.91,3.54,,
289286,P,2002-08-06,45579,10,87.12,9.10,,
289287,P,2000-06-10,14150,5,71.32,4.16,,
289288,P,2001-01-26,20387,8,44.10,0.29,,
289289,P,2000-08-08,69170,8,3.14,8.29,,
289290,P,2000-07-22,17393,10,6.58,3.80,,
289291,P,2001-10-02,38195,1,58.03,1.79,,
289292,P,2000-06-03,77418,10,81.89,2.53,,
289293,P,2002-07-11,15364,5,27.98,2.84,,
289294,P,2000-05-17,57782,1,65.33,8.62,,
289295,P,2002-02-24,43132,8,5.17,3.53,,
289296,P,2000-02-17,3559,8,60.18,2.52,,
289297,P,2001-12-02,73944,1,62.76,5.21,,
289298,P,2001-06-11,33562,5,53.10,0.26,,
289299,P,2002-05-14,65722,9,20.84,8.25,,
289300,P,2000-08-23,43414,6,11.64,7.42,,
289301,P,2000-06-25,1707,5,63.62,6.92,,
289302,P,2000-01-08,77567,3,40.45,7.03,,
289303,P,2001-03-10,6957,8,92.54,5.27,,
289304,P,2000-08-16,17771,7,37.13,0.17,,
289305,P,2001-03-21,87329,4,10.86,2.76,,
289306,P,2000-06-14,80888,8,11.18,7.10,,
289307,P,2001-08-04,66517,2,26.48,4.09,,
289308,P,2001-10-28,7615,1,65.34,0.29,,
289309,P,2001-04-20,11443,3,54.83,4.41,,
289310,P,2000-01-12,27964,2,87.29,4.59,,
289311,P,2000-11-23,44395,7,6.15,7.92,,
289312,P,2000-03-16,69544,2,29.33,8.02,,
289313,P,2001-08-30,15776,6,59.99,4.46,,
289314,P,2001-11-29,39336,9,29.23,4.01,,
289315,P,2002-02-07,75205,4,93.75,9.55,,
289316,P,2001-11-03,22631,8,38.01,8.18,,
289317,P,2001-01-05,71677,2,88.44,6.06,,
289318,P,2001-09-20,64744,4,9.60,5.55,,
289319,P,2002-03-29,69970,4,65.63,9.91,,
289320,P,2001-04-05,84640,3,89.70,4.02,,
289321,P,2001-09-04,27639,5,70.19,3.58,,
289322,P,2000-06-08,51922,2,3.16,9.41,,
289323,P,2001-09-10,75172,10,53.17,6.41,,
289324,P,2000-09-26,27490,5,99.69,4.25,,
289325,P,2000-12-29,78007,8,11.14,5.26,,
289326,P,2001-02-27,88246,4,65.45,2.02,,
289327,P,2000-12-30,91712,7,13.38,6.50,,
289328,P,2001-06-29,85454,8,76.41,7.55,,
289329,P,2002-02-02,28735,2,25.93,9.49,,
289330,P,2000-01-15,46125,3,64.37,4.60,,
289331,P,2002-05-18,91993,5,13.91,1.47,,
289332,P,2000-05-30,80569,7,40.70,8.08,,
289333,P,2000-04-16,86549,6,65.98,1.20,,
289334,P,2002-07-26,67301,7,45.29,1.15,,
289335,P,2002-06-05,82031,4,47.86,7.02,,
289336,P,2002-01-23,21809,7,54.54,7.93,,
289337,P,2000-09-10,72039,2,16.91,3.03,,
289338,P,2001-01-03,33100,8,68.82,0.78,,
289339,P,2000-02-20,85536,1,87.78,9.49,,
289340,P,2000-08-27,6979,10,89.75,0.34,,
289341,P,2000-07-12,731,1,80.59,7.62,,
289342,P,2001-07-22,94723,5,15.63,1.26,,
289343,P,2001-11-04,87490,7,21.05,1.75,,
289344,P,2001-08-30,91776,7,95.61,1.88,,
289345,P,2001-06-20,91054,10,84.65,3.87,,
289346,P,2000-08-14,63501,8,17.74,7.01,,
289347,P,2000-07-19,82669,1,19.46,1.19,,
289348,P,2001-02-26,15006,9,2.17,9.89,,
289349,P,2000-11-03,35950,8,93.95,2.33,,
289350,P,2002-04-06,80235,2,36.04,5.43,,
289351,P,2000-11-29,76143,7,52.52,4.67,,
289352,P,2001-06-20,71129,2,21.58,6.98,,
289353,P,2000-06-07,23473,7,59.35,2.87,,
289354,P,2000-12-14,89365,6,60.13,1.70,,
289355,P,2002-05-14,65951,3,90.57,9.06,,
289356,P,2002-07-31,95011,4,49.89,6.98,,
289357,P,2000-08-07,11721,1,16.35,9.46,,
289358,P,2002-07-10,18948,2,16.18,5.75,,
289359,P,2002-08-11,48987,1,86.54,0.58,,
289360,P,2000-11-03,52381,10,18.61,3.16,,
289361,P,2002-07-01,79736,2,17.96,3.99,,
289362,P,2000-09-21,17680,4,21.79,9.65,,
289363,P,2001-12-18,22800,8,61.95,9.02,,
289364,P,2000-04-16,87927,2,79.53,4.35,,
289365,P,2001-10-03,31971,6,74.89,4.79,,
289366,P,2001-10-21,49658,1,2.41,3.22,,
289367,P,2000-10-28,26097,2,14.17,7.16,,
289368,P,2001-01-26,11055,4,16.20,4.76,,
289369,P,2000-05-14,70524,5,68.87,6.70,,
289370,P,2001-06-08,8800,9,18.07,4.95,,
289371,P,2000-08-25,45602,6,29.60,9.80,,
289372,P,2001-06-02,44915,2,43.08,4.48,,
289373,P,2000-07-14,69878,1,3.64,1.91,,
289374,P,2000-02-26,41885,9,57.08,1.35,,
289375,P,2002-05-14,51246,10,77.30,2.33,,
289376,P,2001-05-08,892,1,63.96,5.53,,
289377,P,2002-05-30,856,7,14.61,9.79,,
289378,P,2001-07-18,35402,1,36.60,9.62,,
289379,P,2002-04-04,26584,8,22.13,9.92,,
289380,P,2001-12-18,41407,4,92.98,5.28,,
289381,P,2000-09-26,34688,3,67.91,4.52,,
289382,P,2000-12-26,22671,3,4.43,4.55,,
289383,P,2000-06-13,79093,4,44.50,1.78,,
289384,P,2001-12-30,28396,7,31.43,4.62,,
289385,P,2000-06-06,17669,7,60.90,5.45,,
289386,P,2001-02-23,91765,9,10.89,9.51,,
289387,P,2002-04-21,76377,2,5.65,1.56,,
289388,P,2002-09-26,59076,4,45.88,4.04,,
289389,P,2000-10-27,45171,7,20.41,3.58,,
289390,P,2000-09-25,92914,3,40.93,9.69,,
289391,P,2001-11-09,14926,10,91.63,1.25,,
289392,P,2002-07-01,22624,6,13.32,3.44,,
289393,P,2000-05-08,99201,5,96.13,1.82,,
289394,P,2002-09-10,14712,7,23.03,2.20,,
289395,P,2000-03-17,74530,5,81.56,6.79,,
289396,P,2000-07-07,9395,6,60.54,9.67,,
289397,P,2000-10-26,92027,4,0.52,1.02,,
289398,P,2000-06-17,5742,6,95.32,0.82,,
289399,P,2001-12-06,81947,3,73.77,6.71,,
289400,P,2001-08-26,9112,4,30.04,8.34,,
289401,P,2000-09-01,14942,3,51.25,0.76,,
289402,P,2001-09-07,3267,8,84.72,3.88,,
289403,P,2000-08-13,37750,9,65.65,1.92,,
289404,P,2002-03-17,83491,2,53.65,0.86,,
289405,P,2000-09-12,79766,2,64.37,9.61,,
289406,P,2002-07-26,97476,5,19.46,0.94,,
289407,P,2001-05-10,72394,5,10.57,0.35,,
289408,P,2001-04-05,10438,8,87.70,2.18,,
289409,P,2000-06-01,6103,5,49.80,6.88,,
289410,P,2000-02-20,59636,10,97.27,5.57,,
289411,P,2000-08-24,9762,1,39.69,2.45,,
289412,P,2000-11-18,64153,8,91.21,9.50,,
289413,P,2002-06-26,52415,6,3.37,7.96,,
289414,P,2001-10-13,15577,9,15.58,5.28,,
289415,P,2000-01-26,88013,4,84.68,3.31,,
289416,P,2000-05-26,61251,7,12.34,0.96,,
289417,P,2001-12-18,63560,2,45.61,8.15,,
289418,P,2001-04-12,56053,7,57.07,8.65,,
289419,P,2001-10-03,68594,6,94.65,9.28,,
289420,P,2001-01-07,8818,2,65.37,9.18,,
289421,P,2002-07-26,71752,3,86.24,1.98,,
289422,P,2000-04-26,21079,8,40.78,2.60,,
289423,P,2001-04-01,8399,6,5.07,2.55,,
289424,P,2000-12-06,23634,5,26.67,1.99,,
289425,P,2000-12-16,31659,7,33.58,0.78,,
289426,P,2002-05-06,68269,6,18.41,7.47,,
289427,P,2002-05-13,39257,7,27.68,5.01,,
289428,P,2001-07-19,51944,4,75.62,9.50,,
289429,P,2001-04-11,91374,10,34.38,6.57,,
289430,P,2001-11-12,71761,2,26.20,0.73,,
289431,P,2001-09-16,93649,9,36.28,5.77,,
289432,P,2002-01-28,76972,1,41.40,7.16,,
289433,P,2001-08-16,26152,9,31.82,5.92,,
289434,P,2002-03-09,67489,6,94.31,0.82,,
289435,P,2000-11-20,47141,5,68.97,4.21,,
289436,P,2000-04-15,69264,2,45.52,3.11,,
289437,P,2001-05-30,86337,1,2.83,2.55,,
289438,P,2001-11-12,53457,4,96.71,1.96,,
289439,P,2001-08-22,25597,7,95.62,0.13,,
289440,P,2001-08-15,58421,5,79.36,4.91,,
289441,P,2001-11-07,42096,7,28.49,0.55,,
289442,P,2001-11-11,96233,7,11.33,4.20,,
289443,P,2001-09-07,74068,7,81.39,1.78,,
289444,P,2002-05-01,87838,4,91.04,8.14,,
289445,P,2000-04-07,8382,2,25.80,8.51,,
289446,P,2000-06-30,78782,1,90.72,5.20,,
289447,P,2000-09-27,46103,4,22.26,6.32,,
289448,P,2002-04-13,15395,6,67.57,4.19,,
289449,P,2000-08-29,40968,9,11.65,8.56,,
289450,P,2002-04-10,93517,7,58.91,8.37,,
289451,P,2002-04-16,94848,9,93.16,3.79,,
289452,P,2002-07-03,19478,4,50.74,9.02,,
289453,P,2001-08-31,53289,6,82.82,4.45,,
289454,P,2001-10-03,12975,4,81.98,6.71,,
289455,P,2002-09-24,99142,8,47.61,1.83,,
289456,P,2001-06-14,67512,7,13.72,7.61,,
289457,P,2000-05-14,66712,3,10.89,5.88,,
289458,P,2000-01-07,82063,5,39.33,1.51,,
289459,P,2001-07-31,57180,7,61.66,6.65,,
289460,P,2002-02-20,59058,4,60.31,4.50,,
289461,P,2002-03-08,54100,9,22.67,5.14,,
289462,P,2001-07-17,6793,2,89.15,9.09,,
289463,P,2002-06-21,31746,9,49.52,6.74,,
289464,P,2001-02-14,70641,3,10.38,2.19,,
289465,P,2000-10-03,8964,9,61.24,3.14,,
289466,P,2000-01-25,249,7,76.33,8.93,,
289467,P,2002-09-04,79560,5,98.17,6.13,,
289468,P,2000-12-14,44122,7,96.56,8.68,,
289469,P,2002-01-24,72587,1,34.27,5.74,,
289470,P,2001-05-18,99790,8,24.36,9.87,,
289471,P,2002-03-11,44495,9,26.96,5.02,,
289472,P,2002-06-08,44862,7,52.17,8.45,,
289473,P,2002-07-22,19975,3,98.27,0.43,,
289474,P,2000-06-24,59828,6,22.27,1.55,,
289475,P,2000-05-30,58077,3,79.75,7.88,,
289476,P,2000-02-20,15089,6,1.14,8.00,,
289477,P,2000-07-30,61891,5,10.16,3.85,,
289478,P,2000-10-05,8467,1,62.02,9.71,,
289479,P,2001-10-18,23342,4,95.27,7.24,,
289480,P,2000-06-20,95330,7,59.67,0.76,,
289481,P,2001-05-23,10322,5,46.21,9.81,,
289482,P,2001-10-02,97118,8,4.61,2.08,,
289483,P,2000-08-13,15778,6,72.97,5.41,,
289484,P,2002-05-30,27515,8,72.28,2.67,,
289485,P,2002-04-28,26589,4,38.79,8.90,,
289486,P,2002-09-10,76685,4,98.40,5.89,,
289487,P,2002-07-07,10624,5,72.46,4.02,,
289488,P,2001-02-27,41740,4,45.10,3.38,,
289489,P,2002-01-03,81678,2,59.73,1.33,,
289490,P,2001-10-13,28779,5,39.09,0.43,,
289491,P,2001-07-31,49537,6,71.45,9.13,,
289492,P,2001-09-05,30494,1,42.30,0.04,,
289493,P,2001-06-06,56130,9,16.66,9.59,,
289494,P,2000-03-15,43531,1,63.76,7.63,,
289495,P,2000-09-04,15130,9,45.47,9.57,,
289496,P,2000-07-22,59641,1,72.48,1.26,,
289497,P,2002-07-22,98202,3,77.08,2.07,,
289498,P,2000-07-15,87380,8,84.19,6.29,,
289499,P,2001-09-25,82729,5,65.57,7.94,,
289500,P,2002-09-22,75466,3,66.95,3.81,,
289501,P,2000-10-09,46861,3,39.20,0.87,,
289502,P,2001-02-27,35679,9,20.33,0.53,,
289503,P,2000-03-22,33501,5,25.36,8.93,,
289504,P,2002-04-14,48779,9,25.26,7.23,,
289505,P,2000-05-19,21446,2,88.13,0.47,,
289506,P,2000-09-02,1210,3,41.17,7.62,,
289507,P,2002-01-19,34026,9,29.94,8.65,,
289508,P,2001-03-11,92924,5,88.27,6.75,,
289509,P,2000-01-11,29011,9,43.18,9.98,,
289510,P,2000-12-26,31711,7,22.28,3.48,,
289511,P,2001-02-25,16833,1,83.62,9.80,,
289512,P,2001-11-06,92790,9,65.28,0.25,,
289513,P,2002-03-21,73707,3,95.02,3.59,,
289514,P,2000-07-24,11835,3,82.56,8.53,,
289515,P,2000-08-10,81105,10,55.35,7.27,,
289516,P,2002-03-07,64874,2,46.79,7.44,,
289517,P,2000-11-28,91501,8,36.34,2.92,,
289518,P,2001-10-16,81140,10,27.77,0.58,,
289519,P,2000-10-09,81910,3,26.61,6.78,,
289520,P,2000-05-24,72957,3,5.39,7.21,,
289521,P,2000-05-14,11060,10,40.90,7.37,,
289522,P,2000-06-16,13509,8,20.58,4.35,,
289523,P,2001-12-15,1735,7,57.37,2.76,,
289524,P,2002-06-08,14374,1,79.33,5.95,,
289525,P,2000-01-26,93684,6,37.01,8.04,,
289526,P,2002-08-01,1698,7,55.11,9.91,,
289527,P,2002-03-06,44627,7,7.55,7.03,,
289528,P,2001-05-07,16315,2,51.37,2.35,,
289529,P,2000-05-24,10583,2,2.49,6.35,,
289530,P,2002-07-28,83186,9,11.14,2.57,,
289531,P,2001-01-27,64470,8,78.35,9.14,,
289532,P,2000-09-09,74719,2,72.44,3.43,,
289533,P,2000-09-08,42631,5,99.86,8.35,,
289534,P,2002-08-22,64890,3,54.70,1.34,,
289535,P,2000-09-29,78936,9,9.16,6.22,,
289536,P,2001-04-20,65481,2,40.24,3.16,,
289537,P,2002-08-28,4813,10,3.79,0.15,,
289538,P,2001-03-26,28637,10,62.74,5.21,,
289539,P,2000-07-26,10738,8,45.84,1.75,,
289540,P,2000-10-17,10769,9,15.45,2.64,,
289541,P,2000-11-08,52423,9,39.99,6.36,,
289542,P,2001-11-27,15602,5,19.25,5.47,,
289543,P,2000-04-06,49787,5,95.55,4.12,,
289544,P,2001-05-02,66350,1,11.45,9.22,,
289545,P,2002-07-14,50135,2,56.12,4.43,,
289546,P,2001-12-26,81925,8,34.04,6.76,,
289547,P,2001-01-28,4780,3,59.22,1.41,,
289548,P,2000-07-08,67111,4,97.61,3.96,,
289549,P,2000-09-28,40082,6,4.79,1.59,,
289550,P,2001-12-19,82432,10,77.06,0.52,,
289551,P,2000-04-04,12637,6,38.07,0.21,,
289552,P,2002-02-23,6075,6,30.49,4.37,,
289553,P,2001-10-30,23691,9,98.90,7.99,,
289554,P,2001-04-27,99618,8,44.63,1.26,,
289555,P,2002-03-16,20800,6,18.09,1.06,,
289556,P,2000-08-20,95729,2,66.52,7.49,,
289557,P,2000-01-11,12421,5,83.91,9.43,,
289558,P,2000-09-25,87115,1,3.92,3.05,,
289559,P,2000-07-22,34665,8,7.73,9.25,,
289560,P,2001-06-17,97804,10,73.28,7.87,,
289561,P,2000-12-20,26269,1,97.00,8.79,,
289562,P,2002-07-07,49805,4,95.85,2.08,,
289563,P,2001-05-31,59421,4,12.01,3.92,,
289564,P,2000-01-16,13761,7,35.43,3.11,,
289565,P,2001-10-08,14308,7,81.49,3.64,,
289566,P,2000-01-02,4815,2,43.13,2.76,,
289567,P,2002-04-24,48281,8,37.16,6.69,,
289568,P,2001-05-15,86234,8,51.07,3.52,,
289569,P,2000-12-11,69762,7,75.58,5.55,,
289570,P,2002-02-19,95014,8,40.88,2.25,,
289571,P,2001-12-25,41727,3,97.84,0.25,,
289572,P,2001-08-30,2764,7,76.76,0.82,,
289573,P,2000-04-23,56923,1,20.79,6.30,,
289574,P,2000-07-01,45552,3,10.34,0.76,,
289575,P,2002-03-19,14870,7,91.50,1.94,,
289576,P,2001-10-25,99480,1,43.99,7.19,,
289577,P,2000-09-09,82175,6,30.03,8.81,,
289578,P,2001-04-13,42476,8,52.39,8.40,,
289579,P,2001-08-20,74737,3,79.12,8.31,,
289580,P,2001-03-17,5563,5,40.20,7.18,,
289581,P,2000-08-23,59069,3,66.56,9.03,,
289582,P,2001-11-05,73663,10,73.52,3.15,,
289583,P,2000-06-08,44094,5,26.31,2.03,,
289584,P,2001-04-25,283,10,33.49,5.82,,
289585,P,2000-09-17,440,6,59.40,9.30,,
289586,P,2001-05-29,40909,3,77.42,7.08,,
289587,P,2001-11-25,98686,3,33.90,6.64,,
289588,P,2001-12-17,26094,10,49.16,2.92,,
289589,P,2000-09-14,19968,1,8.26,0.99,,
289590,P,2002-02-11,27592,8,0.05,7.00,,
289591,P,2002-05-01,88662,8,19.88,1.73,,
289592,P,2000-02-29,44010,2,12.34,2.61,,
289593,P,2000-10-22,3189,1,12.18,1.53,,
289594,P,2001-04-28,44714,2,36.40,4.93,,
289595,P,2001-10-02,22680,1,30.15,7.89,,
289596,P,2002-01-19,79632,8,43.47,7.63,,
289597,P,2000-04-24,46252,2,54.81,4.82,,
289598,P,2000-05-25,14133,5,84.22,0.37,,
289599,P,2002-04-27,82746,7,31.74,5.99,,
289600,P,2002-06-16,36329,9,25.93,6.83,,
289601,P,2000-08-31,21546,10,83.59,0.96,,
289602,P,2000-05-11,71432,2,77.38,3.77,,
289603,P,2002-02-15,30301,5,61.43,9.59,,
289604,P,2001-08-19,17499,7,46.63,7.17,,
289605,P,2001-12-26,21770,7,45.00,5.08,,
289606,P,2000-02-16,10163,8,35.61,2.10,,
289607,P,2002-06-15,74645,3,51.60,3.05,,
289608,P,2001-03-21,11421,8,43.47,9.28,,
289609,P,2000-10-06,93859,10,19.58,8.01,,
289610,P,2001-01-03,75552,4,63.42,7.46,,
289611,P,2000-12-17,13644,6,90.85,3.78,,
289612,P,2001-04-07,35332,5,29.55,4.18,,
289613,P,2002-04-26,5961,2,91.58,1.27,,
289614,P,2001-07-24,79006,5,13.39,9.94,,
289615,P,2001-09-19,72070,2,88.24,1.27,,
289616,P,2001-08-02,5408,2,6.21,1.73,,
289617,P,2000-04-02,26367,8,79.93,6.39,,
289618,P,2001-08-25,64425,4,11.89,6.97,,
289619,P,2000-09-26,32331,7,99.40,0.77,,
289620,P,2001-12-11,44517,2,60.06,9.61,,
289621,P,2000-10-06,46598,1,39.04,3.41,,
289622,P,2000-06-18,76535,5,1.40,8.52,,
289623,P,2000-02-16,63061,10,19.89,7.17,,
289624,P,2001-05-01,32954,2,94.12,8.71,,
289625,P,2002-04-01,61445,3,72.33,1.34,,
289626,P,2002-03-01,24959,10,62.57,1.31,,
289627,P,2000-07-18,37050,5,32.63,6.09,,
289628,P,2002-08-11,832,1,63.61,8.98,,
289629,P,2000-11-07,85614,2,9.88,2.83,,
289630,P,2001-03-21,92850,10,14.65,0.67,,
289631,P,2000-09-25,35342,4,7.51,3.75,,
289632,P,2001-03-19,22675,6,7.16,2.70,,
289633,P,2002-08-02,99662,3,68.04,1.71,,
289634,P,2002-06-24,86634,6,42.00,7.91,,
289635,P,2001-02-26,51718,4,5.01,5.07,,
289636,P,2001-11-22,88102,9,77.73,2.08,,
289637,P,2000-07-21,27571,1,85.89,8.67,,
289638,P,2000-09-01,24259,8,56.43,2.49,,
289639,P,2000-04-28,57916,3,41.40,1.10,,
289640,P,2001-12-11,55961,5,62.76,4.49,,
289641,P,2000-02-28,16571,7,46.00,0.69,,
289642,P,2000-08-13,20043,1,91.79,4.47,,
289643,P,2000-10-30,50574,1,53.60,3.30,,
289644,P,2000-11-13,98740,7,80.83,2.31,,
289645,P,2000-07-21,79515,5,13.54,7.07,,
289646,P,2002-07-16,1888,4,19.47,6.96,,
289647,P,2002-04-23,26230,6,93.54,7.81,,
289648,P,2001-04-18,49373,9,41.81,7.05,,
289649,P,2001-08-13,63089,1,17.63,4.59,,
289650,P,2000-04-26,57840,5,16.32,7.36,,
289651,P,2001-09-19,31898,7,61.79,5.63,,
289652,P,2002-08-18,99502,7,85.36,6.69,,
289653,P,2001-09-15,86661,1,34.15,6.26,,
289654,P,2000-02-15,39135,2,84.01,2.48,,
289655,P,2000-09-19,43374,1,13.54,2.72,,
289656,P,2000-06-23,97677,5,47.75,8.03,,
289657,P,2001-08-31,1975,6,21.69,5.93,,
289658,P,2000-03-23,44912,2,41.02,5.44,,
289659,P,2002-01-08,56576,5,86.43,0.68,,
289660,P,2000-04-21,12682,7,75.09,2.84,,
289661,P,2000-09-02,32656,8,22.83,2.21,,
289662,P,2001-11-07,92977,6,30.04,2.95,,
289663,P,2000-12-27,99145,8,19.86,5.55,,
289664,P,2001-07-13,6464,10,96.36,9.07,,
289665,P,2001-10-16,53594,9,60.38,8.80,,
289666,P,2000-05-26,5746,10,73.69,2.93,,
289667,P,2002-09-14,80781,7,2.81,0.99,,
289668,P,2002-02-23,26412,6,39.38,0.17,,
289669,P,2001-02-25,64762,4,99.86,0.38,,
289670,P,2000-11-19,55733,9,13.10,9.30,,
289671,P,2002-06-11,20367,1,63.07,4.81,,
289672,P,2000-09-02,53888,1,8.79,9.25,,
289673,P,2000-11-01,38712,10,22.20,3.30,,
289674,P,2002-01-13,81607,9,26.69,7.11,,
289675,P,2002-09-18,31224,9,19.36,6.84,,
289676,P,2001-02-06,66237,7,85.72,9.55,,
289677,P,2001-11-08,99334,4,93.90,3.36,,
289678,P,2002-06-08,13052,6,66.81,6.70,,
289679,P,2002-06-27,14649,4,36.31,4.25,,
289680,P,2000-06-27,7494,3,95.26,8.92,,
289681,P,2002-04-21,39636,10,0.10,5.40,,
289682,P,2000-04-26,2742,9,45.71,0.24,,
289683,P,2002-01-01,22418,6,17.92,0.58,,
289684,P,2002-09-15,58795,9,58.23,2.64,,
289685,P,2002-05-09,28668,2,49.85,3.44,,
289686,P,2001-02-02,88163,8,59.85,5.04,,
289687,P,2001-02-10,36563,8,42.35,0.77,,
289688,P,2000-03-11,87013,7,16.95,7.54,,
289689,P,2000-11-10,58874,10,51.19,9.77,,
289690,P,2001-05-07,61884,6,6.99,3.30,,
289691,P,2001-05-16,97056,1,99.84,6.13,,
289692,P,2001-12-21,71329,8,36.41,7.15,,
289693,P,2002-09-24,86283,6,99.61,9.55,,
289694,P,2000-04-13,96945,5,12.99,5.25,,
289695,P,2000-07-16,28010,7,88.93,8.57,,
289696,P,2001-11-16,23000,1,53.91,0.57,,
289697,P,2002-05-08,7017,5,90.51,0.65,,
289698,P,2002-04-03,57090,5,91.37,5.23,,
289699,P,2000-11-12,89475,10,91.61,7.79,,
289700,P,2000-01-24,34841,2,57.98,8.38,,
289701,P,2000-12-18,41740,1,18.93,3.71,,
289702,P,2001-06-30,35479,2,80.67,2.35,,
289703,P,2002-08-01,30501,3,16.73,3.88,,
289704,P,2002-07-28,38530,10,10.94,1.78,,
289705,P,2002-05-11,74657,3,29.61,0.76,,
289706,P,2000-06-04,17142,3,19.07,0.59,,
289707,P,2001-02-15,41138,4,67.89,9.49,,
289708,P,2000-04-20,52163,6,87.02,1.28,,
289709,P,2001-07-17,62722,5,56.09,7.54,,
289710,P,2002-01-22,12107,5,59.91,0.70,,
289711,P,2001-07-12,97246,7,47.55,6.05,,
289712,P,2000-06-16,52577,9,34.98,7.59,,
289713,P,2000-04-30,69339,3,61.60,8.75,,
289714,P,2000-07-14,60836,5,96.15,1.32,,
289715,P,2002-06-09,70986,1,15.12,7.81,,
289716,P,2001-01-08,91537,2,33.24,7.74,,
289717,P,2002-04-22,74929,7,78.34,4.64,,
289718,P,2000-02-09,55250,9,17.67,8.06,,
289719,P,2000-02-19,4246,5,63.35,3.49,,
289720,P,2000-09-06,52285,5,18.22,4.76,,
289721,P,2000-07-10,22085,2,66.64,7.06,,
289722,P,2002-01-27,87928,9,64.37,0.03,,
289723,P,2000-11-04,416,8,61.46,0.53,,
289724,P,2001-05-07,91933,1,32.32,9.99,,
289725,P,2001-06-29,87362,3,88.01,6.88,,
289726,P,2000-12-23,88528,10,3.06,9.19,,
289727,P,2001-11-17,29601,8,67.53,0.40,,
289728,P,2001-09-25,64233,10,52.91,9.47,,
289729,P,2000-02-29,2580,4,89.70,2.60,,
289730,P,2000-11-05,63835,1,28.29,2.90,,
289731,P,2000-11-17,94204,8,86.73,9.22,,
289732,P,2002-01-17,25528,8,25.64,0.18,,
289733,P,2000-02-05,83216,5,42.21,9.45,,
289734,P,2000-03-04,51116,3,12.54,4.23,,
289735,P,2001-09-02,18309,3,13.98,8.86,,
289736,P,2000-05-28,89027,2,50.53,3.59,,
289737,P,2001-04-07,50335,4,71.97,7.75,,
289738,P,2001-03-26,32873,6,61.21,4.73,,
289739,P,2000-07-18,99254,5,81.80,3.91,,
289740,P,2000-11-29,52963,6,70.96,1.20,,
289741,P,2001-07-29,86319,3,52.18,3.67,,
289742,P,2000-01-14,75415,10,64.91,7.28,,
289743,P,2002-03-24,82068,10,31.97,2.03,,
289744,P,2001-01-28,22493,6,25.28,3.99,,
289745,P,2002-06-06,36151,4,98.68,3.67,,
289746,P,2002-04-08,64695,1,49.09,6.64,,
289747,P,2002-02-27,99487,4,25.08,1.15,,
289748,P,2002-04-17,662,6,21.13,5.23,,
289749,P,2000-09-02,63813,7,75.47,8.19,,
289750,P,2000-09-23,70926,3,74.75,9.27,,
289751,P,2001-03-30,97632,4,13.45,0.06,,
289752,P,2001-05-28,70542,7,90.05,5.53,,
289753,P,2002-07-24,34746,4,50.52,1.57,,
289754,P,2000-04-12,25245,7,13.65,5.40,,
289755,P,2001-07-25,73875,6,96.99,8.15,,
289756,P,2000-09-17,16954,10,51.12,6.31,,
289757,P,2001-12-04,44007,2,40.89,9.19,,
289758,P,2002-03-20,63823,6,31.01,4.84,,
289759,P,2001-03-10,55956,4,70.66,7.78,,
289760,P,2002-02-02,19138,3,96.07,9.30,,
289761,P,2000-12-08,50534,9,14.95,7.64,,
289762,P,2000-12-18,68514,9,5.06,6.83,,
289763,P,2002-05-28,24251,7,12.61,4.64,,
289764,P,2001-06-15,98691,3,10.64,9.27,,
289765,P,2002-02-03,33347,9,77.04,0.59,,
289766,P,2000-06-11,46772,2,96.08,6.14,,
289767,P,2000-09-08,75878,5,22.62,0.67,,
289768,P,2001-07-05,31903,10,43.63,8.71,,
289769,P,2001-06-13,41557,7,57.07,1.06,,
289770,P,2000-02-20,28979,1,14.39,1.60,,
289771,P,2000-02-10,46359,10,68.83,0.59,,
289772,P,2000-02-06,21814,4,65.93,3.02,,
289773,P,2000-02-23,97827,8,24.60,0.86,,
289774,P,2001-12-05,5994,4,98.86,0.20,,
289775,P,2001-07-15,26156,7,80.69,9.50,,
289776,P,2002-02-07,78106,5,97.83,5.72,,
289777,P,2002-04-02,85476,7,29.66,7.18,,
289778,P,2001-07-28,19358,5,48.99,7.95,,
289779,P,2001-06-26,42734,9,38.74,1.37,,
289780,P,2002-01-20,89169,8,36.65,7.42,,
289781,P,2002-09-02,82530,6,23.86,0.16,,
289782,P,2000-09-06,66439,3,73.50,2.56,,
289783,P,2000-08-09,33648,5,78.97,2.31,,
289784,P,2000-01-31,45336,4,0.53,3.63,,
289785,P,2002-07-19,63766,1,93.66,0.13,,
289786,P,2001-09-08,90263,5,41.93,1.94,,
289787,P,2000-07-21,42758,3,32.86,8.90,,
289788,P,2002-08-31,12276,3,64.03,4.53,,
289789,P,2001-12-25,4931,9,86.85,8.94,,
289790,P,2001-02-27,81659,5,8.49,1.13,,
289791,P,2000-06-06,42934,3,97.62,0.78,,
289792,P,2001-06-20,83929,5,94.03,5.75,,
289793,P,2002-06-21,84802,6,3.05,6.53,,
289794,P,2001-03-14,40635,5,69.57,9.33,,
289795,P,2000-11-01,60409,6,78.72,2.39,,
289796,P,2000-08-19,28257,10,83.19,3.03,,
289797,P,2000-03-06,92171,2,4.39,7.37,,
289798,P,2001-09-25,51454,4,28.78,6.55,,
289799,P,2002-07-07,53034,5,62.40,1.98,,
289800,P,2001-01-14,37957,8,7.76,1.43,,
289801,P,2001-04-01,90207,6,45.09,3.64,,
289802,P,2002-02-20,91845,10,91.98,6.48,,
289803,P,2002-07-28,65482,7,11.69,4.25,,
289804,P,2001-09-13,50897,1,4.25,4.85,,
289805,P,2000-11-18,36650,9,73.31,1.33,,
289806,P,2001-04-02,89213,2,71.29,5.76,,
289807,P,2002-05-16,65885,10,31.07,1.68,,
289808,P,2000-02-18,56335,2,59.48,7.79,,
289809,P,2000-10-22,48205,1,33.08,0.48,,
289810,P,2001-08-04,92178,7,99.04,6.47,,
289811,P,2000-01-11,17718,6,61.37,2.72,,
289812,P,2001-11-15,86530,9,37.14,9.04,,
289813,P,2000-06-25,89835,8,37.40,2.07,,
289814,P,2001-04-01,5060,2,24.01,1.18,,
289815,P,2000-06-03,32097,5,99.99,2.80,,
289816,P,2001-09-06,8976,9,98.34,2.38,,
289817,P,2001-06-10,23311,7,66.26,6.93,,
289818,P,2000-04-04,87346,6,66.79,4.97,,
289819,P,2000-10-12,90748,6,66.81,7.90,,
289820,P,2000-08-14,16909,6,74.78,5.87,,
289821,P,2001-06-10,91058,3,53.24,4.67,,
289822,P,2000-10-09,59209,9,68.78,2.74,,
289823,P,2001-10-09,25366,6,95.94,7.84,,
289824,P,2001-04-04,33976,4,1.50,6.37,,
289825,P,2002-09-24,22304,3,35.16,5.84,,
289826,P,2001-06-01,12095,7,65.89,0.15,,
289827,P,2002-09-09,5843,5,39.53,9.98,,
289828,P,2002-06-05,25463,7,34.14,4.56,,
289829,P,2002-09-07,91994,7,29.39,3.67,,
289830,P,2000-08-17,57766,1,40.60,3.03,,
289831,P,2000-01-12,95515,6,98.19,6.40,,
289832,P,2001-04-11,11936,3,12.28,1.72,,
289833,P,2002-09-04,40676,6,72.97,3.01,,
289834,P,2001-12-14,10588,6,68.47,1.51,,
289835,P,2000-01-28,53539,5,86.01,5.77,,
289836,P,2001-02-19,53363,1,84.44,2.49,,
289837,P,2001-10-23,98084,3,74.37,8.48,,
289838,P,2001-04-01,211,8,69.30,9.80,,
289839,P,2001-03-03,30865,3,36.58,5.43,,
289840,P,2000-10-24,70741,9,56.44,7.63,,
289841,P,2000-02-10,48476,9,42.15,0.27,,
289842,P,2000-05-12,6323,9,69.67,9.34,,
289843,P,2002-06-25,94131,10,77.48,9.18,,
289844,P,2002-01-30,46030,2,51.73,3.49,,
289845,P,2000-05-24,34193,5,9.29,4.68,,
289846,P,2000-11-24,30485,8,83.53,6.77,,
289847,P,2001-08-13,3003,8,81.45,1.61,,
289848,P,2000-02-13,23733,9,5.14,1.37,,
289849,P,2001-10-22,36142,4,29.85,3.69,,
289850,P,2002-02-27,37319,5,57.02,4.56,,
289851,P,2000-09-05,85065,1,52.88,0.43,,
289852,P,2002-05-10,50309,10,64.11,8.90,,
289853,P,2000-07-09,62350,10,95.86,4.83,,
289854,P,2002-08-05,68972,10,67.66,3.78,,
289855,P,2001-10-20,57984,10,56.70,9.46,,
289856,P,2000-03-05,99458,7,51.26,0.22,,
289857,P,2001-03-26,42945,4,6.38,5.16,,
289858,P,2000-05-31,91737,6,80.94,0.80,,
289859,P,2000-09-01,40118,4,16.17,4.18,,
289860,P,2001-01-22,41203,2,26.27,5.67,,
289861,P,2001-02-10,16459,10,75.77,9.08,,
289862,P,2002-09-13,72061,1,34.94,5.44,,
289863,P,2001-08-26,22507,9,28.26,7.65,,
289864,P,2000-09-09,25800,3,35.59,6.78,,
289865,P,2001-12-27,90455,1,19.05,6.19,,
289866,P,2000-05-31,77388,8,44.91,4.73,,
289867,P,2001-05-02,94155,1,83.90,3.52,,
289868,P,2002-05-06,54392,5,58.50,3.64,,
289869,P,2002-06-18,79242,3,10.72,3.96,,
289870,P,2001-12-09,18277,6,43.68,9.38,,
289871,P,2002-01-02,53659,1,76.41,6.45,,
289872,P,2002-08-10,13330,8,58.13,9.73,,
289873,P,2002-06-16,90158,9,41.69,8.73,,
289874,P,2001-09-04,68992,6,29.65,1.44,,
289875,P,2001-12-29,19144,5,92.93,6.40,,
289876,P,2002-01-03,48904,1,32.55,0.72,,
289877,P,2002-02-06,78025,3,55.01,0.31,,
289878,P,2002-08-30,56932,3,19.77,3.14,,
289879,P,2000-07-12,50129,6,78.75,4.70,,
289880,P,2002-09-08,51514,10,49.46,0.74,,
289881,P,2001-05-30,13248,7,68.49,4.96,,
289882,P,2002-09-23,47807,10,71.46,5.57,,
289883,P,2002-07-12,144,6,23.66,1.89,,
289884,P,2001-08-14,56065,6,5.14,1.46,,
289885,P,2001-05-09,75042,7,74.52,0.24,,
289886,P,2002-08-24,52874,6,52.89,4.84,,
289887,P,2001-09-24,64037,6,43.90,3.75,,
289888,P,2001-12-30,27748,5,68.36,9.67,,
289889,P,2002-07-13,89471,5,69.73,5.67,,
289890,P,2002-08-15,85796,8,36.87,9.57,,
289891,P,2000-10-12,74670,1,30.93,5.42,,
289892,P,2001-04-05,14832,2,37.47,9.36,,
289893,P,2001-05-11,21919,7,54.89,2.48,,
289894,P,2000-08-07,80595,1,35.12,5.95,,
289895,P,2001-04-16,55284,5,39.73,8.53,,
289896,P,2000-10-31,89539,6,98.84,7.93,,
289897,P,2001-03-17,42178,1,5.13,0.48,,
289898,P,2000-08-17,72938,6,89.56,7.52,,
289899,P,2001-01-02,68987,9,15.60,7.88,,
289900,P,2000-04-14,20449,5,28.30,1.94,,
289901,P,2001-05-01,74432,5,97.66,8.38,,
289902,P,2000-12-07,6256,5,69.88,7.89,,
289903,P,2001-10-09,86924,7,46.92,9.70,,
289904,P,2002-01-19,63068,8,67.03,7.64,,
289905,P,2001-09-12,34975,6,16.70,6.80,,
289906,P,2001-01-26,65948,1,42.07,8.39,,
289907,P,2002-02-16,25643,3,39.90,7.07,,
289908,P,2000-02-02,83143,10,84.08,0.47,,
289909,P,2000-03-28,57236,1,96.99,9.34,,
289910,P,2000-09-15,1406,2,82.84,8.00,,
289911,P,2002-01-20,79133,5,4.06,7.23,,
289912,P,2000-02-15,45220,6,22.09,7.70,,
289913,P,2000-10-08,20991,8,74.00,6.45,,
289914,P,2000-07-24,61936,7,29.07,1.58,,
289915,P,2000-08-11,30311,7,2.78,2.38,,
289916,P,2001-04-06,93124,7,8.70,1.96,,
289917,P,2001-04-21,94127,2,97.99,8.12,,
289918,P,2001-08-08,47791,9,26.79,8.15,,
289919,P,2001-12-01,67572,3,0.59,9.65,,
289920,P,2001-02-17,88293,1,39.38,7.03,,
289921,P,2002-08-15,92390,10,73.48,4.12,,
289922,P,2002-09-01,56137,8,58.41,6.81,,
289923,P,2001-04-13,81604,3,20.09,9.05,,
289924,P,2000-01-19,35644,4,37.76,7.44,,
289925,P,2000-02-18,88430,9,77.43,7.00,,
289926,P,2002-09-22,96017,10,50.43,0.95,,
289927,P,2000-06-01,87737,3,66.08,1.58,,
289928,P,2000-01-01,23896,2,0.64,8.65,,
289929,P,2000-06-02,62058,4,26.56,7.40,,
289930,P,2000-08-23,88302,10,46.06,4.08,,
289931,P,2000-08-30,61631,7,0.97,0.36,,
289932,P,2000-09-18,73963,7,18.36,9.51,,
289933,P,2001-03-21,89656,6,68.85,9.65,,
289934,P,2000-04-20,92231,4,99.68,0.32,,
289935,P,2002-03-05,94105,1,5.33,9.85,,
289936,P,2002-03-14,8351,8,36.69,1.54,,
289937,P,2000-05-13,93626,5,98.92,5.26,,
289938,P,2000-10-12,44439,5,42.97,8.57,,
289939,P,2001-02-02,98220,10,4.90,6.28,,
289940,P,2002-07-10,8932,3,58.06,7.34,,
289941,P,2000-12-28,85535,2,81.28,8.68,,
289942,P,2001-11-17,7532,9,62.87,7.29,,
289943,P,2001-11-27,14888,2,55.67,5.83,,
289944,P,2000-02-06,93457,6,57.19,5.51,,
289945,P,2002-07-20,67975,6,15.65,4.81,,
289946,P,2001-04-24,31305,1,25.25,1.81,,
289947,P,2002-05-30,2826,7,16.63,5.08,,
289948,P,2002-07-06,67293,2,65.31,0.56,,
289949,P,2000-12-11,13928,3,53.08,8.09,,
289950,P,2000-01-14,51966,1,44.20,7.68,,
289951,P,2000-12-09,3473,3,81.83,6.70,,
289952,P,2000-04-03,67977,8,56.13,3.99,,
289953,P,2001-05-31,21242,1,45.73,3.83,,
289954,P,2001-07-05,57548,1,15.14,3.43,,
289955,P,2000-03-31,81237,4,97.32,3.11,,
289956,P,2000-07-08,50551,7,45.45,4.61,,
289957,P,2000-05-15,29455,8,24.60,3.64,,
289958,P,2000-01-02,52074,8,59.71,9.32,,
289959,P,2000-02-27,13666,6,81.81,7.63,,
289960,P,2002-05-10,73247,10,43.43,1.50,,
289961,P,2000-08-14,59375,5,15.44,3.41,,
289962,P,2000-09-23,53484,2,35.62,5.02,,
289963,P,2001-04-03,5552,5,90.92,3.51,,
289964,P,2000-09-06,67774,1,76.82,7.00,,
289965,P,2002-06-07,29122,9,55.19,7.32,,
289966,P,2001-01-16,66486,9,56.74,4.24,,
289967,P,2000-08-07,65369,3,15.67,9.45,,
289968,P,2000-09-01,295,1,5.80,8.61,,
289969,P,2002-02-20,43649,6,19.28,2.26,,
289970,P,2000-07-12,76593,7,27.98,2.94,,
289971,P,2000-07-21,25952,5,19.11,6.74,,
289972,P,2000-12-10,35987,1,31.90,6.45,,
289973,P,2001-08-28,87444,8,91.45,4.02,,
289974,P,2002-02-02,94453,9,97.45,8.87,,
289975,P,2002-02-27,69488,2,12.68,3.27,,
289976,P,2000-04-30,56399,3,54.60,1.99,,
289977,P,2001-06-28,20647,10,79.45,8.05,,
289978,P,2000-02-12,93655,8,51.74,2.21,,
289979,P,2000-07-08,96324,4,57.92,6.68,,
289980,P,2002-09-13,18252,4,34.15,3.15,,
289981,P,2000-03-05,69430,9,33.54,4.79,,
289982,P,2001-09-09,20744,5,71.52,2.87,,
289983,P,2001-04-26,97676,10,99.97,3.85,,
289984,P,2001-06-20,50875,9,92.59,3.11,,
289985,P,2001-08-08,25545,8,24.33,3.25,,
289986,P,2000-12-18,9305,8,37.34,7.68,,
289987,P,2002-07-14,98182,2,17.97,4.19,,
289988,P,2000-03-21,91008,5,16.67,1.49,,
289989,P,2002-01-09,9763,3,58.54,3.73,,
289990,P,2000-09-24,39792,2,8.40,1.61,,
289991,P,2000-03-14,52376,4,98.88,8.05,,
289992,P,2002-01-12,29793,6,67.53,7.32,,
289993,P,2001-04-30,12364,3,99.63,5.81,,
289994,P,2001-03-22,70336,9,82.30,7.43,,
289995,P,2001-06-25,47481,10,13.13,8.69,,
289996,P,2000-09-18,27308,8,97.10,2.98,,
289997,P,2001-12-14,73965,5,92.52,1.89,,
289998,P,2002-07-05,37253,9,90.75,0.56,,
289999,P,2001-10-23,91491,2,89.82,7.91,,
290000,P,2001-12-02,83371,7,39.20,1.49,,
290001,P,2001-03-15,33192,7,28.84,8.36,,
290002,P,2001-01-02,62959,2,94.35,0.05,,
290003,P,2001-12-24,98717,2,30.94,5.42,,
290004,P,2001-09-19,54388,10,38.40,3.13,,
290005,P,2000-03-15,30431,1,7.95,0.37,,
290006,P,2002-07-22,29179,3,39.11,1.22,,
290007,P,2001-09-18,86261,6,5.92,8.83,,
290008,P,2001-07-27,37228,1,34.31,2.61,,
290009,P,2000-11-20,7702,9,2.56,1.47,,
290010,P,2001-05-16,19814,5,29.72,0.05,,
290011,P,2002-04-08,38754,8,24.59,8.59,,
290012,P,2001-01-17,79492,3,56.03,3.07,,
290013,P,2002-08-17,30692,2,1.17,9.74,,
290014,P,2002-02-28,36485,9,26.70,1.40,,
290015,P,2000-11-28,88499,5,61.82,6.75,,
290016,P,2002-07-15,78699,3,67.42,1.99,,
290017,P,2002-01-14,47131,3,30.11,4.25,,
290018,P,2000-10-16,93879,8,94.38,6.42,,
290019,P,2000-08-10,16370,7,41.55,7.80,,
290020,P,2001-07-28,19128,2,38.20,1.71,,
290021,P,2000-05-21,78468,1,42.24,9.88,,
290022,P,2002-04-11,36688,2,45.11,5.46,,
290023,P,2000-04-11,2496,4,34.92,8.23,,
290024,P,2000-11-26,92889,10,31.65,3.12,,
290025,P,2001-11-01,88474,8,61.76,1.18,,
290026,P,2002-05-22,30193,9,9.78,5.49,,
290027,P,2001-03-05,94381,5,75.78,4.98,,
290028,P,2001-09-16,27035,5,13.68,8.64,,
290029,P,2001-07-28,83007,3,44.78,3.82,,
290030,P,2000-10-04,20081,9,96.27,3.43,,
290031,P,2002-03-06,75702,8,83.61,2.49,,
290032,P,2000-09-24,24174,4,33.07,6.61,,
290033,P,2001-05-31,26920,9,79.76,2.83,,
290034,P,2000-06-02,91184,5,6.58,6.49,,
290035,P,2000-07-09,98631,5,77.09,4.53,,
290036,P,2002-08-07,74299,8,47.14,2.14,,
290037,P,2002-02-24,68921,10,41.65,1.57,,
290038,P,2001-06-05,58220,6,50.60,6.05,,
290039,P,2000-04-20,63066,7,57.18,4.87,,
290040,P,2001-06-01,36080,6,45.65,1.85,,
290041,P,2001-04-11,51850,9,76.36,0.47,,
290042,P,2000-11-26,11764,1,99.19,0.43,,
290043,P,2001-11-15,9136,2,77.34,9.08,,
290044,P,2000-08-14,3294,9,93.33,8.08,,
290045,P,2001-12-25,83451,3,98.21,4.37,,
290046,P,2000-10-30,88855,2,72.10,9.28,,
290047,P,2000-07-17,62559,4,30.46,8.76,,
290048,P,2000-03-14,11847,1,75.64,1.53,,
290049,P,2001-08-21,89501,8,31.60,1.89,,
290050,P,2001-05-23,19440,9,35.71,6.04,,
290051,P,2001-11-30,45233,1,13.80,3.65,,
290052,P,2001-04-16,72830,3,43.65,4.57,,
290053,P,2000-09-22,81125,10,6.00,8.36,,
290054,P,2001-05-30,7654,10,71.53,9.49,,
290055,P,2000-03-21,20578,8,48.94,5.76,,
290056,P,2002-06-10,37784,10,86.18,1.54,,
290057,P,2001-08-28,34107,3,51.30,0.82,,
290058,P,2000-11-18,79963,7,6.41,5.63,,
290059,P,2000-08-05,83183,10,58.26,1.20,,
290060,P,2002-07-21,58420,6,84.03,2.49,,
290061,P,2001-06-14,61403,3,5.16,6.84,,
290062,P,2001-05-10,8349,7,63.08,5.78,,
290063,P,2000-06-06,17896,4,39.82,8.04,,
290064,P,2000-04-30,61968,1,96.00,1.17,,
290065,P,2002-09-11,58455,1,87.10,8.67,,
290066,P,2000-03-22,17400,4,61.21,8.83,,
290067,P,2000-04-04,28005,1,74.98,7.32,,
290068,P,2001-11-10,23140,8,24.35,0.27,,
290069,P,2002-08-11,51364,8,0.70,5.87,,
290070,P,2001-12-07,90114,8,43.95,1.54,,
290071,P,2001-03-10,48584,3,61.39,4.90,,
290072,P,2000-05-13,2395,2,2.73,8.28,,
290073,P,2002-01-27,26587,8,57.30,8.40,,
290074,P,2001-11-22,51632,6,89.32,8.54,,
290075,P,2002-06-13,61409,5,32.69,0.82,,
290076,P,2001-01-16,24730,9,71.21,4.74,,
290077,P,2002-05-04,93278,2,99.80,2.34,,
290078,P,2001-03-20,98449,10,28.84,9.12,,
290079,P,2001-04-15,59657,9,55.67,2.13,,
290080,P,2001-03-30,10851,10,37.19,5.91,,
290081,P,2000-09-10,16305,4,17.36,0.38,,
290082,P,2001-12-18,8992,3,56.22,0.73,,
290083,P,2001-03-29,39268,7,40.72,6.13,,
290084,P,2000-04-21,55092,7,18.20,3.66,,
290085,P,2000-06-17,37527,3,28.54,1.23,,
290086,P,2001-01-02,11328,7,98.07,0.43,,
290087,P,2001-09-26,32701,8,84.46,4.76,,
290088,P,2001-11-05,52458,7,92.57,3.52,,
290089,P,2000-06-22,54526,9,29.21,9.29,,
290090,P,2000-06-02,16427,2,13.55,6.96,,
290091,P,2001-02-15,72627,9,14.09,9.39,,
290092,P,2002-06-14,46291,6,90.79,7.50,,
290093,P,2002-08-11,62010,6,52.27,3.48,,
290094,P,2001-12-11,75376,1,2.84,6.99,,
290095,P,2000-04-26,35981,5,47.49,6.00,,
290096,P,2002-08-06,7431,10,60.60,0.28,,
290097,P,2001-08-05,18133,10,93.80,7.11,,
290098,P,2001-04-12,65469,8,92.30,8.98,,
290099,P,2000-01-07,84013,7,19.37,4.14,,
290100,P,2001-01-03,50391,10,80.27,7.66,,
290101,P,2001-01-28,14390,10,87.74,9.83,,
290102,P,2000-06-29,42183,2,35.79,0.90,,
290103,P,2002-01-21,763,3,80.40,0.08,,
290104,P,2001-06-15,87909,5,83.19,2.57,,
290105,P,2000-11-07,48219,3,54.97,0.44,,
290106,P,2000-02-01,57534,10,13.87,8.03,,
290107,P,2002-03-11,35903,10,34.12,6.59,,
290108,P,2000-07-02,43256,6,4.17,3.08,,
290109,P,2001-11-08,93430,1,66.70,5.07,,
290110,P,2001-09-03,86848,10,13.49,7.85,,
290111,P,2002-03-20,96179,7,97.36,4.48,,
290112,P,2001-03-05,15115,2,62.52,0.67,,
290113,P,2001-10-31,44672,10,33.13,3.07,,
290114,P,2002-04-20,54533,2,45.81,4.86,,
290115,P,2002-05-02,18777,5,40.09,4.61,,
290116,P,2002-04-28,40223,9,50.17,9.75,,
290117,P,2002-03-04,88261,6,66.08,9.42,,
290118,P,2001-09-17,88613,10,40.22,9.68,,
290119,P,2001-03-05,10166,9,75.01,9.93,,
290120,P,2001-08-12,31713,6,81.46,8.10,,
290121,P,2002-03-04,71274,4,30.38,8.14,,
290122,P,2000-01-14,88550,4,20.21,8.20,,
290123,P,2000-08-18,27220,5,67.47,1.11,,
290124,P,2001-04-26,46688,1,76.03,8.00,,
290125,P,2001-07-11,49076,4,54.09,7.50,,
290126,P,2001-05-27,6762,6,93.27,9.48,,
290127,P,2000-10-03,95685,10,75.30,9.76,,
290128,P,2001-08-19,56347,9,34.04,6.26,,
290129,P,2000-03-04,8574,1,44.10,6.86,,
290130,P,2002-09-04,90960,8,60.51,6.06,,
290131,P,2000-03-15,31470,3,46.27,0.91,,
290132,P,2000-06-19,59547,3,18.64,6.68,,
290133,P,2000-12-27,42436,3,38.12,9.15,,
290134,P,2002-06-20,30259,8,8.33,7.78,,
290135,P,2002-05-29,33506,2,9.62,3.58,,
290136,P,2002-05-10,49833,8,84.45,1.14,,
290137,P,2002-04-01,72743,5,1.55,6.22,,
290138,P,2000-09-23,1832,1,77.48,7.96,,
290139,P,2002-07-14,46001,2,46.36,3.60,,
290140,P,2002-01-21,1937,3,5.48,2.89,,
290141,P,2000-11-20,83248,4,83.58,2.18,,
290142,P,2000-02-20,66186,3,32.72,0.26,,
290143,P,2002-09-07,11014,10,26.49,3.02,,
290144,P,2002-04-22,98388,10,79.05,8.63,,
290145,P,2001-11-22,83404,10,48.66,5.34,,
290146,P,2000-06-11,77728,7,44.09,4.40,,
290147,P,2001-10-25,7121,3,54.11,1.41,,
290148,P,2002-01-24,16738,2,75.84,4.63,,
290149,P,2000-02-24,96649,5,87.41,6.32,,
290150,P,2002-06-03,96292,10,6.29,9.30,,
290151,P,2002-02-11,51923,3,22.34,5.84,,
290152,P,2001-04-20,62836,4,68.09,9.44,,
290153,P,2000-07-22,10597,7,80.25,8.04,,
290154,P,2000-09-12,66620,4,48.97,1.54,,
290155,P,2001-08-06,13501,6,61.12,7.68,,
290156,P,2001-12-11,45601,1,87.64,6.08,,
290157,P,2000-11-20,85969,8,58.49,7.18,,
290158,P,2002-03-30,98146,7,48.77,0.20,,
290159,P,2001-07-21,70024,3,78.74,5.65,,
290160,P,2002-09-05,76141,9,35.38,0.41,,
290161,P,2001-09-17,23049,8,29.34,8.81,,
290162,P,2000-01-13,42150,1,49.10,4.11,,
290163,P,2000-06-28,96013,4,27.24,0.95,,
290164,P,2000-01-29,57405,2,28.55,6.29,,
290165,P,2000-03-16,66027,3,10.11,5.78,,
290166,P,2001-03-21,19949,2,59.74,7.88,,
290167,P,2001-01-18,48961,5,87.45,3.69,,
290168,P,2000-03-28,95560,4,41.71,3.80,,
290169,P,2000-06-19,3563,4,78.46,2.16,,
290170,P,2001-06-24,32686,4,56.95,3.38,,
290171,P,2001-08-08,36434,1,69.06,7.71,,
290172,P,2000-10-16,92348,6,68.47,8.46,,
290173,P,2000-10-17,84436,6,41.29,2.36,,
290174,P,2002-03-02,113,7,92.77,7.05,,
290175,P,2000-01-20,97757,4,98.62,0.02,,
290176,P,2001-06-13,9108,4,40.83,6.45,,
290177,P,2001-01-10,69624,10,58.10,0.55,,
290178,P,2001-06-11,10754,4,12.44,8.21,,
290179,P,2001-08-23,43439,1,22.33,6.42,,
290180,P,2000-06-26,74301,7,80.72,8.44,,
290181,P,2000-12-12,56356,2,92.22,7.45,,
290182,P,2000-04-11,34934,10,94.83,7.24,,
290183,P,2001-01-26,84631,3,15.51,8.67,,
290184,P,2000-03-07,63722,5,32.14,4.32,,
290185,P,2000-10-01,39410,7,88.24,3.01,,
290186,P,2001-12-19,86608,5,8.80,0.99,,
290187,P,2000-07-09,34466,6,50.52,9.11,,
290188,P,2001-07-06,60243,7,0.28,8.32,,
290189,P,2002-03-15,48201,5,64.46,5.40,,
290190,P,2001-03-05,81461,3,61.07,5.77,,
290191,P,2000-03-23,9190,6,29.91,9.66,,
290192,P,2000-05-09,19979,2,65.02,0.34,,
290193,P,2002-02-10,34572,4,93.91,0.78,,
290194,P,2002-04-28,67108,5,60.94,9.84,,
290195,P,2000-05-07,75661,3,55.55,8.88,,
290196,P,2001-10-20,61877,8,34.88,2.15,,
290197,P,2002-06-10,27102,6,10.29,0.29,,
290198,P,2002-09-12,12655,6,12.58,2.24,,
290199,P,2000-09-30,90062,7,34.74,9.21,,
290200,P,2002-08-10,91275,1,54.13,2.69,,
290201,P,2000-01-06,53150,5,52.83,3.33,,
290202,P,2001-10-11,1382,9,2.57,7.58,,
290203,P,2001-07-10,89035,8,73.80,9.91,,
290204,P,2000-02-22,38809,7,41.37,8.96,,
290205,P,2000-12-20,97333,5,42.34,7.02,,
290206,P,2001-06-08,92521,2,56.50,8.75,,
290207,P,2000-10-14,82782,10,21.68,3.98,,
290208,P,2000-03-12,44647,9,2.61,2.86,,
290209,P,2001-06-03,10383,3,7.21,9.46,,
290210,P,2001-09-09,89467,3,54.40,8.63,,
290211,P,2001-07-07,74920,10,35.88,2.35,,
290212,P,2000-05-07,98679,6,74.89,5.59,,
290213,P,2002-01-26,48432,10,3.04,4.73,,
290214,P,2000-10-03,16987,8,59.83,6.92,,
290215,P,2000-01-05,85985,4,41.33,0.13,,
290216,P,2002-05-15,4507,8,7.50,2.68,,
290217,P,2002-06-18,72880,4,87.83,5.77,,
290218,P,2000-05-23,39934,7,63.80,3.84,,
290219,P,2002-09-17,36430,4,65.44,9.52,,
290220,P,2001-06-21,7580,9,9.50,2.67,,
290221,P,2002-04-28,4646,3,19.33,3.85,,
290222,P,2001-08-10,68445,6,5.27,1.66,,
290223,P,2000-11-26,32895,2,41.62,5.59,,
290224,P,2002-07-25,78211,2,64.81,2.90,,
290225,P,2000-07-30,62341,5,80.06,8.33,,
290226,P,2000-12-19,40978,1,57.56,10.00,,
290227,P,2000-08-07,94951,4,86.44,2.61,,
290228,P,2000-01-13,33239,1,98.03,8.15,,
290229,P,2000-02-19,6852,5,35.90,6.78,,
290230,P,2000-04-24,96472,1,38.59,9.40,,
290231,P,2001-03-15,26373,3,9.98,0.19,,
290232,P,2002-03-06,99583,6,51.33,6.74,,
290233,P,2000-01-01,38569,7,23.36,8.96,,
290234,P,2001-06-08,86917,6,37.27,3.62,,
290235,P,2001-08-08,23369,7,55.70,5.59,,
290236,P,2002-05-03,22536,10,1.89,2.51,,
290237,P,2002-03-16,18154,9,85.71,6.15,,
290238,P,2002-05-28,54600,9,57.71,9.99,,
290239,P,2002-01-09,9764,2,6.63,9.43,,
290240,P,2002-07-11,23556,9,43.00,1.50,,
290241,P,2001-09-27,85673,2,80.30,7.84,,
290242,P,2002-03-01,22198,10,41.58,7.83,,
290243,P,2001-07-21,50659,1,0.34,3.25,,
290244,P,2000-07-02,34022,8,54.71,9.22,,
290245,P,2002-07-23,97027,5,43.64,2.44,,
290246,P,2000-03-04,56999,10,63.63,4.38,,
290247,P,2001-12-22,86983,6,82.58,4.67,,
290248,P,2002-01-21,10669,4,85.09,2.39,,
290249,P,2002-03-09,46928,6,73.71,2.87,,
290250,P,2000-01-25,10970,1,24.27,1.47,,
290251,P,2000-08-17,43623,2,30.35,9.68,,
290252,P,2000-12-21,20263,10,48.92,7.02,,
290253,P,2001-04-13,52631,7,89.46,6.10,,
290254,P,2000-09-09,81797,4,27.36,7.45,,
290255,P,2000-05-02,41911,4,98.05,2.84,,
290256,P,2000-01-15,83744,7,36.94,7.62,,
290257,P,2000-09-02,72721,8,93.82,0.44,,
290258,P,2000-01-13,98559,9,92.64,6.08,,
290259,P,2002-08-15,46006,2,12.09,5.02,,
290260,P,2002-05-24,4144,4,55.77,3.53,,
290261,P,2002-08-25,6219,8,78.03,7.17,,
290262,P,2001-01-05,5900,6,77.11,7.57,,
290263,P,2000-11-14,58361,7,56.55,0.27,,
290264,P,2000-11-14,83181,5,35.39,0.22,,
290265,P,2001-03-02,351,8,86.83,9.21,,
290266,P,2002-01-16,79969,7,78.55,8.59,,
290267,P,2002-04-04,17087,3,12.82,9.04,,
290268,P,2001-04-28,80515,10,73.96,1.79,,
290269,P,2002-07-20,49028,4,86.58,1.53,,
290270,P,2000-06-28,35940,4,3.17,4.29,,
290271,P,2000-10-04,34408,6,13.18,3.86,,
290272,P,2001-02-07,55552,10,10.99,2.97,,
290273,P,2000-12-07,72528,4,78.27,4.72,,
290274,P,2002-05-05,46164,3,51.08,7.57,,
290275,P,2000-03-04,82515,4,54.78,8.94,,
290276,P,2001-01-09,76658,10,86.71,3.37,,
290277,P,2000-07-24,41711,4,18.41,0.12,,
290278,P,2002-01-02,53050,10,95.16,1.77,,
290279,P,2001-09-04,88452,6,18.03,1.24,,
290280,P,2002-02-04,50106,8,72.87,9.65,,
290281,P,2002-08-07,27919,8,31.83,6.54,,
290282,P,2000-02-05,65255,9,1.43,1.52,,
290283,P,2001-12-14,42714,8,36.48,5.92,,
290284,P,2000-03-09,46466,2,52.71,0.71,,
290285,P,2000-01-12,17072,9,46.66,2.08,,
290286,P,2001-12-13,89639,2,58.43,5.26,,
290287,P,2002-07-24,4397,10,2.51,5.59,,
290288,P,2002-08-22,3890,7,4.58,5.47,,
290289,P,2000-07-26,88860,3,89.25,3.37,,
290290,P,2000-08-19,66950,2,54.68,6.53,,
290291,P,2001-04-15,42833,1,17.58,7.33,,
290292,P,2000-11-21,29580,8,88.80,0.64,,
290293,P,2002-03-06,84,3,75.10,4.74,,
290294,P,2000-06-18,80431,7,87.63,0.83,,
290295,P,2001-11-17,29593,3,5.04,3.14,,
290296,P,2000-12-05,39129,7,40.10,1.26,,
290297,P,2000-07-12,1465,1,70.70,2.90,,
290298,P,2000-02-04,43083,8,75.36,7.15,,
290299,P,2000-07-10,81667,4,75.13,2.33,,
290300,P,2000-08-01,49397,8,10.45,2.80,,
290301,P,2001-03-30,90186,6,43.49,9.12,,
290302,P,2001-09-07,35162,5,67.56,8.00,,
290303,P,2001-12-11,20438,6,85.40,5.33,,
290304,P,2001-02-19,18267,8,23.07,7.29,,
290305,P,2002-09-14,71280,4,46.15,9.90,,
290306,P,2001-07-28,49515,1,20.98,8.92,,
290307,P,2000-11-19,27684,8,88.72,2.02,,
290308,P,2000-07-14,30834,2,22.47,7.98,,
290309,P,2001-02-15,5680,4,89.87,6.66,,
290310,P,2002-08-30,63458,8,94.70,4.63,,
290311,P,2000-11-02,41167,3,21.11,3.50,,
290312,P,2000-05-10,49114,3,79.29,4.67,,
290313,P,2001-10-02,38671,1,80.41,5.21,,
290314,P,2000-08-09,90450,7,42.55,9.52,,
290315,P,2001-02-08,66711,1,50.91,9.22,,
290316,P,2002-05-13,53513,6,60.12,0.94,,
290317,P,2001-05-29,30381,8,65.18,0.99,,
290318,P,2001-04-18,72929,7,90.65,9.17,,
290319,P,2000-03-15,14592,1,43.48,9.62,,
290320,P,2001-01-05,90463,8,40.05,9.31,,
290321,P,2000-08-09,14176,10,24.05,3.86,,
290322,P,2000-12-18,41545,6,31.14,9.89,,
290323,P,2002-06-02,28477,10,54.39,4.03,,
290324,P,2002-06-12,54312,6,62.35,4.14,,
290325,P,2002-05-26,36370,4,94.66,9.37,,
290326,P,2002-09-27,40685,8,76.29,3.69,,
290327,P,2002-04-26,76363,5,23.43,2.51,,
290328,P,2000-10-05,32228,1,0.64,8.96,,
290329,P,2002-04-17,81413,2,37.03,3.00,,
290330,P,2000-06-17,74168,1,80.20,8.27,,
290331,P,2001-04-23,96206,10,44.73,9.00,,
290332,P,2000-06-09,56277,6,78.83,8.18,,
290333,P,2002-03-25,36344,5,81.00,2.17,,
290334,P,2002-07-11,88287,7,52.63,1.79,,
290335,P,2001-08-28,10062,10,60.48,0.95,,
290336,P,2002-01-14,8537,9,79.42,9.56,,
290337,P,2001-04-22,37254,10,19.64,3.51,,
290338,P,2001-12-30,54580,1,56.55,2.28,,
290339,P,2001-08-16,24112,3,40.06,8.76,,
290340,P,2001-06-26,6249,2,3.98,6.55,,
290341,P,2001-08-01,31921,3,40.16,8.29,,
290342,P,2001-12-29,2101,6,18.14,1.52,,
290343,P,2000-12-05,88812,8,30.30,4.72,,
290344,P,2002-04-17,26411,5,45.63,9.20,,
290345,P,2001-11-20,64551,1,73.83,3.23,,
290346,P,2001-07-13,68456,6,84.84,3.84,,
290347,P,2000-10-16,9227,1,52.34,4.79,,
290348,P,2001-06-28,22997,9,61.77,8.65,,
290349,P,2002-04-22,37805,10,13.13,5.51,,
290350,P,2000-11-07,92059,7,7.57,2.13,,
290351,P,2001-12-14,63972,6,82.58,9.37,,
290352,P,2000-03-17,51414,7,22.02,6.10,,
290353,P,2000-07-07,81418,3,11.58,3.70,,
290354,P,2001-01-21,33496,7,97.69,1.99,,
290355,P,2002-08-15,82579,1,80.21,4.46,,
290356,P,2000-05-11,51198,7,7.92,4.78,,
290357,P,2001-11-14,71363,9,3.05,4.18,,
290358,P,2002-05-01,4876,6,19.12,9.34,,
290359,P,2000-05-31,70848,10,36.60,7.68,,
290360,P,2001-12-05,88707,4,21.97,5.94,,
290361,P,2000-02-19,14896,9,8.81,8.94,,
290362,P,2002-05-12,67974,5,39.87,1.40,,
290363,P,2000-11-03,98559,10,60.18,2.46,,
290364,P,2001-12-04,55061,6,7.28,2.27,,
290365,P,2001-03-05,89489,10,57.44,2.57,,
290366,P,2000-01-26,74451,8,48.96,5.90,,
290367,P,2000-05-21,33548,7,70.91,1.30,,
290368,P,2001-05-10,76918,6,25.33,2.28,,
290369,P,2000-10-24,34572,8,24.25,5.58,,
290370,P,2001-08-19,86570,4,53.35,1.17,,
290371,P,2001-03-31,47712,1,80.53,4.68,,
290372,P,2002-04-11,14878,2,12.18,8.99,,
290373,P,2000-08-29,55406,8,51.89,1.53,,
290374,P,2000-04-07,60123,7,61.34,7.42,,
290375,P,2001-05-25,59384,3,91.40,8.60,,
290376,P,2001-01-30,17632,8,52.84,1.07,,
