171912,P,2001-11-22,58236,8,71.81,6.28,,
171913,P,2002-02-03,69175,5,99.38,5.79,,
171914,P,2000-03-21,51465,4,99.27,8.72,,
171915,P,2000-10-16,96648,1,74.70,9.41,,
171916,P,2001-10-19,16162,6,95.97,0.97,,
171917,P,2000-11-23,26983,4,92.04,2.30,,
171918,P,2000-08-23,67562,7,19.23,8.32,,
171919,P,2000-09-02,49895,1,27.49,6.83,,
171920,P,2000-05-29,73603,3,84.32,2.62,,
171921,P,2002-04-12,37785,9,16.24,1.93,,
171922,P,2000-09-05,37234,2,0.15,4.93,,
171923,P,2000-11-04,19185,9,17.83,8.35,,
171924,P,2000-10-15,18463,1,83.80,6.30,,
171925,P,2001-09-04,98703,9,57.83,6.26,,
171926,P,2000-03-24,78559,10,80.75,9.14,,
171927,P,2001-12-18,67969,1,57.17,0.01,,
171928,P,2000-04-15,6448,8,36.43,7.27,,
171929,P,2000-12-10,41695,7,2.46,3.12,,
171930,P,2001-09-09,59241,9,1.59,9.36,,
171931,P,2001-06-09,14133,7,43.06,9.36,,
171932,P,2001-12-17,69140,1,60.54,8.31,,
171933,P,2002-07-23,41086,6,64.83,1.02,,
171934,P,2001-10-19,99298,8,20.94,5.03,,
171935,P,2001-12-11,3570,2,49.82,8.26,,
171936,P,2000-12-10,82226,5,20.52,4.01,,
171937,P,2002-01-02,9972,5,89.89,3.74,,
171938,P,2001-03-28,59092,5,3.47,8.47,,
171939,P,2000-06-22,90974,9,42.34,6.65,,
171940,P,2001-09-16,58226,1,69.67,7.58,,
171941,P,2001-06-23,91964,2,48.09,6.52,,
171942,P,2001-06-28,73585,10,43.16,1.09,,
171943,P,2002-02-12,78095,1,78.27,7.53,,
171944,P,2000-04-15,45848,1,79.64,3.47,,
171945,P,2001-01-19,39108,7,28.11,0.34,,
171946,P,2002-07-23,27639,9,75.89,0.24,,
171947,P,2001-02-15,39064,8,52.36,8.63,,
171948,P,2001-01-24,26321,9,24.73,7.08,,
171949,P,2000-11-25,60140,8,7.72,8.07,,
171950,P,2001-03-20,89272,3,14.56,0.54,,
171951,P,2001-08-24,57468,7,31.32,6.76,,
171952,P,2002-02-07,86535,7,82.23,5.78,,
171953,P,2000-03-10,44347,6,24.76,6.31,,
171954,P,2001-10-16,86614,5,37.96,3.16,,
171955,P,2002-03-07,35167,10,65.48,1.57,,
171956,P,2002-02-15,26851,9,82.06,8.78,,
171957,P,2002-05-09,34054,5,2.68,3.15,,
171958,P,2001-03-07,26530,5,44.34,5.57,,
171959,P,2002-03-19,20630,4,58.00,0.34,,
171960,P,2002-08-14,78163,8,92.98,6.82,,
171961,P,2002-09-25,21774,7,20.70,6.53,,
171962,P,2001-07-04,9810,4,4.45,5.12,,
171963,P,2001-06-22,59150,4,0.89,0.67,,
171964,P,2002-08-16,99190,4,48.53,9.54,,
171965,P,2000-04-09,76085,5,47.62,6.01,,
171966,P,2002-05-05,89533,6,44.83,3.52,,
171967,P,2002-09-26,80412,8,18.99,0.62,,
171968,P,2001-10-09,41624,6,19.53,0.73,,
171969,P,2000-01-25,2232,9,63.23,6.64,,
171970,P,2001-09-11,65441,8,30.84,6.50,,
171971,P,2000-06-17,4316,5,14.89,9.30,,
171972,P,2001-06-02,42836,2,11.87,2.74,,
171973,P,2001-09-27,62681,3,51.76,1.85,,
171974,P,2002-06-20,15631,9,93.84,3.78,,
171975,P,2000-12-13,56506,3,17.18,6.70,,
171976,P,2000-09-20,8898,2,3.15,6.95,,
171977,P,2001-12-09,70188,2,91.39,4.78,,
171978,P,2000-11-29,34458,3,89.40,9.39,,
171979,P,2000-09-03,6657,10,94.03,1.20,,
171980,P,2001-11-30,67712,5,6.88,9.70,,
171981,P,2000-10-13,86460,2,94.63,1.54,,
171982,P,2002-08-09,27356,5,58.48,4.17,,
171983,P,2002-03-12,71085,5,45.72,1.96,,
171984,P,2002-02-27,80981,4,30.75,0.00,,
171985,P,2001-06-28,74861,4,84.03,2.17,,
171986,P,2000-05-26,49241,8,63.63,5.71,,
171987,P,2001-03-22,49957,8,8.74,7.73,,
171988,P,2000-07-27,80602,5,17.68,5.74,,
171989,P,2001-03-09,94923,3,24.46,0.78,,
171990,P,2002-02-22,45293,7,47.54,1.89,,
171991,P,2002-03-16,59536,9,11.55,1.13,,
171992,P,2001-01-17,40057,1,40.86,5.54,,
171993,P,2000-10-30,56534,5,64.37,5.01,,
171994,P,2000-02-07,91609,9,82.33,7.27,,
171995,P,2000-08-25,19954,8,17.35,0.52,,
171996,P,2001-08-09,16149,2,56.38,3.93,,
171997,P,2000-10-07,78111,3,24.33,9.78,,
171998,P,2001-09-16,79335,4,72.82,5.03,,
171999,P,2001-11-30,34047,2,51.34,0.40,,
172000,P,2001-03-29,84087,5,34.93,3.22,,
172001,P,2002-09-18,27149,2,39.07,6.19,,
172002,P,2002-04-24,50200,7,66.14,6.41,,
172003,P,2001-08-17,62125,1,32.62,6.34,,
172004,P,2001-11-14,73680,10,61.25,2.86,,
172005,P,2000-07-29,44275,3,83.98,5.59,,
172006,P,2000-04-11,29017,4,64.58,0.41,,
172007,P,2000-01-03,82837,8,51.54,2.46,,
172008,P,2001-09-25,54459,2,99.95,9.17,,
172009,P,2000-11-20,50486,9,68.67,7.53,,
172010,P,2002-06-15,29958,5,98.29,2.17,,
172011,P,2002-06-17,31119,9,50.22,4.04,,
172012,P,2000-05-31,92620,1,94.30,4.22,,
172013,P,2001-09-17,97413,10,43.92,3.54,,
172014,P,2000-02-28,22046,10,80.07,2.36,,
172015,P,2000-10-24,45302,7,11.93,0.30,,
172016,P,2000-06-01,667,6,65.53,7.04,,
172017,P,2002-01-31,6943,9,13.78,0.16,,
172018,P,2002-04-23,86319,7,47.23,1.93,,
172019,P,2001-09-01,37203,9,95.30,2.29,,
172020,P,2002-02-06,37965,2,88.04,6.62,,
172021,P,2001-01-19,80872,6,69.61,2.61,,
172022,P,2001-07-09,62707,9,98.90,5.07,,
172023,P,2000-06-13,32562,2,51.55,4.01,,
172024,P,2002-04-25,1937,5,30.30,5.80,,
172025,P,2002-04-20,11516,5,86.02,5.41,,
172026,P,2001-07-30,48585,4,97.27,1.14,,
172027,P,2002-03-31,72477,8,68.15,3.05,,
172028,P,2001-03-13,14452,9,9.92,7.13,,
172029,P,2002-07-30,93303,1,43.79,9.74,,
172030,P,2000-10-03,99923,4,0.36,2.35,,
172031,P,2000-08-07,32394,8,21.29,2.72,,
172032,P,2002-06-21,87009,3,9.09,9.57,,
172033,P,2002-01-18,72077,5,6.19,8.45,,
172034,P,2001-04-22,20593,10,34.71,5.06,,
172035,P,2000-12-15,21181,4,44.87,1.39,,
172036,P,2001-08-15,98168,4,1.88,6.01,,
172037,P,2002-04-27,62187,2,34.07,4.03,,
172038,P,2000-09-17,18407,6,67.42,9.89,,
172039,P,2001-04-10,25037,3,46.37,9.61,,
172040,P,2001-11-21,44099,10,69.93,6.07,,
172041,P,2002-07-14,26921,9,22.41,4.66,,
172042,P,2002-06-03,85389,6,44.76,7.13,,
172043,P,2002-08-15,20932,2,8.48,2.14,,
172044,P,2000-10-24,23632,3,64.17,1.84,,
172045,P,2002-05-31,6860,9,53.03,6.55,,
172046,P,2002-07-02,61578,1,81.49,8.51,,
172047,P,2002-06-08,18603,8,13.07,0.18,,
172048,P,2002-06-13,86972,7,24.29,9.99,,
172049,P,2000-02-15,79640,10,47.81,7.04,,
172050,P,2000-10-04,80726,6,61.02,2.47,,
172051,P,2000-10-14,10540,2,8.30,7.30,,
172052,P,2001-03-16,13973,9,79.32,5.14,,
172053,P,2000-08-05,94927,8,57.78,6.12,,
172054,P,2001-02-19,47275,8,67.80,9.73,,
172055,P,2002-07-05,26819,10,91.15,3.74,,
172056,P,2000-10-25,55196,9,78.47,9.36,,
172057,P,2001-02-08,34958,5,29.69,1.97,,
172058,P,2001-06-16,74901,9,13.42,6.78,,
172059,P,2001-10-09,52811,8,24.31,5.84,,
172060,P,2000-09-26,67067,2,86.28,9.55,,
172061,P,2000-12-10,3179,6,49.52,3.29,,
172062,P,2002-09-04,95715,7,11.43,1.52,,
172063,P,2000-10-26,88635,2,16.39,0.64,,
172064,P,2002-01-06,72973,5,47.07,6.20,,
172065,P,2000-06-18,33194,3,80.57,3.15,,
172066,P,2001-03-05,17804,2,20.14,3.31,,
172067,P,2001-05-09,30863,7,14.70,1.28,,
172068,P,2000-05-18,2162,8,7.61,1.00,,
172069,P,2001-03-10,90393,7,94.53,7.85,,
172070,P,2000-01-30,39708,4,39.43,2.30,,
172071,P,2002-06-06,13015,3,99.07,5.29,,
172072,P,2000-02-01,8801,2,40.75,4.15,,
172073,P,2002-07-16,36269,8,38.93,6.88,,
172074,P,2002-03-26,28930,4,84.87,8.63,,
172075,P,2000-02-24,40692,6,88.42,7.15,,
172076,P,2001-07-10,77249,4,89.97,9.24,,
172077,P,2000-04-24,26790,6,76.44,9.86,,
172078,P,2000-05-06,11261,3,95.84,5.81,,
172079,P,2001-07-21,65005,4,98.61,4.58,,
172080,P,2001-08-28,55976,10,90.28,4.84,,
172081,P,2002-07-22,87124,9,7.85,0.28,,
172082,P,2000-02-04,6919,2,89.05,0.81,,
172083,P,2002-02-02,55856,6,37.25,5.69,,
172084,P,2000-01-20,61597,3,42.57,6.38,,
172085,P,2000-01-04,1362,9,6.04,2.27,,
172086,P,2001-06-23,43018,10,65.58,9.02,,
172087,P,2001-06-24,27033,6,50.38,4.61,,
172088,P,2001-10-28,60902,4,60.32,3.61,,
172089,P,2002-05-25,46237,4,95.20,0.78,,
172090,P,2000-01-08,22331,3,83.17,3.81,,
172091,P,2000-09-30,88846,7,65.60,8.44,,
172092,P,2001-12-25,98639,9,43.03,2.17,,
172093,P,2002-09-13,22399,9,43.64,6.32,,
172094,P,2001-06-13,23538,2,21.80,4.00,,
172095,P,2002-01-27,2015,10,59.73,8.58,,
172096,P,2001-12-31,14825,7,97.89,3.10,,
172097,P,2000-09-04,47504,6,71.96,2.85,,
172098,P,2001-09-30,94511,5,4.40,9.07,,
172099,P,2000-09-21,88438,4,51.99,4.78,,
172100,P,2001-04-17,26212,9,13.42,2.74,,
172101,P,2000-12-29,84796,7,12.22,5.55,,
172102,P,2000-06-18,89231,8,63.76,2.24,,
172103,P,2002-06-05,37675,4,75.62,9.20,,
172104,P,2002-03-30,31112,4,55.34,2.54,,
172105,P,2000-04-21,71086,8,22.38,5.27,,
172106,P,2001-03-14,93517,1,22.74,1.22,,
172107,P,2002-04-30,3128,2,97.35,4.33,,
172108,P,2002-05-24,20393,3,65.93,9.74,,
172109,P,2002-04-14,55087,3,64.56,3.22,,
172110,P,2000-01-26,22318,9,35.13,8.63,,
172111,P,2000-12-26,74319,4,17.83,4.84,,
172112,P,2001-06-17,95539,2,49.72,7.05,,
172113,P,2000-04-17,65139,5,98.19,7.30,,
172114,P,2001-07-17,77383,3,36.31,8.38,,
172115,P,2001-03-26,62423,5,0.64,0.39,,
172116,P,2002-04-22,74000,4,68.70,3.87,,
172117,P,2001-04-16,59486,1,56.04,2.86,,
172118,P,2001-05-14,59039,3,23.67,2.74,,
172119,P,2002-05-12,68100,7,4.70,0.13,,
172120,P,2001-05-04,11111,10,2.61,8.58,,
172121,P,2002-05-15,11476,9,51.48,4.16,,
172122,P,2000-07-09,19143,9,95.39,4.19,,
172123,P,2000-04-09,98610,10,70.90,2.34,,
172124,P,2000-09-07,79073,4,52.72,7.21,,
172125,P,2000-03-13,95064,8,54.01,2.09,,
172126,P,2002-04-11,74637,5,86.09,2.36,,
172127,P,2000-07-01,21944,7,44.90,3.20,,
172128,P,2001-07-26,15003,9,59.03,9.06,,
172129,P,2001-10-23,30054,10,46.75,8.90,,
172130,P,2000-08-28,52210,8,78.29,2.36,,
172131,P,2000-03-25,6087,6,30.38,9.42,,
172132,P,2000-06-03,34926,5,64.75,1.93,,
172133,P,2001-01-30,51867,7,61.17,4.25,,
172134,P,2000-02-28,63858,2,96.89,5.34,,
172135,P,2002-05-31,27822,6,27.03,5.07,,
172136,P,2000-08-15,40732,10,20.00,3.65,,
172137,P,2001-03-02,68542,7,81.83,8.18,,
172138,P,2000-04-24,33080,2,88.00,0.05,,
172139,P,2002-08-27,45031,10,62.02,6.67,,
172140,P,2002-03-31,72929,1,25.73,0.87,,
172141,P,2002-08-01,92928,10,61.15,7.11,,
172142,P,2001-05-24,25298,4,41.70,6.41,,
172143,P,2000-08-27,23229,3,93.48,8.35,,
172144,P,2001-12-07,79534,3,47.85,1.67,,
172145,P,2001-03-16,7240,8,36.04,7.40,,
172146,P,2000-11-02,74672,9,91.46,9.50,,
172147,P,2000-02-12,62869,7,84.29,2.03,,
172148,P,2001-09-03,42027,6,40.18,8.09,,
172149,P,2001-03-12,97453,9,22.25,3.41,,
172150,P,2000-12-03,48761,2,24.90,0.56,,
172151,P,2000-07-10,87553,7,96.38,6.43,,
172152,P,2002-09-05,71889,8,70.93,5.27,,
172153,P,2001-08-27,85720,2,5.06,4.51,,
172154,P,2002-08-12,78158,1,97.88,2.06,,
172155,P,2001-11-02,21287,6,43.15,3.25,,
172156,P,2000-05-09,90532,6,10.54,3.76,,
172157,P,2000-10-16,77791,5,8.02,4.63,,
172158,P,2000-07-15,44749,2,24.06,6.40,,
172159,P,2001-10-13,83963,2,24.65,4.89,,
172160,P,2002-03-10,86736,2,7.41,2.02,,
172161,P,2001-07-14,14381,3,89.96,7.22,,
172162,P,2000-09-09,21149,9,69.35,9.18,,
172163,P,2002-05-16,17206,7,40.35,2.33,,
172164,P,2002-07-21,31237,4,74.25,9.75,,
172165,P,2000-03-16,79980,6,60.08,6.81,,
172166,P,2001-04-20,51805,8,65.68,8.05,,
172167,P,2001-04-06,4900,4,8.32,3.87,,
172168,P,2001-03-11,57294,1,88.86,6.67,,
172169,P,2001-12-19,66246,9,30.90,6.71,,
172170,P,2000-02-25,92475,10,87.44,6.14,,
172171,P,2000-10-05,13788,4,63.98,3.76,,
172172,P,2001-08-05,85771,7,36.29,8.27,,
172173,P,2001-04-24,16296,5,84.87,9.30,,
172174,P,2000-04-29,13323,1,84.22,4.08,,
172175,P,2000-02-09,9910,7,70.09,2.95,,
172176,P,2001-11-03,70520,3,26.72,2.55,,
172177,P,2002-01-30,30009,4,62.78,8.56,,
172178,P,2000-09-19,65972,5,1.14,0.38,,
172179,P,2002-02-13,59043,8,64.77,0.48,,
172180,P,2000-12-13,27056,9,5.73,5.44,,
172181,P,2001-10-05,15547,9,10.36,0.27,,
172182,P,2001-03-20,82164,3,63.60,3.41,,
172183,P,2001-04-12,18091,3,21.21,4.28,,
172184,P,2001-09-11,65844,3,46.60,9.60,,
172185,P,2000-03-27,19930,1,94.56,0.89,,
172186,P,2002-06-08,94585,4,27.95,1.67,,
172187,P,2001-05-20,78161,10,27.22,6.40,,
172188,P,2000-09-23,59273,1,52.40,3.69,,
172189,P,2000-09-29,70743,7,92.88,9.62,,
172190,P,2000-08-30,3951,4,68.01,7.64,,
172191,P,2000-04-24,92194,6,3.96,2.25,,
172192,P,2001-03-22,97240,6,82.46,6.65,,
172193,P,2001-11-28,53228,10,50.58,5.14,,
172194,P,2002-09-18,79386,1,36.70,6.45,,
172195,P,2002-02-26,23733,8,42.05,8.67,,
172196,P,2001-02-26,52207,7,64.88,4.30,,
172197,P,2001-10-09,33760,10,9.61,1.39,,
172198,P,2001-02-25,14546,8,95.15,8.85,,
172199,P,2000-10-20,71121,8,4.63,7.28,,
172200,P,2001-07-04,17097,9,6.33,4.52,,
172201,P,2000-08-18,68737,3,83.09,5.00,,
172202,P,2001-02-15,682,2,20.82,2.93,,
172203,P,2002-02-14,81348,9,75.77,2.59,,
172204,P,2000-05-06,78764,9,76.14,8.10,,
172205,P,2001-02-17,63232,10,22.24,8.69,,
172206,P,2001-06-30,29879,5,66.23,4.38,,
172207,P,2002-02-15,16922,7,22.50,5.28,,
172208,P,2000-05-29,50183,4,93.79,1.62,,
172209,P,2000-01-25,99087,1,47.70,7.20,,
172210,P,2001-08-14,9690,6,20.59,4.22,,
172211,P,2000-03-17,67399,1,80.47,5.32,,
172212,P,2001-05-13,74790,6,52.36,0.42,,
172213,P,2001-11-15,96894,2,71.68,1.68,,
172214,P,2000-09-24,44867,4,35.23,3.27,,
172215,P,2002-06-18,98843,4,10.05,3.64,,
172216,P,2000-04-01,38593,9,97.97,7.38,,
172217,P,2001-06-10,90229,2,42.75,0.74,,
172218,P,2002-06-27,15507,2,16.63,9.35,,
172219,P,2001-10-24,70279,4,88.61,8.94,,
172220,P,2001-07-08,61,3,81.76,6.75,,
172221,P,2002-06-17,88657,1,69.23,7.69,,
172222,P,2000-12-18,53709,10,68.58,9.12,,
172223,P,2002-03-04,57035,1,22.65,1.38,,
172224,P,2000-06-10,44320,5,88.50,3.19,,
172225,P,2001-07-16,1345,3,13.15,3.95,,
172226,P,2002-06-16,48043,4,19.14,1.38,,
172227,P,2000-05-10,71503,4,54.11,8.71,,
172228,P,2000-04-13,43063,6,16.85,6.76,,
172229,P,2001-07-24,39135,1,75.06,8.72,,
172230,P,2002-09-22,84779,9,59.81,1.16,,
172231,P,2000-11-25,60361,6,35.98,6.07,,
172232,P,2001-02-07,29164,4,9.87,1.01,,
172233,P,2001-10-29,158,5,42.91,3.61,,
172234,P,2000-10-16,87398,4,13.96,7.99,,
172235,P,2000-04-05,5605,1,34.07,1.98,,
172236,P,2002-06-15,73594,7,51.02,0.81,,
172237,P,2002-04-23,39597,7,67.48,9.74,,
172238,P,2002-06-17,33119,3,97.07,2.12,,
172239,P,2001-10-11,21974,5,93.46,1.81,,
172240,P,2001-02-10,76860,3,80.23,0.04,,
172241,P,2002-06-06,44781,3,25.52,5.26,,
172242,P,2001-11-18,55183,9,60.36,2.92,,
172243,P,2001-01-24,63405,2,78.68,8.96,,
172244,P,2002-04-17,57313,9,69.10,3.10,,
172245,P,2001-02-21,54340,8,55.02,8.78,,
172246,P,2000-03-01,53224,5,28.04,5.50,,
172247,P,2001-01-16,19178,2,22.73,0.67,,
172248,P,2001-01-19,67544,1,31.77,5.61,,
172249,P,2001-08-09,59537,3,1.60,9.27,,
172250,P,2002-06-26,82676,9,43.49,8.00,,
172251,P,2001-05-13,64473,8,21.50,5.97,,
172252,P,2002-02-26,6459,4,9.95,7.74,,
172253,P,2002-07-23,79586,4,56.68,6.67,,
172254,P,2001-07-14,85070,5,1.87,6.33,,
172255,P,2000-05-03,30608,1,28.74,8.28,,
172256,P,2000-05-22,9112,2,81.25,7.44,,
172257,P,2000-01-04,29765,6,69.39,9.79,,
172258,P,2002-02-20,14721,9,75.46,3.67,,
172259,P,2002-04-12,26717,7,69.43,5.61,,
172260,P,2002-06-16,24441,3,27.85,1.59,,
172261,P,2000-03-28,56491,6,64.14,3.89,,
172262,P,2002-05-28,2892,5,25.24,2.99,,
172263,P,2002-05-17,71337,2,81.84,1.15,,
172264,P,2000-11-25,12898,8,42.43,3.39,,
172265,P,2000-04-21,18493,6,31.94,5.04,,
172266,P,2000-08-03,88703,9,92.25,1.67,,
172267,P,2000-12-21,53996,3,57.34,7.20,,
172268,P,2001-09-13,10770,1,37.35,5.46,,
172269,P,2000-06-14,11322,4,10.59,6.93,,
172270,P,2000-11-23,79029,6,58.52,5.77,,
172271,P,2001-07-18,86153,8,59.70,1.63,,
172272,P,2001-01-12,13958,1,26.04,2.02,,
172273,P,2002-08-08,89262,1,13.29,2.67,,
172274,P,2002-01-02,48916,7,52.63,2.61,,
172275,P,2000-02-16,18489,2,34.23,7.36,,
172276,P,2002-07-11,21212,9,49.73,8.25,,
172277,P,2001-03-08,22582,9,15.36,8.78,,
172278,P,2000-04-23,577,9,78.58,6.81,,
172279,P,2002-04-14,46011,8,65.27,9.61,,
172280,P,2002-02-14,41365,8,70.11,4.59,,
172281,P,2000-01-13,82306,7,50.96,3.50,,
172282,P,2000-10-12,17126,7,6.30,3.71,,
172283,P,2002-05-07,93105,4,95.99,0.70,,
172284,P,2000-02-22,81472,3,52.51,8.97,,
172285,P,2002-02-21,81417,9,42.23,6.39,,
172286,P,2001-05-31,16226,7,26.05,8.69,,
172287,P,2000-06-30,40124,10,50.30,8.91,,
172288,P,2000-11-21,96793,10,24.31,5.02,,
172289,P,2000-05-01,55817,8,94.36,1.28,,
172290,P,2000-03-03,95773,8,42.06,0.05,,
172291,P,2001-05-31,45210,1,71.80,8.16,,
172292,P,2001-01-12,68441,9,90.22,2.92,,
172293,P,2001-03-10,19598,10,98.76,1.61,,
172294,P,2000-04-15,76342,7,66.11,3.69,,
172295,P,2000-11-30,41317,4,39.78,0.12,,
172296,P,2001-12-31,70005,4,47.34,8.45,,
172297,P,2000-10-20,95243,3,13.51,9.26,,
172298,P,2001-01-22,2047,3,30.29,1.54,,
172299,P,2001-05-19,35759,2,1.38,7.58,,
172300,P,2000-09-12,53018,9,40.85,0.61,,
172301,P,2000-10-13,52676,3,69.28,9.36,,
172302,P,2001-03-04,74362,1,20.73,7.99,,
172303,P,2002-03-31,5663,9,46.37,7.34,,
172304,P,2000-08-11,88776,4,40.28,4.18,,
172305,P,2000-02-11,85803,5,97.67,0.86,,
172306,P,2000-04-22,86197,3,43.05,7.33,,
172307,P,2001-05-16,59302,4,89.92,3.17,,
172308,P,2001-02-19,60991,3,20.56,4.43,,
172309,P,2000-05-26,89447,7,16.38,7.66,,
172310,P,2001-05-28,34258,6,47.43,0.74,,
172311,P,2001-10-12,80013,8,63.36,0.31,,
172312,P,2000-06-13,17858,6,21.63,2.22,,
172313,P,2002-06-27,12141,9,4.21,0.20,,
172314,P,2001-02-27,78930,6,44.23,7.25,,
172315,P,2001-05-20,17582,6,77.28,8.23,,
172316,P,2001-09-04,42649,8,92.26,4.04,,
172317,P,2000-03-01,2011,1,17.95,5.66,,
172318,P,2000-04-14,44723,4,65.10,7.45,,
172319,P,2001-12-16,64808,10,58.09,1.18,,
172320,P,2002-01-28,6574,8,89.01,5.85,,
172321,P,2000-10-29,43422,3,63.73,2.56,,
172322,P,2001-07-03,14248,10,82.34,5.62,,
172323,P,2001-08-27,7041,8,6.72,2.16,,
172324,P,2001-03-28,25790,7,81.82,3.83,,
172325,P,2002-02-12,44836,4,45.56,6.75,,
172326,P,2002-04-26,41377,2,83.32,1.53,,
172327,P,2002-04-20,1009,1,8.92,5.75,,
172328,P,2002-03-12,66556,1,93.34,7.97,,
172329,P,2000-06-09,16927,10,54.32,6.29,,
172330,P,2002-07-22,11287,6,85.19,3.70,,
172331,P,2001-09-18,32540,2,70.30,4.21,,
172332,P,2001-11-16,3997,2,47.48,5.56,,
172333,P,2000-09-05,79409,5,59.54,1.93,,
172334,P,2002-05-05,57072,8,9.69,9.11,,
172335,P,2001-02-20,69648,9,86.60,4.03,,
172336,P,2001-01-13,32620,4,34.63,0.24,,
172337,P,2002-04-08,75256,1,26.06,6.95,,
172338,P,2001-04-02,67536,9,68.07,4.71,,
172339,P,2000-03-04,80062,7,44.92,9.31,,
172340,P,2000-03-28,56982,4,27.36,8.61,,
172341,P,2000-09-12,61526,2,37.50,8.79,,
172342,P,2000-02-26,20496,9,61.86,6.44,,
172343,P,2000-11-25,96971,9,88.53,2.69,,
172344,P,2001-09-23,79835,4,31.03,1.28,,
172345,P,2000-07-28,97803,9,16.10,5.85,,
172346,P,2002-05-26,51106,2,85.44,4.49,,
172347,P,2001-03-08,7209,5,11.86,2.88,,
172348,P,2002-07-30,87497,5,22.78,9.23,,
172349,P,2001-10-03,50698,3,99.93,9.49,,
172350,P,2000-05-06,17257,3,49.21,6.33,,
172351,P,2000-01-06,1005,7,77.50,1.22,,
172352,P,2002-02-25,46145,5,58.60,6.60,,
172353,P,2002-01-14,22282,9,46.29,0.12,,
172354,P,2001-01-27,20379,4,74.75,8.60,,
172355,P,2002-09-15,57838,8,73.45,3.40,,
172356,P,2000-06-08,27049,5,2.65,3.72,,
172357,P,2002-03-25,39415,2,34.91,8.55,,
172358,P,2000-08-18,15612,6,35.32,8.62,,
172359,P,2002-05-09,28274,5,9.07,7.81,,
172360,P,2000-07-07,43238,1,65.30,0.95,,
172361,P,2001-09-06,41622,2,10.09,1.46,,
172362,P,2001-08-15,18631,6,50.92,3.70,,
172363,P,2000-06-30,60777,2,61.42,5.79,,
172364,P,2000-03-25,95418,2,81.13,1.09,,
172365,P,2000-05-26,32701,5,59.61,3.10,,
172366,P,2002-09-06,42821,1,1.61,1.74,,
172367,P,2001-12-09,60952,6,46.28,2.80,,
172368,P,2000-08-14,25077,10,97.21,6.16,,
172369,P,2001-03-26,55794,3,9.70,0.40,,
172370,P,2002-07-18,46300,1,16.11,5.13,,
172371,P,2000-01-07,19769,8,58.16,9.37,,
172372,P,2000-09-11,51500,4,48.65,2.40,,
172373,P,2000-03-22,25,4,53.76,1.74,,
172374,P,2001-10-21,94059,10,35.38,2.20,,
172375,P,2000-07-02,48687,10,60.74,4.95,,
172376,P,2001-07-08,76895,5,7.44,8.70,,
172377,P,2001-11-05,66644,1,30.14,9.84,,
172378,P,2001-02-19,14356,9,49.67,3.25,,
172379,P,2002-08-17,83320,2,21.69,7.14,,
172380,P,2002-01-12,73313,7,57.66,2.67,,
172381,P,2002-05-10,96554,10,43.23,2.24,,
172382,P,2000-05-20,6568,9,80.60,0.47,,
172383,P,2001-12-30,64328,8,21.61,7.63,,
172384,P,2000-05-20,30574,7,7.18,1.06,,
172385,P,2002-07-24,58272,4,89.78,2.38,,
172386,P,2001-12-29,80577,3,16.74,0.27,,
172387,P,2001-08-21,8488,7,21.71,5.48,,
172388,P,2000-06-01,97311,3,67.63,6.71,,
172389,P,2000-10-19,63607,7,67.80,2.53,,
172390,P,2000-01-13,77881,1,81.24,3.91,,
172391,P,2000-02-12,46269,5,68.01,0.10,,
172392,P,2001-07-15,49942,5,92.64,4.03,,
172393,P,2002-08-22,3509,5,14.34,9.00,,
172394,P,2002-03-23,32309,3,23.14,2.21,,
172395,P,2002-05-03,25877,6,60.68,5.75,,
172396,P,2002-06-21,76159,2,63.18,6.56,,
172397,P,2000-09-17,19121,4,74.52,4.81,,
172398,P,2001-09-07,44049,1,46.50,8.25,,
172399,P,2000-08-17,5993,5,98.68,5.81,,
172400,P,2000-12-22,25157,1,90.49,3.44,,
172401,P,2000-02-22,93830,3,41.56,7.04,,
172402,P,2002-03-22,45629,10,36.11,2.00,,
172403,P,2001-06-19,47416,7,83.13,0.99,,
172404,P,2001-05-30,33529,4,47.58,8.13,,
172405,P,2000-03-20,18384,10,41.58,4.69,,
172406,P,2000-10-31,65509,4,54.59,6.51,,
172407,P,2002-01-04,84346,2,84.23,0.78,,
172408,P,2001-09-27,42413,5,33.37,3.58,,
172409,P,2000-08-09,6041,10,51.52,6.41,,
172410,P,2000-12-13,7442,4,91.10,6.32,,
172411,P,2000-08-14,80829,2,91.65,6.18,,
172412,P,2001-04-15,9553,4,23.10,0.95,,
172413,P,2000-12-14,76975,5,97.82,9.55,,
172414,P,2000-12-10,49789,2,43.75,1.85,,
172415,P,2001-08-18,72599,3,27.36,5.60,,
172416,P,2002-06-14,68135,9,77.39,0.36,,
172417,P,2000-05-10,97959,2,74.42,0.34,,
172418,P,2000-07-31,63923,1,57.26,3.10,,
172419,P,2001-01-31,86468,6,66.77,3.99,,
172420,P,2000-01-28,27546,8,93.30,9.15,,
172421,P,2000-03-11,88064,10,94.84,6.99,,
172422,P,2000-04-30,14406,10,76.88,7.02,,
172423,P,2002-01-14,78202,4,83.67,0.59,,
172424,P,2000-01-12,49687,6,45.51,2.85,,
172425,P,2002-05-23,9203,7,11.44,4.90,,
172426,P,2001-03-29,5288,8,32.03,7.66,,
172427,P,2000-02-21,25529,9,77.24,5.00,,
172428,P,2001-01-08,66423,8,94.37,7.97,,
172429,P,2001-11-21,12456,10,21.73,3.59,,
172430,P,2001-01-09,17495,7,81.29,3.70,,
172431,P,2000-12-11,23162,10,19.29,7.84,,
172432,P,2001-08-03,50466,6,56.36,0.12,,
172433,P,2000-02-09,1993,8,2.86,0.04,,
172434,P,2002-06-10,8863,2,41.73,4.19,,
172435,P,2000-01-30,19663,2,8.12,4.66,,
172436,P,2000-06-10,56677,10,4.38,3.66,,
172437,P,2001-09-01,6860,3,66.39,3.52,,
172438,P,2001-01-20,95637,9,69.16,5.57,,
172439,P,2001-05-29,10216,9,19.42,1.43,,
172440,P,2000-10-06,56479,3,74.42,3.53,,
172441,P,2000-12-25,54009,9,6.23,5.09,,
172442,P,2000-09-20,92917,1,68.88,2.86,,
172443,P,2002-05-02,90877,9,34.41,0.55,,
172444,P,2002-03-10,87980,7,67.41,8.05,,
172445,P,2002-04-25,65470,9,74.66,0.46,,
172446,P,2000-01-02,4377,8,41.15,7.29,,
172447,P,2002-07-11,98628,3,54.91,7.80,,
172448,P,2000-08-10,74744,2,16.04,9.97,,
172449,P,2000-11-01,78974,3,59.92,9.34,,
172450,P,2002-03-31,42945,4,64.85,5.68,,
172451,P,2001-04-02,88827,3,4.28,9.77,,
172452,P,2001-05-15,82569,9,71.44,8.18,,
172453,P,2001-05-13,18044,8,90.18,1.36,,
172454,P,2002-06-13,51084,2,97.03,6.35,,
172455,P,2001-06-17,95922,8,63.43,4.71,,
172456,P,2001-05-24,48861,6,73.69,8.79,,
172457,P,2000-01-29,37184,2,86.68,3.74,,
172458,P,2000-02-05,45110,1,48.55,1.73,,
172459,P,2001-12-24,79952,6,20.35,7.69,,
172460,P,2001-02-24,51941,3,70.01,6.25,,
172461,P,2001-04-02,27753,6,54.16,4.95,,
172462,P,2000-03-21,30279,7,86.04,7.45,,
172463,P,2001-04-18,12224,1,98.45,6.71,,
172464,P,2002-04-05,74623,6,49.09,6.54,,
172465,P,2000-07-21,75547,7,51.44,3.79,,
172466,P,2000-02-12,75506,3,63.11,6.63,,
172467,P,2002-05-07,76297,5,89.52,7.76,,
172468,P,2001-04-24,43248,7,95.17,2.38,,
172469,P,2001-10-07,69407,7,96.18,4.94,,
172470,P,2000-06-06,92351,7,51.20,8.10,,
172471,P,2000-03-04,97146,6,95.31,6.30,,
172472,P,2001-05-04,51030,6,3.83,4.89,,
172473,P,2001-06-04,6022,3,76.59,5.82,,
172474,P,2002-03-15,98948,3,17.87,0.08,,
172475,P,2001-11-28,23215,5,7.03,9.76,,
172476,P,2001-03-18,40196,10,68.54,0.93,,
172477,P,2001-11-29,3062,1,21.00,7.25,,
172478,P,2002-01-19,3440,2,84.33,6.78,,
172479,P,2000-12-05,4842,7,39.00,0.94,,
172480,P,2000-07-10,14050,10,38.45,6.48,,
172481,P,2001-12-06,14528,9,25.04,3.92,,
172482,P,2002-04-02,83099,10,63.61,2.54,,
172483,P,2001-10-27,24739,7,67.39,4.02,,
172484,P,2000-06-05,25715,7,54.66,4.17,,
172485,P,2001-07-05,67781,6,33.55,1.10,,
172486,P,2000-09-08,92040,4,79.26,2.88,,
172487,P,2001-03-09,41595,6,50.61,2.04,,
172488,P,2001-03-25,55706,3,80.48,9.09,,
172489,P,2000-10-25,35571,8,52.79,0.61,,
172490,P,2000-09-09,71397,9,43.86,9.39,,
172491,P,2001-04-21,57081,9,8.95,4.78,,
172492,P,2001-02-16,33085,6,43.12,8.91,,
172493,P,2002-02-19,4455,6,78.62,8.52,,
172494,P,2002-05-24,3680,9,31.42,7.35,,
172495,P,2002-01-24,86760,1,77.40,0.30,,
172496,P,2000-05-31,93994,4,34.76,8.62,,
172497,P,2001-04-14,4433,9,77.21,8.11,,
172498,P,2000-06-03,33714,2,19.32,4.97,,
172499,P,2001-06-21,9880,5,77.02,0.70,,
172500,P,2000-10-23,61626,6,81.07,6.41,,
172501,P,2002-02-25,92588,1,0.48,8.20,,
172502,P,2000-09-26,24765,3,81.44,5.09,,
172503,P,2002-05-02,21564,5,67.20,7.61,,
172504,P,2001-03-21,6257,10,57.51,9.19,,
172505,P,2000-11-30,91475,7,41.62,3.43,,
172506,P,2001-06-23,96023,5,51.98,7.95,,
172507,P,2001-07-31,67455,9,53.47,6.79,,
172508,P,2002-03-31,18121,4,77.31,9.39,,
172509,P,2001-10-11,35469,1,57.74,9.76,,
172510,P,2001-07-06,33325,3,7.50,4.19,,
172511,P,2001-08-01,75994,4,20.98,2.69,,
172512,P,2002-01-03,3527,7,42.85,0.71,,
172513,P,2001-06-20,59815,2,19.25,0.91,,
172514,P,2002-06-22,12303,6,65.61,1.01,,
172515,P,2001-04-15,85783,9,98.52,9.86,,
172516,P,2000-04-27,71981,4,21.81,6.04,,
172517,P,2002-07-31,26109,9,53.79,8.39,,
172518,P,2000-07-23,53695,10,52.99,5.35,,
172519,P,2000-06-06,10425,2,74.40,9.03,,
172520,P,2002-01-20,83271,3,99.13,1.63,,
172521,P,2001-05-27,82929,9,42.52,9.19,,
172522,P,2001-05-08,16241,9,95.94,2.65,,
172523,P,2001-05-02,97578,10,66.80,5.79,,
172524,P,2001-06-22,99110,6,10.87,5.85,,
172525,P,2002-04-20,61397,6,15.17,0.27,,
172526,P,2002-08-25,17757,9,51.01,8.51,,
172527,P,2002-01-12,75858,6,73.44,9.00,,
172528,P,2001-09-09,52365,1,3.75,5.35,,
172529,P,2000-01-28,31706,8,10.86,0.67,,
172530,P,2002-09-14,70371,1,41.04,4.25,,
172531,P,2001-01-28,72121,6,35.98,2.61,,
172532,P,2001-02-03,77650,4,18.14,1.48,,
172533,P,2000-11-01,41957,7,83.63,2.11,,
172534,P,2000-06-18,17637,2,24.68,0.86,,
172535,P,2000-06-23,9676,4,32.13,6.15,,
172536,P,2000-03-21,16492,3,86.72,1.77,,
172537,P,2000-12-12,69911,2,70.85,1.54,,
172538,P,2001-05-16,33492,10,5.62,8.31,,
172539,P,2000-04-27,87135,7,86.34,6.91,,
172540,P,2000-08-30,62180,8,79.88,0.32,,
172541,P,2001-05-26,81914,1,86.10,5.14,,
172542,P,2000-07-29,28593,4,63.00,0.16,,
172543,P,2001-02-13,12144,1,23.40,3.04,,
172544,P,2000-01-26,95613,3,41.21,5.08,,
172545,P,2001-11-29,15655,10,70.23,6.22,,
172546,P,2002-05-22,86666,8,68.94,8.06,,
172547,P,2000-08-18,76117,7,50.74,5.59,,
172548,P,2001-06-08,76929,9,69.61,7.51,,
172549,P,2002-08-07,6728,7,67.99,8.21,,
172550,P,2001-05-21,56820,3,71.45,9.70,,
172551,P,2001-08-20,75193,9,31.73,4.29,,
172552,P,2001-07-13,34137,3,59.91,4.00,,
172553,P,2001-06-12,27500,5,45.21,3.37,,
172554,P,2002-01-24,4703,8,96.57,6.03,,
172555,P,2000-10-24,11068,6,32.33,4.21,,
172556,P,2000-07-20,33585,2,23.30,9.85,,
172557,P,2002-06-22,85538,10,48.92,9.79,,
172558,P,2000-08-07,8078,5,16.43,9.68,,
172559,P,2001-01-17,34454,8,90.66,3.31,,
172560,P,2000-07-08,18371,5,2.42,3.97,,
172561,P,2000-08-02,13419,7,87.18,9.02,,
172562,P,2002-01-24,16843,6,12.24,6.63,,
172563,P,2000-05-19,97738,8,91.14,5.64,,
172564,P,2000-05-14,6180,7,56.12,3.91,,
172565,P,2002-01-19,7961,1,53.41,7.09,,
172566,P,2002-02-02,11592,8,59.24,8.19,,
172567,P,2001-07-21,6937,9,15.03,9.87,,
172568,P,2002-03-03,64954,3,31.65,7.33,,
172569,P,2001-02-21,46747,1,91.41,0.14,,
172570,P,2002-04-08,96749,4,35.76,1.18,,
172571,P,2001-06-23,46806,8,18.33,2.60,,
172572,P,2001-11-22,85583,10,21.65,4.23,,
172573,P,2002-07-20,30635,10,35.21,7.67,,
172574,P,2001-06-06,7,6,44.56,6.25,,
172575,P,2001-12-16,53419,6,2.60,0.03,,
172576,P,2000-05-04,68280,6,83.62,1.20,,
172577,P,2001-06-04,59020,1,94.52,0.90,,
172578,P,2000-10-10,25573,7,44.56,7.40,,
172579,P,2002-04-21,7367,9,7.04,9.41,,
172580,P,2001-12-08,38119,1,30.23,1.05,,
172581,P,2002-05-27,7945,4,50.21,9.20,,
172582,P,2002-03-09,17386,9,34.38,8.72,,
172583,P,2002-09-20,54648,10,4.02,3.37,,
172584,P,2000-09-10,18056,6,66.86,9.73,,
172585,P,2002-08-18,75141,10,47.42,4.12,,
172586,P,2002-02-08,96119,3,51.81,7.85,,
172587,P,2002-05-09,99664,6,99.57,5.36,,
172588,P,2001-12-09,91703,2,52.80,9.81,,
172589,P,2000-12-07,6977,3,43.13,2.65,,
172590,P,2000-01-06,16041,9,90.89,8.87,,
172591,P,2000-12-06,66067,5,77.52,8.89,,
172592,P,2000-08-03,3034,2,57.14,7.06,,
172593,P,2000-04-14,69530,5,91.24,9.58,,
172594,P,2000-05-26,28046,3,86.68,2.71,,
172595,P,2001-02-06,79073,3,30.24,5.08,,
172596,P,2001-06-18,44784,7,47.87,8.94,,
172597,P,2000-01-23,20311,5,95.43,2.83,,
172598,P,2002-06-27,98141,5,91.02,7.61,,
172599,P,2002-05-30,72569,3,84.54,8.48,,
172600,P,2002-08-02,31766,4,62.73,5.92,,
172601,P,2000-06-24,39789,10,90.87,0.88,,
172602,P,2002-04-11,59068,7,81.52,4.04,,
172603,P,2000-12-29,89798,1,46.67,2.73,,
172604,P,2001-12-21,99403,3,78.10,0.80,,
172605,P,2001-08-03,54688,3,36.82,8.63,,
172606,P,2002-05-24,57854,5,68.81,6.30,,
172607,P,2001-12-05,27977,2,86.50,6.05,,
172608,P,2000-09-08,55561,2,12.41,0.86,,
172609,P,2001-02-18,73146,1,42.76,8.84,,
172610,P,2001-08-22,60364,2,67.09,0.67,,
172611,P,2002-06-11,60132,8,3.36,6.01,,
172612,P,2000-08-29,83504,1,19.81,5.34,,
172613,P,2001-11-01,4282,6,65.58,3.88,,
172614,P,2001-10-17,69627,5,84.63,0.14,,
172615,P,2000-02-16,74011,2,96.20,2.76,,
172616,P,2000-07-04,14397,8,46.59,3.81,,
172617,P,2000-04-28,41799,7,79.43,2.26,,
172618,P,2000-06-18,2026,6,0.29,7.44,,
172619,P,2001-02-17,54281,2,81.52,1.47,,
172620,P,2001-12-10,60377,5,61.42,9.16,,
172621,P,2000-02-20,26884,2,34.69,3.71,,
172622,P,2000-12-18,18422,5,9.58,8.45,,
172623,P,2001-05-02,3285,7,1.14,0.99,,
172624,P,2000-04-27,32597,6,87.08,5.98,,
172625,P,2001-11-20,52968,3,99.32,2.12,,
172626,P,2000-01-07,50510,6,64.25,0.99,,
172627,P,2002-02-02,60332,7,98.02,3.56,,
172628,P,2000-12-19,2137,8,21.67,3.56,,
172629,P,2000-10-30,30811,4,51.11,6.93,,
172630,P,2002-01-27,24245,9,69.69,9.57,,
172631,P,2001-09-17,92753,2,75.32,3.29,,
172632,P,2000-05-25,76761,8,89.66,1.16,,
172633,P,2001-02-17,85752,5,37.23,0.64,,
172634,P,2002-06-28,15782,2,41.51,1.53,,
172635,P,2001-06-28,79804,6,28.86,2.73,,
172636,P,2000-06-24,50154,5,75.34,1.06,,
172637,P,2000-10-12,84274,10,78.19,8.61,,
172638,P,2002-06-06,17094,5,86.25,4.81,,
172639,P,2001-09-05,85522,2,63.32,0.65,,
172640,P,2001-07-09,85170,2,99.35,3.31,,
172641,P,2001-05-08,2701,2,42.04,0.08,,
172642,P,2000-05-17,89085,7,98.95,3.00,,
172643,P,2001-05-23,28091,7,69.17,6.08,,
172644,P,2001-12-01,98061,1,70.84,2.98,,
172645,P,2001-07-22,47550,2,15.09,3.76,,
172646,P,2001-10-09,7215,10,32.41,8.42,,
172647,P,2002-04-25,10571,6,42.55,3.62,,
172648,P,2002-09-14,82785,1,89.39,8.96,,
172649,P,2002-06-11,29229,4,56.11,0.47,,
172650,P,2000-05-09,19289,9,3.88,6.47,,
172651,P,2002-03-15,11019,9,98.65,5.17,,
172652,P,2001-03-15,81517,8,85.81,4.32,,
172653,P,2001-07-06,16943,6,46.55,1.27,,
172654,P,2001-10-04,67864,7,78.59,3.97,,
172655,P,2002-04-06,82359,10,53.72,2.47,,
172656,P,2000-01-24,26952,3,73.68,1.48,,
172657,P,2001-01-04,4299,3,96.82,7.79,,
172658,P,2000-12-21,34540,1,30.48,9.75,,
172659,P,2001-07-14,97782,6,39.61,6.70,,
172660,P,2001-12-12,73955,8,99.48,3.71,,
172661,P,2002-08-10,36461,5,70.99,4.31,,
172662,P,2000-08-09,14691,2,51.70,3.64,,
172663,P,2001-03-03,91698,3,56.30,1.20,,
172664,P,2001-09-30,58078,2,1.75,0.75,,
172665,P,2000-07-20,67622,2,82.17,9.92,,
172666,P,2000-03-08,27587,9,81.33,5.47,,
172667,P,2001-03-01,81000,9,1.79,4.45,,
172668,P,2000-06-03,71796,2,95.21,4.34,,
172669,P,2000-08-22,23049,6,79.95,6.01,,
172670,P,2002-01-28,20288,6,33.63,6.95,,
172671,P,2000-06-20,65387,3,76.05,9.24,,
172672,P,2002-05-04,67840,9,37.25,8.52,,
172673,P,2001-09-06,90966,10,49.87,8.25,,
172674,P,2000-09-03,62090,10,63.75,4.48,,
172675,P,2002-02-06,11079,1,94.66,8.31,,
172676,P,2001-01-09,93060,3,19.92,7.43,,
172677,P,2000-09-20,23704,7,47.13,3.61,,
172678,P,2001-12-11,57031,6,27.07,0.27,,
172679,P,2000-05-23,17333,8,57.11,0.79,,
172680,P,2001-05-05,68415,8,88.31,5.29,,
172681,P,2001-10-18,75867,3,59.44,0.10,,
172682,P,2001-05-15,72497,5,44.28,3.77,,
172683,P,2000-07-21,31532,6,72.38,3.18,,
172684,P,2002-01-16,27039,3,12.67,0.83,,
172685,P,2001-12-31,16351,6,74.19,7.91,,
172686,P,2000-01-18,37377,3,69.36,3.38,,
172687,P,2002-08-22,71581,9,14.14,2.79,,
172688,P,2001-08-28,65715,6,62.02,0.14,,
172689,P,2002-06-12,18891,1,7.41,0.51,,
172690,P,2001-09-05,36310,7,52.69,9.26,,
172691,P,2002-02-26,9266,8,85.03,8.78,,
172692,P,2001-01-07,27212,7,50.95,6.93,,
172693,P,2001-01-06,84642,4,44.91,0.85,,
172694,P,2002-05-14,22615,3,16.24,3.13,,
172695,P,2001-05-11,74491,4,47.70,2.74,,
172696,P,2001-08-13,30031,3,40.98,7.07,,
172697,P,2001-11-09,20991,9,65.88,6.42,,
172698,P,2001-08-20,71907,9,7.42,3.94,,
172699,P,2000-05-12,36577,9,75.54,9.26,,
172700,P,2002-05-06,18717,1,30.85,4.26,,
172701,P,2000-04-16,46528,4,51.41,4.32,,
172702,P,2001-11-04,94066,7,11.20,9.04,,
172703,P,2000-11-22,67670,9,86.74,7.83,,
172704,P,2000-03-07,7859,2,49.04,0.06,,
172705,P,2000-10-29,86725,8,39.84,3.11,,
172706,P,2000-07-27,83046,7,14.11,2.60,,
172707,P,2001-09-04,11408,10,34.94,0.15,,
172708,P,2000-11-10,36915,10,17.04,3.41,,
172709,P,2000-09-11,88889,10,65.03,5.37,,
172710,P,2000-06-05,24401,5,9.99,5.24,,
172711,P,2001-08-30,54434,10,5.11,0.55,,
172712,P,2002-01-11,30920,4,84.14,6.14,,
172713,P,2001-01-30,73118,3,6.98,5.04,,
172714,P,2000-07-14,60271,6,94.50,9.91,,
172715,P,2000-11-04,73932,1,12.17,8.63,,
172716,P,2002-03-06,93061,5,66.02,8.05,,
172717,P,2001-08-09,85200,9,86.88,3.69,,
172718,P,2000-03-27,46003,3,54.32,8.55,,
172719,P,2000-10-09,98868,6,55.13,3.89,,
172720,P,2002-02-13,70101,9,95.35,8.63,,
172721,P,2001-02-18,40381,3,88.09,0.67,,
172722,P,2001-09-20,5663,10,14.71,9.19,,
172723,P,2001-07-03,27189,4,20.95,0.30,,
172724,P,2001-03-06,27117,1,90.77,2.07,,
172725,P,2000-12-06,12511,2,67.93,2.29,,
172726,P,2000-11-15,88664,9,92.97,3.69,,
172727,P,2001-07-07,38111,6,8.02,3.22,,
172728,P,2000-05-02,40708,6,92.95,0.15,,
172729,P,2001-06-24,34760,7,12.30,4.00,,
172730,P,2001-10-02,78020,2,17.92,6.02,,
172731,P,2001-04-03,24652,1,40.82,1.47,,
172732,P,2001-08-20,26819,6,73.20,4.58,,
172733,P,2000-08-27,6487,3,97.92,3.52,,
172734,P,2000-07-06,26557,5,84.42,6.00,,
172735,P,2001-10-14,9373,6,94.92,4.41,,
172736,P,2002-01-02,15450,5,16.72,3.05,,
172737,P,2001-11-08,65176,8,11.11,2.45,,
172738,P,2002-05-20,33570,9,38.73,3.61,,
172739,P,2001-08-31,46715,10,1.19,8.82,,
172740,P,2000-12-09,44128,10,41.58,5.74,,
172741,P,2002-07-19,18952,4,79.14,6.62,,
172742,P,2002-04-20,52951,7,63.39,9.15,,
172743,P,2001-12-24,18313,1,56.71,2.59,,
172744,P,2000-03-11,29005,9,40.85,3.77,,
172745,P,2000-08-31,71472,9,33.85,2.23,,
172746,P,2000-12-19,98814,5,37.68,7.88,,
172747,P,2001-07-24,64840,5,34.78,7.03,,
172748,P,2000-06-13,8209,3,97.31,5.05,,
172749,P,2002-05-31,86653,8,64.76,8.55,,
172750,P,2000-05-22,78172,7,93.32,4.46,,
172751,P,2000-06-09,12234,9,15.66,8.77,,
172752,P,2002-06-10,39699,6,45.85,1.26,,
172753,P,2001-08-24,51215,3,97.91,9.76,,
172754,P,2002-09-01,39757,4,52.63,5.62,,
172755,P,2000-05-26,69229,1,2.05,0.55,,
172756,P,2000-05-09,23617,4,51.81,7.34,,
172757,P,2001-01-24,73756,1,58.91,9.10,,
172758,P,2000-09-13,87593,10,36.73,0.24,,
172759,P,2000-08-26,10565,5,55.61,5.86,,
172760,P,2001-03-30,17376,9,22.85,7.82,,
172761,P,2001-08-05,39507,5,98.35,1.00,,
172762,P,2001-05-05,97325,10,11.03,2.14,,
172763,P,2001-04-08,28982,1,49.38,5.55,,
172764,P,2002-03-17,93074,7,15.22,0.54,,
172765,P,2002-08-28,36681,1,92.80,4.52,,
172766,P,2000-05-22,41978,1,25.56,6.25,,
172767,P,2001-04-02,85238,6,88.95,7.09,,
172768,P,2000-10-11,98605,5,34.57,4.20,,
172769,P,2000-02-21,34924,8,75.74,6.74,,
172770,P,2001-03-27,29508,3,25.85,0.94,,
172771,P,2001-01-15,82601,1,47.83,9.88,,
172772,P,2001-05-01,94556,5,18.96,6.58,,
172773,P,2001-11-11,7273,2,37.14,6.48,,
172774,P,2002-01-15,46942,8,17.60,4.37,,
172775,P,2001-03-02,25751,9,48.85,8.45,,
172776,P,2000-06-11,36404,8,95.90,4.18,,
172777,P,2002-06-15,53637,5,73.80,7.48,,
172778,P,2000-03-04,79795,10,72.67,4.98,,
172779,P,2002-08-11,17772,9,98.32,5.68,,
172780,P,2002-02-19,74148,4,86.36,9.61,,
172781,P,2001-05-21,53285,7,92.46,5.63,,
172782,P,2002-01-06,51079,9,47.09,9.06,,
172783,P,2002-03-23,77993,8,93.00,7.39,,
172784,P,2000-01-06,91799,6,7.41,6.44,,
172785,P,2000-06-11,87478,1,41.17,6.22,,
172786,P,2001-09-11,22366,3,98.22,3.74,,
172787,P,2001-08-31,2943,4,75.14,7.18,,
172788,P,2001-05-07,163,9,8.77,8.51,,
172789,P,2002-01-24,98799,6,89.17,2.15,,
172790,P,2001-10-23,82285,1,49.97,8.43,,
172791,P,2000-01-10,62668,3,55.05,3.55,,
172792,P,2000-05-21,51862,3,42.58,6.75,,
172793,P,2000-03-23,60308,10,10.34,6.39,,
172794,P,2000-05-29,28339,6,10.62,0.23,,
172795,P,2002-03-16,25502,5,24.49,8.44,,
172796,P,2000-06-23,89988,6,71.26,2.51,,
172797,P,2000-10-22,88556,3,27.24,2.15,,
172798,P,2000-11-25,20031,4,99.79,9.59,,
172799,P,2001-09-20,32687,4,34.17,4.39,,
172800,P,2001-01-19,19453,4,34.66,2.04,,
172801,P,2000-09-30,28263,8,68.04,0.07,,
172802,P,2001-02-17,37631,3,8.44,0.69,,
172803,P,2001-06-10,39715,3,67.40,5.64,,
172804,P,2002-08-04,39785,5,99.09,7.27,,
172805,P,2002-07-02,59167,5,46.65,6.36,,
172806,P,2001-10-05,36720,3,70.48,1.64,,
172807,P,2000-05-11,77070,2,5.65,5.80,,
172808,P,2000-05-27,80041,7,47.19,6.53,,
172809,P,2000-10-24,50475,6,91.76,7.41,,
172810,P,2001-01-22,48684,6,67.50,9.80,,
172811,P,2002-09-17,30774,2,20.15,7.97,,
172812,P,2000-12-10,69063,5,5.52,9.84,,
172813,P,2000-08-31,8544,5,54.92,9.36,,
172814,P,2001-10-05,79976,3,22.21,8.22,,
172815,P,2002-02-10,30320,1,63.38,4.15,,
172816,P,2000-08-01,65089,4,72.00,5.67,,
172817,P,2001-03-06,78340,10,17.41,1.05,,
172818,P,2002-06-09,53090,8,77.97,5.28,,
172819,P,2002-09-14,81281,7,95.20,8.73,,
172820,P,2000-11-14,84,2,66.12,5.55,,
172821,P,2001-05-30,51284,7,74.57,1.21,,
172822,P,2001-08-25,59289,6,69.62,9.26,,
172823,P,2002-06-16,30188,9,29.60,6.83,,
172824,P,2002-06-20,47489,5,19.86,4.60,,
172825,P,2001-07-16,41327,10,75.35,6.08,,
172826,P,2002-02-16,50364,2,13.24,5.29,,
172827,P,2000-08-02,70607,1,73.97,4.61,,
172828,P,2002-01-18,75734,7,96.20,3.51,,
172829,P,2001-10-08,29378,2,58.24,8.04,,
172830,P,2000-03-11,12528,5,16.57,8.20,,
172831,P,2002-09-09,16636,9,91.32,6.56,,
172832,P,2000-10-24,71039,4,94.22,1.31,,
172833,P,2000-05-11,43381,2,42.79,3.65,,
172834,P,2001-03-25,96154,10,1.23,7.12,,
172835,P,2000-09-29,13583,5,71.00,7.42,,
172836,P,2000-03-17,90930,8,85.90,6.85,,
172837,P,2000-07-19,65906,9,82.30,6.49,,
172838,P,2002-07-10,61647,4,33.82,7.20,,
172839,P,2000-01-01,44200,10,36.99,7.09,,
172840,P,2000-07-12,85420,8,80.98,9.27,,
172841,P,2001-01-30,25703,9,6.59,0.10,,
172842,P,2001-06-17,9319,8,54.55,9.17,,
172843,P,2000-05-06,13789,7,4.43,5.65,,
172844,P,2001-03-05,99802,3,25.47,8.01,,
172845,P,2000-01-22,55231,9,98.21,3.08,,
172846,P,2000-11-11,17954,9,12.98,9.73,,
172847,P,2002-06-09,40558,2,81.74,9.17,,
172848,P,2001-04-12,1873,4,79.57,5.21,,
172849,P,2001-09-21,5327,8,55.79,6.21,,
172850,P,2000-04-05,24545,4,29.50,4.05,,
172851,P,2001-02-21,67784,2,24.19,0.58,,
172852,P,2000-11-12,97695,4,0.58,1.93,,
172853,P,2002-02-12,40358,6,72.48,0.03,,
172854,P,2002-05-20,24072,10,96.19,1.36,,
172855,P,2001-06-19,9530,5,7.02,3.20,,
172856,P,2002-05-15,86567,4,79.00,0.94,,
172857,P,2000-06-06,3000,1,73.04,0.58,,
172858,P,2002-05-19,78158,2,10.44,7.40,,
172859,P,2000-04-21,18811,5,13.99,4.82,,
172860,P,2001-08-11,73039,1,8.72,8.75,,
172861,P,2001-12-25,2213,6,71.73,9.76,,
172862,P,2001-11-23,11564,7,35.90,5.18,,
172863,P,2000-04-06,59600,9,19.13,7.90,,
172864,P,2001-01-22,57336,4,11.83,8.69,,
172865,P,2001-01-18,69022,5,37.58,8.39,,
172866,P,2002-09-19,59584,9,65.89,0.18,,
172867,P,2001-11-23,63128,8,98.98,5.54,,
172868,P,2002-01-06,65165,7,95.88,7.48,,
172869,P,2000-07-04,16979,7,78.18,8.94,,
172870,P,2001-03-18,69733,2,20.26,8.90,,
172871,P,2000-09-24,96293,10,38.05,1.13,,
172872,P,2002-06-01,76436,3,98.71,0.45,,
172873,P,2000-05-14,73130,4,90.50,7.86,,
172874,P,2001-11-04,15597,6,75.89,3.37,,
172875,P,2001-06-18,79695,2,70.90,6.11,,
172876,P,2000-06-02,62953,5,56.26,9.08,,
172877,P,2000-04-30,26146,8,38.83,2.35,,
172878,P,2002-07-23,55779,4,83.33,0.21,,
172879,P,2001-10-23,2054,2,73.42,3.86,,
172880,P,2001-03-28,19798,3,42.32,7.73,,
172881,P,2002-04-06,10700,3,71.59,7.68,,
172882,P,2001-06-22,45834,7,46.42,5.27,,
172883,P,2002-08-11,135,5,39.47,9.47,,
172884,P,2000-01-03,23109,8,75.68,4.35,,
172885,P,2002-03-19,81562,3,48.56,4.35,,
172886,P,2002-04-06,5100,6,90.44,9.50,,
172887,P,2002-04-21,41959,4,67.93,6.91,,
172888,P,2001-04-20,40501,8,18.52,9.35,,
172889,P,2000-10-14,21224,8,10.61,1.02,,
172890,P,2002-09-15,62925,9,62.40,4.57,,
172891,P,2000-10-10,2495,8,78.86,6.40,,
172892,P,2001-01-22,36554,1,29.67,9.96,,
172893,P,2001-10-30,54695,1,27.86,8.68,,
172894,P,2000-09-08,71893,4,66.89,6.01,,
172895,P,2000-07-08,42188,6,21.31,0.51,,
172896,P,2000-04-23,16278,7,22.81,3.91,,
172897,P,2000-07-10,42366,7,40.68,0.47,,
172898,P,2002-09-06,84992,1,70.82,2.04,,
172899,P,2000-04-04,25889,2,25.91,6.57,,
172900,P,2000-06-01,49736,4,93.91,5.94,,
172901,P,2000-09-13,58920,8,30.58,0.71,,
172902,P,2000-06-08,6073,5,81.74,8.25,,
172903,P,2002-01-24,85103,3,37.12,0.03,,
172904,P,2000-10-15,80073,10,79.09,3.51,,
172905,P,2001-09-16,18443,6,40.85,1.79,,
172906,P,2001-06-18,84359,6,92.40,8.23,,
172907,P,2000-01-18,44403,4,97.41,4.78,,
172908,P,2001-07-02,30757,5,46.87,2.14,,
172909,P,2001-07-16,5210,4,15.44,5.85,,
172910,P,2001-02-21,37094,4,65.17,6.52,,
172911,P,2002-04-04,48064,8,50.71,1.93,,
172912,P,2002-04-02,22921,8,66.91,7.83,,
172913,P,2000-07-19,85088,2,65.25,4.06,,
172914,P,2000-10-12,41664,6,11.20,2.91,,
172915,P,2002-04-19,48587,7,97.88,5.06,,
172916,P,2000-10-27,65348,5,14.27,6.80,,
172917,P,2000-01-17,97022,10,14.96,1.72,,
172918,P,2002-02-14,40584,4,48.45,6.02,,
172919,P,2001-06-03,14232,7,61.66,8.47,,
172920,P,2002-06-13,24100,9,79.97,0.26,,
172921,P,2002-09-15,18054,6,76.29,5.05,,
172922,P,2001-01-04,10138,7,57.53,7.39,,
172923,P,2000-02-16,3574,6,11.69,4.68,,
172924,P,2000-12-08,21835,8,35.29,0.31,,
172925,P,2000-04-05,31,9,31.03,4.26,,
172926,P,2000-10-19,58803,8,78.61,3.90,,
172927,P,2002-06-23,38525,3,39.49,4.99,,
172928,P,2000-08-26,42929,8,53.57,5.94,,
172929,P,2000-12-17,13834,2,35.85,7.07,,
172930,P,2001-12-09,72864,10,97.48,0.69,,
172931,P,2001-02-20,85264,9,39.47,4.54,,
172932,P,2001-02-27,20639,1,96.47,4.37,,
172933,P,2001-04-06,80065,1,97.03,4.34,,
172934,P,2000-11-12,12327,3,2.01,5.99,,
172935,P,2002-06-27,62587,8,8.69,1.64,,
172936,P,2000-12-14,47213,1,29.13,2.77,,
172937,P,2001-06-05,28082,1,11.25,0.30,,
172938,P,2002-07-12,15077,10,34.35,0.32,,
172939,P,2002-08-27,82122,5,8.54,5.34,,
172940,P,2001-07-27,64537,1,91.70,0.45,,
172941,P,2001-05-07,28398,10,20.81,4.26,,
172942,P,2000-06-10,70872,10,95.81,9.01,,
172943,P,2001-11-14,242,2,6.61,3.75,,
172944,P,2001-05-13,4570,3,90.79,9.72,,
172945,P,2000-06-25,20616,8,45.33,9.39,,
172946,P,2000-08-19,2431,2,16.01,4.44,,
172947,P,2002-03-09,76367,9,98.41,3.11,,
172948,P,2002-08-04,81953,10,19.94,0.97,,
172949,P,2001-06-07,7124,2,29.62,0.19,,
172950,P,2001-08-04,32383,1,28.68,1.89,,
172951,P,2001-03-02,4107,5,35.11,5.84,,
172952,P,2002-08-10,78516,6,66.79,7.66,,
172953,P,2000-05-17,8819,4,82.09,6.67,,
172954,P,2001-05-31,78108,8,63.78,6.83,,
172955,P,2002-01-04,89774,2,14.85,2.43,,
172956,P,2000-05-27,48417,2,39.25,9.69,,
172957,P,2002-02-05,30242,9,28.90,0.93,,
172958,P,2001-04-22,91621,9,29.47,3.77,,
172959,P,2001-04-28,65538,8,97.08,6.90,,
172960,P,2001-10-30,83925,2,76.10,6.23,,
172961,P,2001-09-25,6049,10,20.26,3.53,,
172962,P,2002-09-22,18244,5,80.11,9.69,,
172963,P,2001-04-17,42657,8,80.50,3.78,,
172964,P,2001-11-29,31095,6,49.67,8.35,,
172965,P,2001-04-25,18963,3,13.93,2.35,,
172966,P,2000-11-28,10352,6,41.74,7.99,,
172967,P,2000-05-30,23221,1,49.86,8.30,,
172968,P,2000-05-25,75492,5,18.59,6.27,,
172969,P,2000-01-23,50451,5,71.57,2.74,,
172970,P,2001-03-13,35784,6,23.10,7.93,,
172971,P,2001-04-24,90897,3,56.15,2.81,,
172972,P,2002-08-30,57691,3,76.55,7.92,,
172973,P,2000-02-07,92345,8,84.16,4.47,,
172974,P,2000-08-16,29520,5,24.77,7.03,,
172975,P,2001-11-17,4459,1,37.71,6.44,,
172976,P,2000-01-27,16388,5,63.67,0.73,,
172977,P,2002-06-19,61617,4,34.22,4.15,,
172978,P,2000-05-03,54781,9,56.21,0.98,,
172979,P,2001-05-05,72786,7,86.22,6.90,,
172980,P,2002-02-15,13897,7,14.55,9.02,,
172981,P,2001-03-26,70859,10,44.14,8.41,,
172982,P,2001-11-17,47258,8,17.94,3.84,,
172983,P,2001-12-23,48012,8,65.62,8.38,,
172984,P,2002-05-09,91665,10,24.92,7.23,,
172985,P,2001-05-13,4721,9,92.68,6.66,,
172986,P,2002-07-23,24182,3,17.76,9.35,,
172987,P,2000-01-21,9265,3,74.33,5.69,,
172988,P,2000-06-12,14064,6,49.87,4.86,,
172989,P,2002-03-25,64630,9,12.29,1.78,,
172990,P,2000-12-23,50606,3,72.28,0.68,,
172991,P,2000-10-12,73256,1,87.38,0.23,,
172992,P,2001-11-22,47249,8,98.68,8.84,,
172993,P,2000-12-22,46526,8,41.36,6.03,,
172994,P,2000-06-01,97653,4,42.44,3.14,,
172995,P,2002-06-11,5622,10,58.20,7.90,,
172996,P,2000-08-14,77146,4,71.67,8.35,,
172997,P,2001-12-28,66671,6,55.61,2.52,,
172998,P,2001-09-14,6903,5,35.62,0.82,,
172999,P,2002-01-12,82379,5,93.50,6.01,,
173000,P,2001-11-20,41831,8,40.61,6.84,,
173001,P,2000-02-12,81281,7,8.97,7.12,,
173002,P,2000-06-09,63505,6,28.08,3.32,,
173003,P,2002-08-01,66928,2,44.37,1.65,,
173004,P,2001-02-14,89939,8,31.78,0.96,,
173005,P,2002-05-26,38795,7,6.02,8.83,,
173006,P,2001-03-11,44783,4,4.79,1.31,,
173007,P,2001-06-11,42887,10,86.47,0.74,,
173008,P,2001-03-30,56101,9,32.18,4.63,,
173009,P,2002-05-20,98621,5,93.84,0.78,,
173010,P,2001-03-05,51754,2,85.28,4.57,,
173011,P,2001-05-26,79107,10,4.67,6.90,,
173012,P,2002-07-18,23988,4,37.01,7.94,,
173013,P,2000-01-23,30928,5,77.98,0.93,,
173014,P,2002-05-05,97521,9,8.67,1.47,,
173015,P,2000-12-24,10707,2,68.90,7.16,,
173016,P,2001-11-08,11005,9,97.53,9.73,,
173017,P,2000-11-16,16681,8,25.97,2.38,,
173018,P,2002-09-26,38051,10,53.91,9.94,,
173019,P,2001-09-09,96332,1,86.26,6.59,,
173020,P,2001-05-15,52527,5,98.88,5.33,,
173021,P,2001-08-05,62610,9,82.66,3.74,,
173022,P,2000-06-15,9224,3,95.05,2.63,,
173023,P,2000-01-22,98819,8,49.43,2.01,,
173024,P,2000-11-24,37007,3,84.25,7.22,,
173025,P,2000-03-22,73437,1,24.71,9.31,,
173026,P,2001-01-29,28912,8,75.76,4.26,,
173027,P,2000-02-23,57095,4,48.27,7.03,,
173028,P,2002-08-04,77621,8,47.54,3.85,,
173029,P,2001-08-28,1225,1,25.35,6.66,,
173030,P,2001-01-27,41538,1,18.69,8.35,,
173031,P,2002-02-16,1506,2,50.95,3.50,,
173032,P,2001-08-13,94875,3,20.02,8.65,,
173033,P,2000-08-23,50712,2,46.15,3.90,,
173034,P,2000-06-26,47003,7,98.55,2.86,,
173035,P,2000-09-06,54183,10,74.43,5.48,,
173036,P,2001-08-09,47895,8,5.73,4.15,,
173037,P,2000-12-04,51586,9,59.57,4.41,,
173038,P,2000-07-23,70499,1,93.50,9.37,,
173039,P,2001-08-13,91588,2,80.87,6.06,,
173040,P,2001-02-28,32964,6,87.92,3.93,,
173041,P,2002-09-11,11926,4,41.08,6.54,,
173042,P,2001-10-30,24417,4,15.89,1.01,,
173043,P,2000-12-05,62290,5,29.81,4.00,,
173044,P,2002-04-28,91025,10,12.97,4.52,,
173045,P,2000-11-16,81957,8,65.26,1.32,,
173046,P,2000-08-27,88046,8,28.78,2.19,,
173047,P,2000-08-27,59771,3,45.61,2.29,,
173048,P,2002-06-05,94543,2,13.19,0.28,,
173049,P,2002-03-22,17027,2,30.99,9.81,,
173050,P,2001-10-07,99953,4,52.26,4.11,,
173051,P,2002-07-12,97801,3,20.17,1.21,,
173052,P,2002-01-30,3361,2,53.84,6.05,,
173053,P,2002-06-22,66233,6,8.39,5.89,,
173054,P,2002-03-01,13632,3,30.26,6.12,,
173055,P,2000-02-22,34644,2,82.19,9.27,,
173056,P,2002-05-31,25531,6,79.50,4.42,,
173057,P,2000-08-10,87232,5,21.13,1.89,,
173058,P,2000-05-11,45194,7,41.67,5.95,,
173059,P,2002-04-10,90134,4,97.55,7.11,,
173060,P,2002-02-02,26156,4,18.86,3.00,,
173061,P,2000-12-07,29876,3,49.91,9.91,,
173062,P,2002-03-16,26035,3,58.57,7.96,,
173063,P,2000-10-13,59116,4,7.01,5.61,,
173064,P,2000-06-16,71855,4,71.81,0.33,,
173065,P,2001-10-26,17971,8,90.95,7.76,,
173066,P,2000-02-21,21322,9,97.67,0.19,,
173067,P,2000-05-22,4370,9,7.78,6.82,,
173068,P,2001-11-12,83416,4,22.01,3.79,,
173069,P,2001-11-29,6026,8,75.49,6.08,,
173070,P,2002-09-16,83339,5,43.35,0.32,,
173071,P,2001-02-12,62786,8,52.14,9.52,,
173072,P,2000-01-08,52453,5,2.88,9.04,,
173073,P,2002-07-04,3052,5,3.42,1.60,,
173074,P,2002-01-15,31038,7,10.55,9.67,,
173075,P,2000-12-08,3988,9,10.14,5.56,,
173076,P,2000-06-09,49643,2,33.96,1.34,,
173077,P,2000-11-03,50245,8,99.33,6.03,,
173078,P,2001-07-11,20110,6,27.26,1.60,,
173079,P,2002-09-23,17314,2,49.77,4.15,,
173080,P,2002-03-16,27968,4,51.63,7.77,,
173081,P,2001-03-20,85459,10,81.17,0.80,,
173082,P,2000-02-22,90622,4,72.23,1.28,,
173083,P,2001-04-17,78903,2,10.80,2.28,,
173084,P,2001-04-12,63243,7,52.22,5.12,,
173085,P,2002-05-26,86345,2,83.31,6.99,,
173086,P,2000-04-12,38888,8,59.27,1.10,,
173087,P,2002-05-16,93962,10,22.47,0.86,,
173088,P,2000-10-18,51358,1,34.86,8.35,,
173089,P,2000-04-06,79089,3,66.43,0.68,,
173090,P,2001-02-01,76409,8,48.76,7.22,,
173091,P,2002-08-14,61366,7,2.93,7.48,,
173092,P,2000-04-20,14299,3,77.43,3.40,,
173093,P,2001-10-12,4418,1,4.02,7.78,,
173094,P,2001-10-11,29508,1,19.38,8.66,,
173095,P,2001-08-12,8439,6,27.10,6.02,,
173096,P,2002-02-23,76884,7,63.66,3.25,,
173097,P,2001-08-24,14166,5,91.21,4.99,,
173098,P,2001-04-26,27758,6,78.59,7.57,,
173099,P,2000-04-27,41600,6,10.61,0.32,,
173100,P,2000-05-03,49705,6,97.36,7.05,,
173101,P,2001-06-24,76331,2,35.10,1.04,,
173102,P,2000-05-21,74571,8,80.75,6.53,,
173103,P,2001-05-05,44586,3,18.79,2.63,,
173104,P,2000-02-18,6896,1,23.37,0.41,,
173105,P,2000-08-21,15506,1,44.70,4.62,,
173106,P,2001-05-19,9498,3,44.06,4.47,,
173107,P,2001-06-30,88706,6,70.28,8.17,,
173108,P,2002-09-26,39087,4,86.94,5.10,,
173109,P,2002-01-17,22845,3,20.69,5.24,,
173110,P,2000-01-30,69639,9,28.96,9.90,,
173111,P,2001-07-26,64399,10,69.80,0.92,,
173112,P,2000-05-17,22645,10,1.45,6.53,,
173113,P,2000-05-08,85820,3,16.29,0.25,,
173114,P,2001-06-18,41100,7,37.35,5.22,,
173115,P,2000-03-09,84441,9,57.43,0.28,,
173116,P,2001-06-27,59263,9,35.73,9.91,,
173117,P,2001-11-06,2806,2,90.93,6.08,,
173118,P,2000-12-08,87471,3,62.83,1.98,,
173119,P,2000-03-20,86942,7,5.11,8.94,,
173120,P,2001-04-02,85390,8,71.87,5.53,,
173121,P,2000-11-08,13631,4,96.25,5.52,,
173122,P,2000-07-04,35964,7,35.93,6.02,,
173123,P,2001-10-25,1637,7,29.68,6.61,,
173124,P,2001-01-06,37708,7,8.39,7.13,,
173125,P,2001-12-16,41860,9,94.57,5.79,,
173126,P,2001-10-07,85727,4,28.74,0.18,,
173127,P,2001-07-15,51944,10,6.11,5.31,,
173128,P,2002-08-01,61708,4,85.02,0.18,,
173129,P,2001-03-20,21792,7,7.37,1.29,,
173130,P,2000-10-07,55116,2,61.86,7.09,,
173131,P,2002-01-13,51625,8,14.26,7.98,,
173132,P,2002-03-13,87805,7,27.96,0.38,,
173133,P,2002-04-01,55311,8,73.51,0.87,,
173134,P,2002-06-12,32619,9,17.78,9.58,,
173135,P,2002-07-06,36364,3,44.96,3.71,,
173136,P,2000-02-26,1531,7,27.57,6.54,,
173137,P,2000-04-10,42869,9,59.44,8.30,,
173138,P,2001-12-24,94169,1,65.76,5.96,,
173139,P,2001-09-24,83884,5,35.21,0.17,,
173140,P,2000-02-29,59662,2,40.93,0.16,,
173141,P,2000-06-26,26022,4,14.93,2.66,,
173142,P,2002-03-28,10460,2,87.71,5.80,,
173143,P,2001-09-26,13924,7,28.66,6.65,,
173144,P,2002-01-13,98064,5,30.92,4.94,,
173145,P,2002-04-10,51626,8,34.31,0.83,,
173146,P,2002-07-21,69721,10,5.73,6.99,,
173147,P,2001-02-23,1641,2,35.00,7.80,,
173148,P,2000-05-19,65636,6,5.57,4.13,,
173149,P,2002-07-15,97352,2,34.94,7.74,,
173150,P,2002-02-18,6481,8,47.97,1.67,,
173151,P,2002-03-28,60852,10,88.70,5.36,,
173152,P,2001-04-25,22359,6,99.58,2.51,,
173153,P,2002-07-25,1642,10,7.29,9.16,,
173154,P,2001-12-29,21206,4,58.70,9.22,,
173155,P,2002-07-01,49174,7,7.62,5.43,,
173156,P,2000-09-25,68503,7,18.34,9.60,,
173157,P,2000-12-23,70730,10,8.60,2.07,,
173158,P,2000-05-21,57405,6,62.63,2.07,,
173159,P,2002-07-19,88812,1,61.81,1.53,,
173160,P,2002-03-12,72295,5,32.12,8.77,,
173161,P,2000-04-02,68104,10,84.29,7.90,,
173162,P,2002-05-25,63051,3,64.69,0.83,,
173163,P,2000-04-18,85168,8,9.34,9.27,,
173164,P,2002-01-12,61132,9,94.02,0.86,,
173165,P,2002-08-11,3075,1,96.99,1.26,,
173166,P,2000-12-24,6359,4,67.27,4.44,,
173167,P,2000-02-21,71397,5,60.31,3.39,,
173168,P,2001-03-07,78889,10,71.91,5.49,,
173169,P,2002-07-14,57321,5,60.56,4.84,,
173170,P,2002-05-22,24208,2,22.80,2.36,,
173171,P,2000-05-23,49794,7,62.82,4.77,,
173172,P,2002-07-06,52297,9,70.05,8.48,,
173173,P,2001-01-24,63681,1,24.55,3.53,,
173174,P,2001-10-15,9017,10,66.99,7.38,,
173175,P,2000-04-04,83420,4,51.80,8.26,,
173176,P,2002-07-26,92074,9,54.80,0.90,,
173177,P,2000-08-29,99106,1,72.25,9.79,,
173178,P,2002-02-25,90946,5,14.38,0.27,,
173179,P,2001-09-25,69998,3,20.09,1.71,,
173180,P,2000-07-25,73776,3,11.29,9.93,,
173181,P,2001-04-08,38966,8,90.99,6.84,,
173182,P,2000-04-07,8383,8,16.79,7.56,,
173183,P,2001-09-23,37221,6,9.58,8.91,,
173184,P,2001-06-12,26931,5,47.66,6.15,,
173185,P,2000-04-03,15949,3,91.77,7.21,,
173186,P,2001-04-28,92087,4,12.79,3.88,,
173187,P,2002-05-08,29176,5,96.92,4.38,,
173188,P,2001-02-26,40761,8,13.30,4.63,,
173189,P,2002-05-19,30678,8,59.56,8.01,,
173190,P,2001-07-12,98951,7,21.72,1.67,,
173191,P,2000-03-28,8836,4,27.98,5.03,,
173192,P,2000-11-07,59584,4,10.66,4.33,,
173193,P,2000-08-04,50933,5,81.62,4.70,,
173194,P,2001-07-24,80610,6,68.61,5.10,,
173195,P,2000-11-08,34404,3,54.78,6.39,,
173196,P,2002-09-20,21890,7,51.29,2.22,,
173197,P,2000-01-02,55819,9,6.49,7.83,,
173198,P,2002-01-03,67240,7,75.25,7.89,,
173199,P,2002-06-19,85876,10,28.19,9.64,,
173200,P,2000-12-10,59015,10,35.66,1.63,,
173201,P,2002-05-20,62299,3,47.87,7.32,,
173202,P,2002-08-21,20709,3,70.58,9.45,,
173203,P,2001-03-19,99022,2,73.53,6.51,,
173204,P,2001-10-14,69607,8,24.81,7.42,,
173205,P,2001-12-18,47522,2,22.94,3.68,,
173206,P,2000-02-02,87811,1,46.48,6.64,,
173207,P,2001-11-14,49612,7,43.03,1.12,,
173208,P,2000-03-01,87504,6,64.95,1.95,,
173209,P,2001-08-31,31700,2,64.54,9.02,,
173210,P,2002-06-24,72486,3,23.03,1.69,,
173211,P,2002-07-26,80639,9,21.19,0.69,,
173212,P,2000-10-16,84343,7,76.51,5.50,,
173213,P,2000-08-26,69344,7,46.76,1.48,,
173214,P,2000-02-24,64993,10,36.05,4.21,,
173215,P,2001-02-22,28257,6,6.31,3.87,,
173216,P,2000-02-14,23933,3,41.94,1.66,,
173217,P,2000-02-11,12545,10,49.30,5.98,,
173218,P,2002-08-04,3286,5,93.96,7.05,,
173219,P,2000-02-09,59359,5,63.77,9.03,,
173220,P,2001-01-17,95856,3,92.93,6.76,,
173221,P,2001-01-07,52016,2,40.42,5.83,,
173222,P,2001-01-15,43515,3,79.51,4.25,,
173223,P,2000-06-14,93402,7,50.01,7.05,,
173224,P,2001-06-10,60580,2,93.23,4.90,,
173225,P,2001-11-09,14463,4,80.88,6.64,,
173226,P,2001-12-25,25091,4,63.26,2.66,,
173227,P,2001-05-15,35502,2,39.95,8.65,,
173228,P,2002-03-05,23907,8,47.20,7.05,,
173229,P,2001-01-15,21036,4,78.95,9.47,,
173230,P,2001-08-02,88436,5,1.67,3.10,,
173231,P,2002-09-07,9766,2,21.89,7.01,,
173232,P,2000-01-29,34258,5,79.63,3.02,,
173233,P,2000-02-01,85244,5,62.58,1.46,,
173234,P,2001-04-23,96956,7,33.88,6.95,,
173235,P,2001-02-14,32737,3,48.97,7.99,,
173236,P,2000-07-04,21259,3,50.81,2.00,,
173237,P,2000-12-17,89120,4,25.41,6.41,,
173238,P,2000-07-07,64760,5,27.35,1.10,,
173239,P,2000-01-07,92912,5,18.81,0.71,,
173240,P,2000-09-04,89511,3,96.79,3.09,,
173241,P,2000-02-17,76769,1,46.52,0.31,,
173242,P,2001-02-04,54653,5,98.76,4.85,,
173243,P,2001-04-11,6316,4,34.72,6.76,,
173244,P,2002-02-04,34846,2,55.89,2.57,,
173245,P,2002-02-19,22473,5,11.28,8.08,,
173246,P,2000-08-06,16026,10,22.85,2.55,,
173247,P,2002-07-27,54241,8,88.26,9.22,,
173248,P,2002-04-20,62175,2,79.46,6.50,,
173249,P,2001-04-13,87428,2,60.04,2.19,,
173250,P,2000-10-02,95812,3,38.67,8.92,,
173251,P,2000-05-13,85624,7,83.55,1.18,,
173252,P,2002-02-07,43728,10,26.25,3.32,,
173253,P,2001-11-01,28941,9,94.51,0.91,,
173254,P,2000-08-23,19546,8,92.83,3.03,,
173255,P,2000-03-07,55990,1,24.53,0.89,,
173256,P,2001-11-17,29387,1,47.40,3.15,,
173257,P,2001-02-12,81848,4,65.12,4.90,,
173258,P,2002-02-01,42588,9,81.56,4.24,,
173259,P,2000-01-08,55874,1,25.53,9.95,,
173260,P,2001-05-14,77627,2,42.94,5.61,,
173261,P,2001-06-25,4368,4,17.92,2.88,,
173262,P,2000-04-12,11251,7,35.40,1.08,,
173263,P,2002-09-26,31462,2,94.72,7.95,,
173264,P,2001-09-19,59505,1,65.81,1.91,,
173265,P,2000-09-15,26531,9,45.85,9.98,,
173266,P,2002-09-07,91096,7,48.84,4.85,,
173267,P,2002-04-30,1913,9,96.55,4.09,,
173268,P,2002-09-23,67343,7,23.39,8.43,,
173269,P,2000-11-23,23376,4,19.30,6.68,,
173270,P,2000-01-19,65172,3,51.62,6.14,,
173271,P,2002-06-26,65272,7,58.75,0.86,,
173272,P,2001-11-24,90325,3,19.42,6.13,,
173273,P,2001-01-03,10159,10,9.26,0.54,,
173274,P,2002-01-25,46660,7,81.25,7.25,,
173275,P,2001-07-11,28503,1,14.76,5.67,,
173276,P,2001-07-09,58965,8,54.20,0.26,,
173277,P,2002-07-09,14278,7,94.48,7.75,,
173278,P,2001-03-11,72164,9,30.38,0.82,,
173279,P,2002-05-22,18610,3,8.76,3.81,,
173280,P,2001-03-26,47335,10,94.73,4.88,,
173281,P,2001-06-16,71926,2,89.81,0.94,,
173282,P,2001-05-03,12805,5,78.67,7.69,,
173283,P,2000-12-28,35810,3,15.85,3.97,,
173284,P,2000-03-22,68070,4,11.87,5.97,,
173285,P,2001-03-14,92691,1,76.87,5.91,,
173286,P,2001-07-10,95347,1,93.85,3.28,,
173287,P,2001-07-12,88777,7,86.64,4.03,,
173288,P,2001-01-11,12163,5,49.17,2.61,,
173289,P,2000-04-10,95645,9,2.58,0.10,,
173290,P,2000-04-28,6035,2,15.49,8.67,,
173291,P,2000-09-14,36520,10,51.96,9.88,,
173292,P,2002-08-05,86430,4,87.40,2.20,,
173293,P,2001-06-23,84621,9,1.39,7.77,,
173294,P,2000-09-24,70020,8,83.15,1.52,,
173295,P,2002-05-12,32796,8,40.79,8.86,,
173296,P,2001-11-12,49109,3,41.93,5.86,,
173297,P,2001-08-28,73949,5,99.47,9.65,,
173298,P,2000-02-19,13498,2,30.10,1.18,,
173299,P,2001-10-27,25997,3,0.89,2.90,,
173300,P,2001-03-28,92193,3,0.29,5.97,,
173301,P,2000-12-22,54073,2,31.87,3.95,,
173302,P,2000-01-02,59485,1,74.08,0.94,,
173303,P,2000-04-30,43502,9,43.21,6.07,,
173304,P,2001-02-12,96519,4,41.15,9.32,,
173305,P,2000-02-18,6321,3,41.74,5.32,,
173306,P,2001-01-05,53395,8,7.40,5.11,,
173307,P,2001-10-03,14876,3,83.72,6.65,,
173308,P,2001-11-04,66938,8,24.59,5.75,,
173309,P,2002-04-17,74114,10,10.54,5.21,,
173310,P,2000-05-16,48068,4,60.00,1.40,,
173311,P,2001-06-20,22053,4,60.13,4.41,,
173312,P,2000-07-14,17870,5,61.55,0.60,,
173313,P,2000-02-23,71219,6,28.25,9.67,,
173314,P,2002-03-18,76717,1,45.52,4.43,,
173315,P,2002-04-24,61746,2,43.80,0.78,,
173316,P,2000-11-01,33186,6,16.62,9.04,,
173317,P,2001-01-25,49934,10,57.10,6.31,,
173318,P,2000-09-13,84589,3,73.85,2.12,,
173319,P,2002-04-04,99258,1,45.22,9.78,,
173320,P,2000-03-04,32688,9,77.33,2.46,,
173321,P,2000-10-23,33801,5,95.96,9.66,,
173322,P,2001-09-20,49101,3,22.18,4.35,,
173323,P,2000-04-08,10392,3,55.80,7.35,,
173324,P,2002-09-06,80206,6,47.70,5.49,,
173325,P,2001-04-04,10809,2,79.51,8.36,,
173326,P,2000-07-05,29177,6,53.41,0.37,,
173327,P,2002-02-01,2659,4,83.69,2.10,,
173328,P,2001-02-20,53438,9,5.77,8.61,,
173329,P,2001-02-20,96154,2,21.71,2.41,,
173330,P,2001-08-23,94770,3,42.41,9.27,,
173331,P,2000-05-24,52156,4,83.83,2.68,,
173332,P,2000-06-03,49914,4,44.03,2.80,,
173333,P,2002-04-18,98998,6,56.43,8.71,,
173334,P,2002-09-02,62030,10,67.14,2.05,,
173335,P,2002-09-11,34712,5,39.38,8.51,,
173336,P,2002-07-31,14927,8,83.06,6.96,,
173337,P,2001-08-09,44269,5,6.66,4.22,,
173338,P,2000-03-22,52292,1,54.11,8.44,,
173339,P,2000-07-21,68151,6,23.95,3.03,,
173340,P,2002-08-24,80477,1,97.10,9.45,,
173341,P,2001-09-27,84247,10,9.46,6.95,,
173342,P,2002-09-25,44686,10,31.67,7.85,,
173343,P,2000-12-31,67202,8,23.89,7.53,,
173344,P,2001-05-31,68733,10,53.58,1.22,,
173345,P,2001-04-20,92303,4,48.67,6.50,,
173346,P,2002-01-09,3868,2,73.44,1.72,,
173347,P,2002-04-27,10554,9,81.30,9.01,,
173348,P,2001-10-27,62559,1,29.95,4.23,,
173349,P,2000-08-04,58490,4,87.15,0.91,,
173350,P,2000-11-19,99291,10,91.20,9.42,,
173351,P,2001-04-03,68937,4,40.20,7.12,,
173352,P,2002-02-24,7585,3,73.24,2.20,,
173353,P,2000-10-01,65332,9,50.11,5.36,,
173354,P,2002-03-07,45083,8,82.10,0.12,,
173355,P,2001-01-24,4817,4,53.96,5.91,,
173356,P,2000-10-22,54135,5,33.91,1.33,,
173357,P,2001-08-17,42266,10,42.94,5.79,,
173358,P,2001-04-15,83027,10,50.57,2.54,,
173359,P,2001-07-10,61138,10,69.03,8.73,,
173360,P,2002-01-05,37070,1,27.11,1.55,,
173361,P,2001-06-27,22314,5,86.09,7.16,,
173362,P,2001-05-06,85567,4,15.63,6.51,,
173363,P,2000-12-04,9032,4,29.90,2.92,,
173364,P,2001-05-12,86385,10,67.06,6.75,,
173365,P,2002-03-22,93440,6,14.89,4.87,,
173366,P,2001-12-26,61588,2,51.80,1.53,,
173367,P,2002-07-08,81602,5,83.13,0.32,,
173368,P,2000-09-26,5167,2,31.89,1.29,,
173369,P,2002-09-10,65257,6,29.34,9.84,,
173370,P,2002-08-07,39377,2,73.74,2.18,,
173371,P,2001-03-17,51254,1,8.53,3.69,,
173372,P,2001-08-22,95975,6,1.40,7.61,,
173373,P,2002-05-29,75454,10,76.13,2.00,,
173374,P,2000-06-23,42243,10,81.21,8.44,,
173375,P,2001-09-27,59864,3,53.57,3.20,,
173376,P,2000-04-08,75498,7,86.74,2.93,,
173377,P,2001-03-07,70079,2,81.55,5.21,,
173378,P,2000-02-12,11382,6,68.37,9.36,,
173379,P,2002-06-05,5395,1,84.21,2.40,,
173380,P,2001-07-03,60019,1,84.88,4.78,,
173381,P,2000-09-11,81832,9,9.81,7.22,,
173382,P,2002-08-05,30399,10,1.61,4.88,,
173383,P,2000-12-07,72281,1,61.15,7.31,,
173384,P,2000-10-07,3403,8,57.40,7.01,,
173385,P,2000-05-27,53264,5,46.05,0.98,,
173386,P,2000-07-28,6598,10,75.89,4.72,,
173387,P,2002-05-27,29998,8,82.93,1.22,,
173388,P,2002-06-16,19889,3,17.43,9.27,,
173389,P,2002-01-29,69113,2,9.88,0.62,,
173390,P,2000-05-12,16817,3,10.28,3.89,,
173391,P,2000-08-04,8033,1,60.53,8.08,,
173392,P,2000-03-29,15280,6,44.34,2.05,,
173393,P,2000-05-05,9271,1,27.73,7.89,,
173394,P,2000-04-23,50913,10,11.73,6.05,,
173395,P,2001-10-12,97859,8,93.21,2.78,,
173396,P,2001-10-15,48550,2,63.12,6.45,,
173397,P,2001-03-26,5050,10,33.64,2.75,,
173398,P,2001-07-23,28964,8,29.26,1.76,,
173399,P,2000-06-25,27910,4,67.09,6.98,,
173400,P,2000-02-07,84802,1,1.28,1.17,,
173401,P,2001-01-12,65107,3,46.40,2.37,,
173402,P,2000-09-04,76791,9,35.12,3.21,,
173403,P,2001-11-07,6590,7,26.48,1.31,,
173404,P,2002-06-12,72875,1,5.01,3.53,,
173405,P,2000-07-15,95171,4,10.01,1.55,,
173406,P,2001-02-17,53239,5,64.62,7.95,,
173407,P,2002-04-22,23029,6,5.49,5.34,,
173408,P,2000-11-21,74591,1,23.04,7.33,,
173409,P,2001-08-09,76044,9,32.61,0.47,,
173410,P,2000-06-04,94416,3,19.46,4.28,,
173411,P,2002-01-22,32279,10,50.53,8.07,,
173412,P,2000-12-16,74928,2,98.89,6.93,,
173413,P,2001-03-19,64698,3,48.33,5.61,,
173414,P,2002-08-15,14804,7,88.38,6.67,,
173415,P,2000-06-09,39678,4,64.31,8.36,,
173416,P,2001-06-11,80717,1,11.50,7.90,,
173417,P,2000-10-19,45024,6,30.85,3.66,,
173418,P,2001-05-11,1249,8,21.16,6.18,,
173419,P,2002-09-04,12531,8,43.55,5.46,,
173420,P,2001-02-01,27952,2,65.05,6.23,,
173421,P,2001-10-17,4857,2,8.36,2.12,,
173422,P,2002-07-08,51018,6,17.75,1.10,,
173423,P,2001-11-07,492,5,67.89,5.42,,
173424,P,2000-07-14,36869,4,74.92,7.11,,
173425,P,2000-04-09,9703,7,0.84,1.27,,
173426,P,2001-03-16,13087,1,11.56,6.62,,
173427,P,2002-08-29,82330,2,65.35,2.38,,
173428,P,2000-02-06,90081,10,69.49,2.96,,
173429,P,2000-04-19,39986,7,40.14,2.67,,
173430,P,2000-12-15,35121,5,57.37,9.31,,
173431,P,2000-01-06,25799,4,57.96,2.84,,
173432,P,2000-10-02,38384,5,56.09,3.90,,
173433,P,2000-03-17,23969,9,91.15,2.53,,
173434,P,2000-07-05,46852,4,73.14,0.29,,
173435,P,2000-02-16,52458,3,71.84,0.95,,
173436,P,2002-08-10,16554,4,15.11,9.69,,
173437,P,2001-12-13,42435,5,69.93,0.96,,
173438,P,2002-07-13,59844,3,86.58,6.02,,
173439,P,2001-01-08,40534,1,32.43,6.75,,
173440,P,2000-09-21,41683,7,94.08,9.56,,
173441,P,2000-11-06,22268,7,8.23,9.21,,
173442,P,2001-10-20,95841,5,56.16,7.72,,
173443,P,2000-07-11,87770,3,12.04,0.04,,
173444,P,2000-06-03,99275,3,31.23,3.64,,
173445,P,2000-05-09,3697,7,39.78,8.66,,
173446,P,2000-05-31,55191,8,21.52,7.14,,
173447,P,2000-10-22,47544,10,68.46,8.46,,
173448,P,2001-08-28,88533,5,37.83,3.81,,
173449,P,2000-12-24,87327,9,65.52,9.41,,
173450,P,2001-12-27,67867,9,62.52,4.43,,
173451,P,2000-09-03,74878,10,81.37,4.58,,
173452,P,2001-03-10,45786,7,30.16,0.05,,
173453,P,2001-08-16,11971,9,87.45,3.02,,
173454,P,2000-04-22,45118,8,96.42,8.84,,
173455,P,2002-04-06,67976,4,44.43,7.13,,
173456,P,2001-09-05,58597,9,9.67,3.97,,
173457,P,2002-03-16,38836,8,28.85,6.81,,
173458,P,2002-04-29,24624,8,40.88,0.37,,
173459,P,2002-09-15,25874,1,82.11,8.03,,
173460,P,2000-03-06,66195,4,39.42,3.11,,
173461,P,2001-08-27,17144,7,89.65,9.21,,
173462,P,2000-05-20,81200,9,64.06,9.72,,
173463,P,2001-11-03,52712,4,22.19,8.60,,
173464,P,2000-08-22,68360,1,64.48,7.01,,
173465,P,2001-08-17,9623,7,85.27,4.13,,
173466,P,2001-10-14,79338,3,5.22,6.06,,
173467,P,2000-05-27,60914,9,76.10,1.91,,
173468,P,2000-06-12,75737,3,82.40,6.39,,
173469,P,2000-03-01,76295,2,39.77,8.22,,
173470,P,2001-02-11,36334,2,11.96,7.70,,
173471,P,2000-12-06,83297,2,43.89,3.60,,
173472,P,2000-10-03,77333,10,18.89,9.93,,
173473,P,2000-03-05,17390,10,57.59,0.43,,
173474,P,2001-09-21,4403,6,71.66,4.50,,
173475,P,2001-12-12,59520,7,13.62,3.10,,
173476,P,2000-02-15,38223,3,5.39,0.48,,
173477,P,2000-09-07,68055,5,15.99,6.22,,
173478,P,2001-12-21,86289,9,6.46,7.68,,
173479,P,2001-05-01,61629,10,34.19,1.06,,
173480,P,2002-07-22,11314,4,33.54,3.00,,
173481,P,2001-02-17,38794,6,37.84,8.52,,
173482,P,2000-09-27,66711,1,55.31,0.90,,
173483,P,2000-10-27,55700,4,70.65,5.11,,
173484,P,2000-04-23,55306,8,60.62,8.54,,
173485,P,2000-09-17,25505,8,93.39,1.11,,
173486,P,2002-09-02,73328,9,23.78,0.27,,
173487,P,2001-03-08,89489,2,82.30,1.27,,
173488,P,2002-02-11,77083,4,1.18,1.01,,
173489,P,2000-12-11,94187,6,18.63,8.17,,
173490,P,2000-05-10,5085,2,25.54,3.61,,
173491,P,2000-10-10,63599,9,39.73,8.63,,
173492,P,2000-06-16,22168,3,14.13,7.00,,
173493,P,2000-09-29,80957,8,0.16,2.26,,
173494,P,2000-03-21,68208,8,18.62,8.64,,
173495,P,2001-07-26,8480,10,84.54,7.99,,
173496,P,2002-03-30,35783,6,65.61,7.44,,
173497,P,2001-10-30,67458,7,16.92,7.51,,
173498,P,2000-10-14,9494,10,58.29,5.23,,
173499,P,2000-12-29,6650,5,39.25,6.51,,
173500,P,2002-04-11,46366,3,59.83,8.65,,
173501,P,2001-03-11,82165,8,23.48,6.83,,
173502,P,2002-02-12,52143,8,87.08,8.37,,
173503,P,2001-05-19,55106,10,6.54,3.22,,
173504,P,2001-08-15,96803,4,55.48,5.50,,
173505,P,2001-05-13,49090,10,16.15,5.89,,
173506,P,2001-08-15,30944,3,16.67,4.22,,
173507,P,2000-02-06,13513,6,29.01,6.18,,
173508,P,2000-12-11,95442,6,31.89,7.58,,
173509,P,2002-08-17,54282,8,25.52,8.49,,
173510,P,2000-12-22,44561,3,60.23,4.61,,
173511,P,2000-11-28,19568,1,34.33,6.14,,
173512,P,2002-02-03,76961,6,10.86,7.81,,
173513,P,2001-04-29,26384,10,10.16,3.79,,
173514,P,2000-10-25,9594,2,70.82,5.77,,
173515,P,2000-08-29,4997,9,83.12,8.44,,
173516,P,2000-01-31,28337,1,58.56,5.74,,
173517,P,2002-06-09,76736,10,5.40,4.40,,
173518,P,2000-06-13,55705,10,54.79,8.31,,
173519,P,2000-10-11,26011,9,53.16,8.27,,
173520,P,2001-09-08,53935,8,62.61,6.02,,
173521,P,2002-09-07,47805,9,46.28,0.92,,
173522,P,2000-11-27,86796,7,73.32,1.29,,
173523,P,2000-10-09,15269,9,11.49,4.20,,
173524,P,2001-10-01,19258,3,24.38,0.11,,
173525,P,2000-10-18,23683,8,1.78,6.45,,
173526,P,2001-08-17,52923,8,84.65,0.91,,
173527,P,2002-02-05,96920,3,36.55,7.45,,
173528,P,2001-07-28,78541,2,32.39,6.70,,
173529,P,2002-01-11,24835,10,18.87,8.40,,
173530,P,2000-05-16,32120,8,85.19,6.66,,
173531,P,2001-09-26,19047,9,47.50,5.21,,
173532,P,2000-09-04,26767,1,24.45,1.16,,
173533,P,2000-10-23,54517,2,13.00,1.25,,
173534,P,2000-08-26,6246,1,50.01,5.45,,
173535,P,2001-12-02,37304,3,0.59,8.32,,
173536,P,2001-02-22,85890,7,48.09,3.82,,
173537,P,2000-03-28,4285,6,31.78,5.45,,
173538,P,2001-12-28,55466,9,69.27,2.29,,
173539,P,2002-03-20,40764,4,56.93,9.26,,
173540,P,2002-06-28,66054,10,71.37,4.72,,
173541,P,2002-08-30,44575,8,78.21,9.59,,
173542,P,2001-12-22,2417,5,20.55,0.17,,
173543,P,2001-08-06,65714,10,12.26,4.29,,
173544,P,2000-08-21,67678,4,89.48,5.06,,
173545,P,2000-01-24,98028,5,45.16,0.61,,
173546,P,2001-11-17,42541,7,77.00,7.85,,
173547,P,2000-11-14,77868,3,52.99,8.47,,
173548,P,2000-06-05,31535,3,71.10,0.66,,
173549,P,2002-05-22,14151,7,73.08,6.20,,
173550,P,2000-05-01,68530,1,30.21,8.71,,
173551,P,2000-02-12,75671,1,37.20,7.30,,
173552,P,2001-03-29,14866,5,59.48,8.35,,
173553,P,2001-09-12,93222,4,15.50,4.45,,
173554,P,2001-08-14,12962,6,42.07,9.91,,
173555,P,2000-04-22,75488,6,96.20,0.85,,
173556,P,2000-08-09,49510,2,2.52,2.30,,
173557,P,2000-03-02,49702,7,76.03,3.28,,
173558,P,2002-01-27,87444,9,0.68,7.92,,
173559,P,2000-03-21,15393,5,22.35,2.85,,
173560,P,2001-02-06,13281,10,35.36,9.22,,
173561,P,2000-07-15,34353,2,74.46,5.53,,
173562,P,2001-11-06,66521,8,83.18,2.01,,
173563,P,2002-07-31,95125,10,56.85,7.98,,
173564,P,2000-10-24,22700,2,91.70,5.36,,
173565,P,2000-04-01,87196,2,49.18,3.43,,
173566,P,2001-12-19,31082,9,9.72,7.56,,
173567,P,2001-01-28,78401,7,75.50,1.92,,
173568,P,2002-08-14,22635,5,55.93,2.88,,
173569,P,2001-04-26,19267,9,89.99,1.90,,
173570,P,2002-06-23,20575,4,20.07,8.30,,
173571,P,2002-03-12,44383,9,45.02,8.36,,
173572,P,2001-09-14,93020,2,88.45,9.47,,
173573,P,2002-04-18,32844,10,93.80,1.13,,
173574,P,2000-05-18,20164,5,49.39,5.69,,
173575,P,2002-08-27,45968,2,91.89,7.62,,
173576,P,2000-07-26,67739,4,41.36,7.04,,
173577,P,2002-08-28,95906,5,11.36,9.39,,
173578,P,2001-03-07,30510,10,26.77,8.32,,
173579,P,2001-07-10,43346,2,32.21,7.57,,
173580,P,2000-06-05,65935,2,22.55,2.29,,
173581,P,2001-10-06,74525,8,25.35,4.47,,
173582,P,2002-06-20,56823,7,31.70,6.44,,
173583,P,2002-06-12,66365,2,7.19,6.10,,
173584,P,2000-12-30,29691,8,30.45,4.51,,
173585,P,2002-03-02,67448,3,5.01,9.36,,
173586,P,2002-05-16,90794,6,38.65,4.06,,
173587,P,2001-11-06,70865,5,51.26,1.88,,
173588,P,2000-12-20,91991,1,57.38,0.81,,
173589,P,2000-04-03,70885,7,40.12,8.52,,
173590,P,2000-08-29,6104,2,41.70,5.40,,
173591,P,2000-01-02,9197,1,15.36,1.38,,
173592,P,2000-08-01,34413,9,40.47,7.97,,
173593,P,2001-12-11,62353,8,41.64,6.10,,
173594,P,2001-01-17,44987,1,21.90,0.57,,
173595,P,2002-05-10,75481,8,78.91,5.68,,
173596,P,2001-06-18,31081,5,14.67,6.86,,
173597,P,2000-12-29,23822,8,38.61,9.38,,
173598,P,2001-01-31,38077,4,11.03,7.38,,
173599,P,2002-07-12,39704,1,94.37,4.38,,
173600,P,2002-02-03,53903,6,66.46,6.95,,
173601,P,2000-11-09,49255,8,90.27,3.24,,
173602,P,2001-10-20,52648,8,20.84,8.12,,
173603,P,2002-07-04,24637,2,75.34,2.38,,
173604,P,2001-02-17,39381,3,85.14,2.49,,
173605,P,2000-05-01,61780,8,10.79,1.98,,
173606,P,2000-10-16,54719,4,48.04,2.04,,
173607,P,2001-11-30,87680,6,63.99,0.88,,
173608,P,2000-05-23,86478,7,11.93,4.26,,
173609,P,2000-08-08,92498,3,71.14,3.44,,
173610,P,2001-05-14,44943,9,60.20,9.34,,
173611,P,2002-06-27,84684,8,41.88,0.76,,
173612,P,2001-04-17,668,8,85.62,9.53,,
173613,P,2000-09-11,60539,3,17.40,5.09,,
173614,P,2001-12-19,73537,7,94.77,6.35,,
173615,P,2000-11-24,69623,5,48.25,3.83,,
173616,P,2001-04-21,98970,4,8.27,8.58,,
173617,P,2001-03-25,25362,4,66.22,6.53,,
173618,P,2002-08-03,29843,9,11.26,3.19,,
173619,P,2002-01-14,43379,8,21.09,5.18,,
173620,P,2002-04-23,1209,1,28.35,6.34,,
173621,P,2002-04-16,80234,9,8.70,6.48,,
173622,P,2000-11-04,3084,4,71.56,1.13,,
173623,P,2002-04-02,60756,8,89.37,8.07,,
173624,P,2000-09-28,69768,1,57.28,6.31,,
173625,P,2002-03-15,61633,8,85.47,6.75,,
173626,P,2000-10-31,25706,10,81.91,4.70,,
173627,P,2002-09-05,24657,5,69.90,8.32,,
173628,P,2001-11-04,59403,5,45.12,5.34,,
173629,P,2001-12-15,70924,5,44.51,3.51,,
173630,P,2001-06-19,72009,5,86.14,3.24,,
173631,P,2002-05-29,96931,5,78.01,6.30,,
173632,P,2000-06-01,87925,4,16.20,4.65,,
173633,P,2000-06-07,70461,6,13.24,3.57,,
173634,P,2000-11-08,73939,4,21.85,4.55,,
173635,P,2001-08-21,48229,4,78.61,3.16,,
173636,P,2002-07-24,10527,10,44.35,3.39,,
173637,P,2002-07-25,5052,8,57.51,6.93,,
173638,P,2001-07-29,42271,10,62.27,6.37,,
173639,P,2001-02-10,33494,6,57.55,9.63,,
173640,P,2002-08-31,54721,1,16.08,3.86,,
173641,P,2000-07-10,33953,5,84.33,8.71,,
173642,P,2000-03-18,97741,7,71.43,6.41,,
173643,P,2002-08-26,29154,6,66.97,1.98,,
173644,P,2000-12-15,85438,5,65.09,2.66,,
173645,P,2000-12-01,46224,7,70.86,1.00,,
173646,P,2002-09-27,60557,2,84.43,2.05,,
173647,P,2001-09-07,58986,6,29.77,9.52,,
173648,P,2002-07-31,3813,10,48.74,0.44,,
173649,P,2000-11-28,95889,2,82.32,6.77,,
173650,P,2001-04-15,62082,4,17.69,3.34,,
173651,P,2001-12-05,19838,9,57.96,7.61,,
173652,P,2002-03-24,89089,5,26.40,4.86,,
173653,P,2001-12-15,27436,7,74.44,5.87,,
173654,P,2001-07-04,48757,2,91.83,2.67,,
173655,P,2001-04-01,9731,8,17.21,6.02,,
173656,P,2001-08-05,76551,1,83.07,6.97,,
173657,P,2000-05-24,12847,9,46.11,4.93,,
173658,P,2002-06-17,19677,3,47.64,1.61,,
173659,P,2001-11-09,83194,9,13.79,4.20,,
173660,P,2000-01-11,2412,10,98.35,9.42,,
173661,P,2001-12-07,21077,10,50.86,9.90,,
173662,P,2002-02-12,45641,9,71.14,0.23,,
173663,P,2001-06-18,54423,2,3.26,9.44,,
173664,P,2002-07-28,1615,2,64.34,7.11,,
173665,P,2000-10-04,66008,3,47.84,4.24,,
173666,P,2000-09-12,96741,9,8.03,3.82,,
173667,P,2001-12-20,78409,10,32.83,4.48,,
173668,P,2002-05-20,24219,4,4.39,2.73,,
173669,P,2000-03-30,72973,1,37.82,0.94,,
173670,P,2001-02-20,7874,8,19.39,1.26,,
173671,P,2001-04-17,33734,1,78.91,4.76,,
173672,P,2000-12-06,5914,2,74.88,5.54,,
173673,P,2002-04-21,33836,4,19.09,0.29,,
173674,P,2002-07-23,28964,7,66.79,2.65,,
173675,P,2001-11-09,55455,5,90.33,6.73,,
173676,P,2001-04-21,18362,5,2.24,3.87,,
173677,P,2002-05-08,84978,7,8.60,4.91,,
173678,P,2000-06-28,17247,4,84.86,1.45,,
173679,P,2000-06-23,53957,3,73.79,7.49,,
173680,P,2001-03-14,52515,3,21.32,3.66,,
173681,P,2002-03-21,98062,4,76.38,8.65,,
173682,P,2000-03-23,99153,4,33.20,1.99,,
173683,P,2001-06-26,45451,10,39.38,2.53,,
173684,P,2002-03-03,24509,5,97.06,3.99,,
173685,P,2001-04-05,14406,10,43.36,9.05,,
173686,P,2001-10-26,79708,10,2.74,2.65,,
173687,P,2002-01-29,77625,6,50.02,3.45,,
173688,P,2001-02-26,22680,9,51.78,8.08,,
173689,P,2000-10-09,56972,6,78.30,3.57,,
173690,P,2001-12-14,42500,5,21.00,8.24,,
173691,P,2000-08-31,14025,10,86.41,5.96,,
173692,P,2001-04-09,66443,4,62.17,8.16,,
173693,P,2001-10-09,77050,4,30.01,3.57,,
173694,P,2001-01-09,32629,8,27.58,5.46,,
173695,P,2000-06-12,99071,1,76.20,9.40,,
173696,P,2000-03-24,23358,5,67.31,0.58,,
173697,P,2001-09-25,16082,2,57.13,1.83,,
173698,P,2001-05-12,19172,1,41.53,7.71,,
173699,P,2001-07-04,5952,2,93.13,7.67,,
173700,P,2001-12-09,32932,2,10.19,4.50,,
173701,P,2001-04-09,1681,9,8.44,0.68,,
173702,P,2000-07-19,38298,7,27.53,3.76,,
173703,P,2000-12-31,68153,8,18.03,9.34,,
173704,P,2001-03-17,50014,5,17.06,0.98,,
173705,P,2001-06-22,52223,7,26.05,6.15,,
173706,P,2000-08-15,37399,6,83.16,4.88,,
173707,P,2000-11-03,81200,7,56.94,6.12,,
173708,P,2002-05-26,44883,8,86.02,0.22,,
173709,P,2002-06-17,92293,9,83.76,9.74,,
173710,P,2000-07-19,65876,2,32.78,1.61,,
173711,P,2001-04-11,29425,7,71.99,8.22,,
173712,P,2000-04-30,45328,6,77.21,1.50,,
173713,P,2001-06-21,80812,10,4.90,9.77,,
173714,P,2000-10-31,18347,2,7.51,8.05,,
173715,P,2001-11-26,81336,3,91.58,9.96,,
173716,P,2000-10-27,46478,4,33.40,5.46,,
173717,P,2001-12-16,30345,1,35.30,5.93,,
173718,P,2001-02-20,31630,6,27.14,0.69,,
173719,P,2000-08-18,87549,9,9.31,6.38,,
173720,P,2001-12-03,90995,4,51.66,9.07,,
173721,P,2000-09-20,82179,2,49.01,2.14,,
173722,P,2001-11-28,54518,5,2.29,7.53,,
173723,P,2000-09-26,65108,10,6.79,5.23,,
173724,P,2002-04-26,7763,1,57.68,5.12,,
173725,P,2000-10-19,32359,6,71.47,0.06,,
173726,P,2002-09-13,21993,2,20.17,0.60,,
173727,P,2001-01-27,90084,10,85.22,4.34,,
173728,P,2001-11-19,83666,9,13.71,0.55,,
173729,P,2001-01-05,26338,10,87.73,6.25,,
173730,P,2000-11-01,83816,2,9.74,3.29,,
173731,P,2001-02-24,12395,9,69.18,3.23,,
173732,P,2000-08-15,70759,3,77.79,0.99,,
173733,P,2000-03-11,31996,7,4.14,9.74,,
173734,P,2001-02-23,76091,8,92.61,1.60,,
173735,P,2001-06-19,30063,1,43.05,0.28,,
173736,P,2000-06-16,82345,8,12.11,9.00,,
173737,P,2001-12-23,33646,7,28.95,6.98,,
173738,P,2000-09-11,44106,6,11.21,2.16,,
173739,P,2001-08-01,92571,2,74.11,2.87,,
173740,P,2002-06-14,2481,8,35.15,9.60,,
173741,P,2001-10-06,93115,6,43.59,8.06,,
173742,P,2001-01-11,88637,2,48.96,7.31,,
173743,P,2002-03-11,17362,2,79.78,4.96,,
173744,P,2001-11-16,57209,6,57.15,6.60,,
173745,P,2001-09-21,67815,1,9.70,0.95,,
173746,P,2000-01-11,67936,2,38.82,3.51,,
173747,P,2000-09-24,80362,7,70.04,6.37,,
173748,P,2000-12-06,17723,3,83.74,6.09,,
173749,P,2002-04-11,78849,9,95.91,8.36,,
173750,P,2001-12-21,70165,2,45.11,0.10,,
173751,P,2001-05-13,34845,4,37.47,0.76,,
173752,P,2000-10-27,93129,7,76.57,4.95,,
173753,P,2000-05-08,85420,5,64.76,5.37,,
173754,P,2000-11-23,95869,3,88.30,5.76,,
173755,P,2001-01-29,72238,9,9.54,6.28,,
173756,P,2001-01-13,18357,10,9.61,4.33,,
173757,P,2001-11-10,49917,3,35.50,8.90,,
173758,P,2000-02-04,39925,2,76.75,2.61,,
173759,P,2000-12-23,44282,8,53.88,8.54,,
173760,P,2000-01-14,48492,3,56.53,9.71,,
173761,P,2001-10-07,1449,5,69.42,5.64,,
173762,P,2002-08-18,13784,9,57.47,1.60,,
173763,P,2002-05-31,1821,9,28.26,5.06,,
173764,P,2002-05-07,47364,9,75.01,1.42,,
173765,P,2000-10-24,99005,7,49.04,1.28,,
173766,P,2001-07-01,46283,1,75.06,5.28,,
173767,P,2001-05-08,66972,8,98.59,8.12,,
173768,P,2001-08-01,15773,10,98.86,6.13,,
173769,P,2001-05-19,54705,4,71.48,9.44,,
173770,P,2000-02-13,98682,7,31.21,7.11,,
173771,P,2001-05-29,76825,4,47.94,4.68,,
173772,P,2001-05-30,39194,3,88.46,8.69,,
173773,P,2001-02-13,1925,3,21.02,7.31,,
173774,P,2002-05-02,45729,10,24.81,5.05,,
173775,P,2000-01-28,85285,1,71.30,5.79,,
173776,P,2002-04-18,8987,7,50.11,8.16,,
173777,P,2002-03-13,29332,7,39.43,3.41,,
173778,P,2002-09-16,32667,10,44.47,9.98,,
173779,P,2002-02-26,33826,3,53.57,8.72,,
173780,P,2002-06-27,74692,6,3.25,4.53,,
173781,P,2001-06-03,15803,10,50.03,9.55,,
173782,P,2001-09-03,84017,4,33.03,8.59,,
173783,P,2002-07-24,23914,5,72.72,6.05,,
173784,P,2002-07-16,23881,8,27.55,8.26,,
173785,P,2002-06-21,98462,9,63.17,1.70,,
173786,P,2001-08-04,76108,6,21.40,5.22,,
173787,P,2001-02-08,16767,4,20.68,4.07,,
173788,P,2001-02-26,898,8,61.37,8.78,,
173789,P,2002-06-23,30888,6,73.76,3.07,,
173790,P,2001-12-05,21980,7,28.96,6.21,,
173791,P,2001-07-19,62749,2,43.42,3.46,,
173792,P,2000-03-15,19859,10,97.30,7.90,,
173793,P,2000-12-15,5952,1,93.82,4.86,,
173794,P,2000-12-15,77785,7,31.14,8.28,,
173795,P,2000-12-02,74882,7,64.84,6.12,,
173796,P,2000-04-01,41389,6,56.18,2.04,,
173797,P,2002-02-09,3719,2,45.44,6.69,,
173798,P,2000-03-11,37891,2,65.53,7.77,,
173799,P,2000-06-16,18509,9,14.07,8.99,,
173800,P,2001-06-20,70843,3,34.72,9.20,,
173801,P,2000-09-27,76131,10,47.39,0.04,,
173802,P,2000-10-18,19259,7,18.75,8.26,,
173803,P,2000-11-04,73207,6,8.76,0.69,,
173804,P,2000-10-17,17448,8,14.76,7.60,,
173805,P,2000-05-23,54672,5,53.90,2.53,,
173806,P,2001-10-06,18728,5,78.61,3.67,,
173807,P,2000-01-02,3834,2,67.21,7.85,,
173808,P,2002-04-24,91805,4,30.42,7.17,,
173809,P,2000-12-05,64637,9,31.59,3.99,,
173810,P,2002-07-15,78196,7,53.44,1.99,,
173811,P,2001-10-31,48729,8,0.13,3.33,,
173812,P,2002-03-18,3619,9,2.61,3.49,,
173813,P,2001-05-20,42141,2,76.93,1.69,,
173814,P,2001-02-11,38911,6,8.65,6.34,,
173815,P,2000-06-22,86254,8,50.74,1.95,,
173816,P,2000-11-26,31291,5,89.52,2.48,,
173817,P,2000-11-25,41435,9,34.02,5.70,,
173818,P,2001-05-09,97232,10,20.10,8.38,,
173819,P,2000-12-28,60528,7,47.00,0.06,,
173820,P,2001-02-25,68513,5,11.33,1.22,,
173821,P,2000-01-06,49518,4,6.72,3.46,,
173822,P,2001-09-15,29113,2,87.26,9.08,,
173823,P,2000-12-16,1645,10,9.18,5.11,,
173824,P,2000-03-27,94513,4,82.45,8.66,,
173825,P,2000-07-17,68870,7,41.57,3.48,,
173826,P,2001-08-01,23770,2,88.73,8.32,,
173827,P,2000-07-18,10901,10,90.16,8.21,,
173828,P,2002-03-26,13897,6,72.63,7.98,,
173829,P,2001-11-18,88823,5,22.94,0.60,,
173830,P,2000-09-05,52121,2,78.72,1.10,,
173831,P,2000-09-23,95574,10,12.26,8.68,,
173832,P,2000-02-16,7112,7,64.03,1.41,,
173833,P,2001-11-09,75618,4,43.10,2.80,,
173834,P,2002-07-19,45332,7,68.63,4.47,,
173835,P,2001-05-19,40239,3,27.59,3.82,,
173836,P,2002-06-11,64075,6,19.03,0.42,,
173837,P,2002-04-19,62378,5,37.40,8.06,,
173838,P,2000-09-27,22712,1,92.98,0.92,,
173839,P,2000-10-07,45131,6,65.45,4.27,,
173840,P,2000-11-29,65068,1,21.07,7.03,,
173841,P,2001-08-28,77093,9,71.91,6.52,,
173842,P,2002-07-25,5865,8,19.07,9.12,,
173843,P,2002-02-01,11978,8,72.03,2.25,,
173844,P,2002-09-08,44645,3,63.96,0.16,,
173845,P,2001-02-08,55181,3,79.10,6.63,,
173846,P,2002-05-07,71944,4,30.89,8.36,,
173847,P,2000-04-06,39657,5,66.60,0.61,,
173848,P,2000-03-27,96553,10,44.14,3.82,,
173849,P,2001-08-07,39663,8,71.48,1.27,,
173850,P,2001-08-18,34256,3,68.09,9.11,,
173851,P,2002-04-16,90535,3,13.00,3.13,,
173852,P,2002-09-12,68005,9,33.99,8.70,,
173853,P,2001-11-09,50267,6,73.58,3.50,,
173854,P,2001-03-01,83936,8,29.75,5.57,,
173855,P,2000-02-29,88738,7,29.51,2.81,,
173856,P,2001-07-28,5870,1,60.40,2.06,,
173857,P,2002-01-11,44241,9,47.72,5.65,,
173858,P,2000-03-08,99479,5,64.15,6.25,,
173859,P,2002-08-18,10537,7,35.55,6.67,,
173860,P,2001-12-02,47770,3,59.86,7.72,,
173861,P,2000-02-16,21526,9,1.34,2.18,,
173862,P,2002-06-12,59963,7,71.81,7.05,,
173863,P,2002-09-13,74183,8,96.01,3.03,,
173864,P,2002-03-18,9802,7,81.83,0.47,,
173865,P,2002-06-05,21461,8,66.18,3.41,,
173866,P,2001-05-29,62848,7,47.42,4.55,,
173867,P,2002-01-06,82903,2,28.29,7.91,,
173868,P,2002-07-20,83405,2,69.97,8.07,,
173869,P,2002-04-19,92755,1,54.67,3.25,,
173870,P,2000-07-22,46876,2,72.50,0.43,,
173871,P,2000-12-12,47510,9,57.29,2.94,,
173872,P,2001-01-23,51900,7,54.49,4.04,,
173873,P,2000-03-17,41358,10,96.70,6.10,,
173874,P,2002-08-13,42058,4,78.18,6.85,,
173875,P,2002-07-07,65597,9,13.50,9.24,,
173876,P,2000-11-27,35884,1,63.66,4.86,,
173877,P,2002-08-09,67513,8,61.98,9.87,,
173878,P,2001-03-22,35904,9,54.93,4.27,,
173879,P,2002-07-03,64110,7,38.15,3.71,,
173880,P,2002-08-27,62186,4,19.78,1.29,,
173881,P,2000-03-21,45322,10,5.06,4.16,,
173882,P,2001-01-18,89598,1,28.71,2.24,,
173883,P,2001-10-22,13864,7,20.02,1.39,,
173884,P,2002-07-29,90122,6,35.82,5.92,,
173885,P,2002-08-21,73948,1,43.25,6.76,,
173886,P,2001-12-24,65424,1,50.32,5.00,,
173887,P,2001-08-24,282,3,22.55,9.39,,
173888,P,2001-02-27,14214,2,46.96,5.26,,
173889,P,2000-10-24,42121,1,6.86,0.20,,
173890,P,2000-12-26,17079,4,46.18,6.26,,
173891,P,2002-05-18,18413,3,92.87,1.37,,
173892,P,2001-01-13,86946,1,61.91,2.20,,
173893,P,2000-12-20,59559,4,96.75,5.19,,
173894,P,2002-09-01,99664,4,93.25,8.30,,
173895,P,2002-07-23,30182,5,19.19,7.41,,
173896,P,2001-02-27,51194,9,5.90,5.67,,
173897,P,2002-03-22,73844,9,10.94,3.52,,
173898,P,2000-12-11,87771,1,19.73,7.91,,
173899,P,2001-02-06,29556,9,33.84,4.44,,
173900,P,2000-04-23,96429,7,92.27,7.77,,
173901,P,2001-09-08,53956,1,26.77,4.55,,
173902,P,2002-04-23,91553,5,90.02,9.74,,
173903,P,2000-04-24,85718,8,25.75,2.76,,
173904,P,2000-09-29,22609,8,17.69,1.78,,
173905,P,2002-06-23,56574,10,94.55,6.79,,
173906,P,2000-07-28,45634,2,72.37,2.73,,
173907,P,2002-08-03,11431,5,47.82,7.78,,
173908,P,2001-04-08,7952,2,68.90,1.99,,
173909,P,2000-03-19,53760,7,34.63,8.16,,
173910,P,2000-05-17,80327,5,93.94,9.77,,
173911,P,2001-05-18,71538,9,47.81,4.86,,
173912,P,2001-06-26,53096,5,27.18,5.55,,
173913,P,2002-06-12,6207,6,72.83,6.63,,
173914,P,2000-12-22,92847,7,94.42,7.69,,
173915,P,2001-11-16,5441,8,72.55,6.56,,
173916,P,2001-06-24,71275,9,31.63,2.09,,
173917,P,2001-01-30,51432,5,8.09,6.86,,
173918,P,2000-07-10,82094,1,24.53,0.55,,
173919,P,2001-11-12,93159,2,66.31,3.97,,
173920,P,2000-01-13,20444,1,1.27,9.37,,
173921,P,2002-03-04,43840,7,63.68,7.24,,
173922,P,2002-01-26,77075,3,62.38,7.27,,
173923,P,2002-06-20,77035,10,37.13,0.26,,
173924,P,2001-08-21,94362,8,24.38,6.40,,
173925,P,2001-12-29,36350,8,0.44,4.32,,
173926,P,2002-01-01,19122,1,53.27,1.60,,
173927,P,2000-04-16,5186,5,16.32,3.12,,
173928,P,2002-03-18,92870,2,3.92,8.83,,
173929,P,2001-01-10,66505,1,86.48,5.05,,
173930,P,2002-06-11,50588,9,23.01,2.09,,
173931,P,2002-03-20,52447,1,82.87,5.05,,
173932,P,2002-02-06,15064,9,82.59,1.85,,
173933,P,2000-05-07,18296,5,3.74,4.38,,
173934,P,2001-01-20,1197,2,75.08,9.68,,
173935,P,2001-03-30,58673,7,77.44,6.63,,
173936,P,2001-06-29,79438,3,95.59,6.79,,
173937,P,2002-06-02,53602,7,99.45,6.77,,
173938,P,2001-08-31,95037,4,5.34,5.72,,
173939,P,2001-07-01,50263,6,84.35,7.80,,
173940,P,2002-02-28,41431,2,78.24,2.67,,
173941,P,2001-01-30,43102,3,56.47,4.71,,
173942,P,2000-06-20,67742,2,40.61,8.72,,
173943,P,2000-09-16,28293,1,67.85,6.27,,
173944,P,2000-08-29,76204,2,56.27,0.96,,
173945,P,2000-09-09,10597,9,5.20,4.58,,
173946,P,2002-09-01,76793,9,60.25,9.57,,
173947,P,2001-04-09,70142,3,33.43,6.56,,
173948,P,2002-09-19,27979,7,39.50,8.31,,
173949,P,2000-07-18,71537,2,52.94,8.68,,
173950,P,2002-01-06,62986,8,93.63,9.94,,
173951,P,2002-05-24,27300,5,62.53,5.31,,
173952,P,2002-02-08,90745,9,98.98,6.82,,
173953,P,2001-10-23,89527,7,74.95,2.22,,
173954,P,2002-06-07,7211,8,52.97,7.20,,
173955,P,2001-06-24,94211,5,3.88,6.80,,
173956,P,2000-08-14,47054,5,69.19,1.43,,
173957,P,2000-07-20,7544,2,62.84,7.39,,
173958,P,2000-02-06,53389,4,71.05,6.60,,
173959,P,2002-09-14,68179,3,3.18,1.94,,
173960,P,2000-10-30,1356,1,73.62,9.06,,
173961,P,2000-12-26,10938,5,48.98,6.45,,
173962,P,2000-07-05,49207,10,6.78,5.89,,
173963,P,2000-09-04,65093,8,41.64,9.61,,
173964,P,2001-02-01,99081,7,39.19,9.56,,
173965,P,2002-06-27,17522,10,93.09,7.86,,
173966,P,2000-05-31,93119,4,55.97,6.78,,
173967,P,2000-03-28,32542,6,70.25,6.35,,
173968,P,2000-03-02,3541,5,69.89,8.75,,
173969,P,2001-07-29,71335,2,3.15,7.69,,
173970,P,2000-11-07,95905,10,27.56,0.92,,
173971,P,2002-09-04,2680,7,32.96,0.42,,
173972,P,2001-12-19,47160,1,38.26,8.11,,
173973,P,2000-01-02,24787,5,54.44,8.21,,
173974,P,2000-03-18,90353,3,89.02,7.41,,
173975,P,2001-03-27,88168,2,90.81,0.93,,
173976,P,2002-09-23,13216,3,12.69,5.79,,
173977,P,2001-10-17,16184,9,11.88,8.90,,
173978,P,2000-12-16,20539,1,66.47,9.72,,
173979,P,2000-08-12,88468,10,84.38,8.76,,
173980,P,2001-07-16,44336,6,75.13,9.23,,
173981,P,2000-07-17,22989,6,24.52,0.67,,
173982,P,2000-05-15,68248,2,96.41,6.97,,
173983,P,2000-10-28,56773,5,50.78,2.05,,
173984,P,2002-02-18,38812,9,93.97,7.62,,
173985,P,2000-06-25,29783,9,78.12,3.40,,
173986,P,2001-12-20,9828,7,31.27,7.49,,
173987,P,2002-06-17,42215,10,87.83,6.27,,
173988,P,2001-12-03,56227,9,30.78,5.10,,
173989,P,2002-04-29,85811,5,62.68,8.03,,
173990,P,2000-11-02,93865,3,78.23,4.48,,
173991,P,2000-06-01,82277,8,76.03,4.77,,
173992,P,2000-04-15,31439,7,81.69,2.87,,
173993,P,2000-04-05,87625,3,44.32,5.53,,
173994,P,2000-01-13,1655,6,95.03,5.72,,
173995,P,2002-06-18,49375,9,59.69,7.10,,
173996,P,2000-10-13,31191,10,73.69,1.30,,
173997,P,2001-05-01,64478,5,89.01,1.67,,
173998,P,2001-07-12,18325,8,57.33,2.98,,
173999,P,2000-02-23,77126,7,17.12,4.83,,
174000,P,2002-09-17,96511,10,34.01,2.45,,
174001,P,2001-11-12,83180,10,12.13,9.07,,
174002,P,2001-11-06,86623,4,26.88,1.59,,
174003,P,2002-06-03,59784,3,42.27,5.58,,
174004,P,2002-01-20,12583,10,34.69,5.88,,
174005,P,2000-07-23,52273,10,92.21,2.63,,
174006,P,2000-11-02,80959,9,68.25,4.51,,
174007,P,2001-11-23,65439,6,92.30,9.40,,
174008,P,2001-09-09,44771,1,64.51,6.32,,
174009,P,2001-05-24,69673,10,90.43,7.37,,
174010,P,2002-02-19,39913,5,41.72,5.49,,
174011,P,2000-09-25,1329,9,54.27,3.26,,
174012,P,2001-08-22,82232,2,81.75,8.46,,
174013,P,2000-07-23,6024,6,49.81,1.53,,
174014,P,2002-05-23,63479,5,55.26,4.62,,
174015,P,2000-04-06,37314,2,41.34,0.18,,
174016,P,2001-01-27,38427,8,84.03,3.73,,
174017,P,2001-01-02,14575,6,19.09,6.69,,
174018,P,2000-09-22,32056,1,45.55,6.70,,
174019,P,2000-01-17,27607,8,76.20,5.29,,
174020,P,2000-09-12,75199,6,29.15,5.29,,
174021,P,2002-06-23,51432,7,15.74,4.46,,
174022,P,2000-12-03,43815,4,67.80,6.37,,
174023,P,2001-03-30,87138,3,51.62,6.96,,
174024,P,2001-05-10,39645,3,89.91,4.55,,
174025,P,2002-03-23,54612,8,32.42,9.86,,
174026,P,2002-01-06,89830,9,36.68,0.79,,
174027,P,2000-02-23,4405,9,36.04,9.70,,
174028,P,2000-10-03,19504,2,22.93,6.41,,
174029,P,2000-05-29,93067,7,53.23,0.54,,
174030,P,2000-05-21,10984,1,68.15,5.35,,
174031,P,2002-05-21,85978,8,13.47,7.97,,
174032,P,2000-08-14,10725,10,49.31,3.77,,
174033,P,2001-09-12,99988,4,86.77,0.30,,
174034,P,2001-10-10,38741,1,14.34,9.81,,
174035,P,2000-03-22,3850,4,26.86,7.02,,
174036,P,2002-06-11,14629,2,46.40,9.52,,
174037,P,2002-01-23,25197,1,26.78,8.92,,
174038,P,2000-10-31,91217,6,91.57,8.94,,
174039,P,2000-03-26,93915,10,93.12,4.32,,
174040,P,2000-12-31,2202,5,12.22,9.27,,
174041,P,2002-04-20,18094,9,75.03,4.18,,
174042,P,2000-12-08,12313,10,73.65,8.03,,
174043,P,2000-10-30,11572,9,77.57,3.02,,
174044,P,2000-10-31,29958,1,93.12,9.44,,
