303917,P,2001-11-15,93792,1,83.20,8.19,,
303918,P,2002-03-22,78962,4,6.05,6.76,,
303919,P,2000-10-05,87781,8,65.41,6.57,,
303920,P,2002-08-12,13507,7,43.39,0.17,,
303921,P,2001-05-25,66370,5,55.36,2.84,,
303922,P,2000-12-25,34706,3,37.63,4.92,,
303923,P,2001-05-08,21014,6,44.23,0.62,,
303924,P,2002-07-10,36392,1,63.11,4.50,,
303925,P,2000-01-01,43461,6,42.99,4.21,,
303926,P,2002-03-29,82264,8,15.60,3.02,,
303927,P,2001-04-17,70128,8,4.68,1.01,,
303928,P,2001-10-31,3049,1,34.96,7.82,,
303929,P,2000-12-28,92459,9,4.70,7.98,,
303930,P,2001-10-01,53409,8,70.22,8.17,,
303931,P,2001-06-05,8817,6,65.29,8.88,,
303932,P,2001-10-12,92,9,82.56,7.52,,
303933,P,2002-02-25,47252,9,59.57,7.28,,
303934,P,2000-07-14,44297,9,98.18,3.72,,
303935,P,2000-02-06,81006,4,89.20,9.85,,
303936,P,2002-07-28,76620,7,97.04,8.85,,
303937,P,2002-08-23,68236,1,36.03,0.56,,
303938,P,2000-10-03,48072,2,82.30,8.06,,
303939,P,2001-12-30,50498,2,68.71,0.39,,
303940,P,2002-02-15,79772,6,19.54,6.55,,
303941,P,2000-09-05,33959,10,38.84,6.18,,
303942,P,2002-02-15,91952,9,97.97,2.35,,
303943,P,2001-09-18,17736,5,32.11,7.22,,
303944,P,2002-09-19,44184,4,68.81,2.41,,
303945,P,2000-12-21,63229,6,93.65,3.91,,
303946,P,2001-02-27,7951,9,67.65,7.07,,
303947,P,2002-04-02,43707,9,79.00,6.26,,
303948,P,2001-02-03,31810,8,38.12,8.85,,
303949,P,2002-08-25,4255,5,50.68,1.42,,
303950,P,2002-02-19,11648,4,75.54,1.79,,
303951,P,2001-10-04,21325,4,25.21,7.70,,
303952,P,2001-08-21,94223,8,97.70,0.75,,
303953,P,2000-07-12,57,1,47.86,9.03,,
303954,P,2002-03-02,93059,2,78.36,8.78,,
303955,P,2000-07-05,96910,4,15.01,6.49,,
303956,P,2000-11-17,91663,8,71.22,5.15,,
303957,P,2001-06-02,54990,8,50.21,3.27,,
303958,P,2002-08-12,4155,9,89.33,2.46,,
303959,P,2000-02-25,2695,2,29.77,4.75,,
303960,P,2002-08-20,65395,7,51.43,0.70,,
303961,P,2001-06-04,67681,2,97.88,4.30,,
303962,P,2000-12-06,65047,7,31.97,6.54,,
303963,P,2000-07-14,25278,3,50.52,7.99,,
303964,P,2000-04-10,89078,8,9.43,7.64,,
303965,P,2002-07-08,97761,3,15.29,2.97,,
303966,P,2002-06-24,34954,2,30.32,2.54,,
303967,P,2001-02-27,84721,7,2.12,8.92,,
303968,P,2000-03-21,25351,7,38.41,7.52,,
303969,P,2000-01-11,68915,3,61.75,3.58,,
303970,P,2002-02-10,87259,10,7.48,3.98,,
303971,P,2000-07-13,54747,1,25.30,4.09,,
303972,P,2001-12-25,65091,6,83.52,2.48,,
303973,P,2000-04-10,93948,1,45.08,0.09,,
303974,P,2001-11-02,71711,7,0.32,6.27,,
303975,P,2002-08-31,79346,9,96.45,3.78,,
303976,P,2001-09-02,4131,3,65.55,7.72,,
303977,P,2001-10-14,61666,3,52.10,7.12,,
303978,P,2002-06-28,81726,1,74.65,0.18,,
303979,P,2002-09-06,58857,7,63.28,0.38,,
303980,P,2001-07-23,61906,5,37.94,7.77,,
303981,P,2002-08-11,22147,1,31.40,3.86,,
303982,P,2001-09-23,93047,2,97.54,4.90,,
303983,P,2000-06-03,20898,2,77.98,6.13,,
303984,P,2000-05-01,96292,6,39.31,4.99,,
303985,P,2002-05-01,47411,7,37.69,4.48,,
303986,P,2002-04-28,29281,5,47.07,4.17,,
303987,P,2000-08-28,97643,6,61.35,2.18,,
303988,P,2000-05-20,80244,2,42.56,3.71,,
303989,P,2001-08-22,1290,5,94.27,4.46,,
303990,P,2001-09-19,5986,5,0.69,4.28,,
303991,P,2000-04-24,10462,9,44.60,6.03,,
303992,P,2001-09-30,67894,6,92.06,2.20,,
303993,P,2002-05-03,73646,2,3.33,3.60,,
303994,P,2002-06-22,77705,4,48.23,9.80,,
303995,P,2000-06-16,26951,7,61.49,1.65,,
303996,P,2002-08-05,1891,2,42.29,2.05,,
303997,P,2002-08-20,11100,1,56.58,0.39,,
303998,P,2001-02-09,73062,4,94.32,5.19,,
303999,P,2001-12-13,91134,10,40.94,6.75,,
304000,P,2002-08-01,98021,5,41.35,6.62,,
304001,P,2000-07-04,55341,3,67.43,9.59,,
304002,P,2000-09-02,36572,3,16.12,4.10,,
304003,P,2000-06-04,76408,8,9.54,7.44,,
304004,P,2000-11-01,32016,3,79.41,2.68,,
304005,P,2000-04-23,28746,8,61.73,3.81,,
304006,P,2000-06-26,43008,5,33.92,5.98,,
304007,P,2000-03-26,348,9,48.25,0.07,,
304008,P,2001-02-18,62555,2,55.34,4.79,,
304009,P,2002-01-18,26549,10,40.92,2.83,,
304010,P,2000-07-19,42318,10,30.54,5.61,,
304011,P,2000-08-03,88846,8,71.14,8.35,,
304012,P,2002-01-30,51631,2,36.39,2.84,,
304013,P,2002-07-30,46738,6,89.36,9.81,,
304014,P,2001-08-07,41438,1,87.13,2.54,,
304015,P,2000-09-13,72174,1,37.85,1.74,,
304016,P,2001-09-27,96174,8,94.79,8.07,,
304017,P,2000-05-20,84770,5,25.30,7.99,,
304018,P,2002-05-16,9274,1,33.99,7.91,,
304019,P,2001-03-14,16225,5,82.77,1.84,,
304020,P,2000-07-17,57324,6,24.02,8.17,,
304021,P,2001-05-02,37969,2,37.52,4.76,,
304022,P,2002-06-08,89239,3,71.05,3.52,,
304023,P,2000-08-06,70761,8,56.17,2.21,,
304024,P,2000-11-15,33866,2,2.47,4.10,,
304025,P,2001-12-29,85601,2,0.27,4.31,,
304026,P,2000-08-10,45058,5,83.13,9.50,,
304027,P,2000-08-15,70155,9,58.91,5.94,,
304028,P,2001-05-15,27980,4,19.36,4.39,,
304029,P,2002-04-28,83073,3,48.77,7.68,,
304030,P,2002-02-26,47383,2,41.58,8.38,,
304031,P,2001-03-13,15673,10,55.07,6.72,,
304032,P,2001-07-25,83875,9,59.11,0.27,,
304033,P,2000-08-25,68325,5,15.35,7.73,,
304034,P,2001-03-20,33495,7,33.24,4.02,,
304035,P,2000-05-19,88735,5,84.31,6.25,,
304036,P,2001-08-11,65010,5,37.41,5.31,,
304037,P,2002-09-14,94819,6,31.14,2.29,,
304038,P,2000-01-18,4555,7,76.07,7.48,,
304039,P,2002-04-01,97930,3,49.87,4.83,,
304040,P,2000-11-29,50714,3,91.62,5.47,,
304041,P,2000-09-14,37670,7,49.94,0.47,,
304042,P,2001-10-04,22455,3,89.42,5.53,,
304043,P,2000-12-07,82202,4,93.62,1.78,,
304044,P,2001-08-18,50498,7,51.06,2.05,,
304045,P,2001-05-09,18074,4,57.15,7.43,,
304046,P,2002-06-19,59163,8,80.61,5.84,,
304047,P,2000-08-16,51501,5,85.83,6.93,,
304048,P,2000-08-29,3600,6,0.13,1.92,,
304049,P,2000-11-10,24730,1,73.02,8.86,,
304050,P,2000-09-06,25309,7,74.40,8.27,,
304051,P,2000-08-20,9623,7,41.53,5.70,,
304052,P,2002-08-27,61295,9,34.49,3.13,,
304053,P,2001-04-16,83284,1,97.28,4.56,,
304054,P,2002-06-09,30462,6,51.94,9.63,,
304055,P,2001-12-28,74212,8,14.27,8.96,,
304056,P,2000-12-13,59041,4,91.06,2.51,,
304057,P,2000-03-17,7998,6,13.66,9.04,,
304058,P,2000-09-06,87883,5,44.46,7.81,,
304059,P,2002-09-22,28791,7,95.45,8.68,,
304060,P,2000-06-03,32666,6,90.49,1.83,,
304061,P,2000-09-29,69232,6,92.83,0.97,,
304062,P,2002-08-25,72357,3,22.45,0.93,,
304063,P,2001-02-01,75347,4,8.48,8.68,,
304064,P,2001-02-11,29807,3,4.01,4.59,,
304065,P,2002-04-15,59476,4,1.41,5.70,,
304066,P,2000-09-21,46820,3,94.14,0.08,,
304067,P,2001-09-10,64706,6,2.39,2.45,,
304068,P,2000-04-18,8682,3,81.53,4.74,,
304069,P,2000-08-23,60285,3,59.19,5.46,,
304070,P,2000-08-04,78149,8,83.38,5.46,,
304071,P,2001-02-16,97835,9,14.58,2.95,,
304072,P,2000-09-10,36566,5,2.42,8.06,,
304073,P,2002-06-09,22319,3,31.95,3.74,,
304074,P,2001-07-22,67797,10,21.00,3.10,,
304075,P,2001-12-29,64830,2,5.20,5.11,,
304076,P,2002-05-01,35009,9,11.42,0.65,,
304077,P,2000-04-17,3733,6,11.39,1.08,,
304078,P,2002-09-17,81325,5,95.00,4.67,,
304079,P,2001-06-10,55689,6,0.47,6.79,,
304080,P,2000-10-27,56817,5,64.10,5.48,,
304081,P,2000-01-09,39789,7,6.89,8.05,,
304082,P,2002-07-04,68474,8,26.38,5.90,,
304083,P,2000-08-09,26719,2,8.52,0.84,,
304084,P,2000-01-06,3213,10,42.43,4.45,,
304085,P,2001-07-17,75285,5,31.01,2.39,,
304086,P,2000-04-14,64583,5,21.19,0.21,,
304087,P,2000-12-09,30870,9,35.50,2.87,,
304088,P,2002-07-26,79008,9,4.04,3.83,,
304089,P,2001-08-24,67742,7,18.36,0.86,,
304090,P,2002-07-12,45355,1,79.10,9.11,,
304091,P,2001-07-09,815,9,42.65,6.50,,
304092,P,2002-05-01,24395,5,77.13,1.78,,
304093,P,2001-03-17,34189,5,97.59,2.59,,
304094,P,2000-11-06,75657,4,42.02,9.55,,
304095,P,2002-03-09,16300,5,87.46,9.79,,
304096,P,2002-04-26,29661,5,9.28,7.26,,
304097,P,2002-02-28,88303,7,33.60,9.30,,
304098,P,2001-11-19,72521,4,68.44,7.07,,
304099,P,2002-05-10,64620,9,85.61,0.41,,
304100,P,2000-07-04,32988,9,76.31,8.32,,
304101,P,2000-06-07,25296,9,79.88,5.48,,
304102,P,2002-05-18,22669,2,18.87,2.03,,
304103,P,2001-06-04,54218,8,70.54,8.05,,
304104,P,2001-01-28,20543,9,14.91,0.58,,
304105,P,2001-05-31,68843,10,12.25,1.23,,
304106,P,2000-03-07,52698,4,17.05,3.21,,
304107,P,2001-01-16,80827,6,98.68,4.38,,
304108,P,2001-01-11,72688,3,17.19,5.70,,
304109,P,2000-01-31,48642,9,31.60,0.83,,
304110,P,2000-10-29,26544,1,9.05,2.58,,
304111,P,2001-08-14,19774,9,21.68,0.57,,
304112,P,2000-03-13,37361,3,3.97,3.18,,
304113,P,2002-06-27,8066,3,45.53,3.14,,
304114,P,2000-04-02,26899,1,27.23,1.06,,
304115,P,2001-08-15,33556,1,78.31,2.98,,
304116,P,2001-06-21,26070,10,91.95,6.50,,
304117,P,2001-05-06,41884,9,13.15,2.18,,
304118,P,2000-01-15,90322,5,74.29,8.61,,
304119,P,2000-07-19,43213,2,8.55,8.90,,
304120,P,2001-04-02,28435,5,72.21,2.47,,
304121,P,2000-01-22,57586,10,76.09,5.86,,
304122,P,2001-01-31,48458,5,66.63,7.13,,
304123,P,2000-06-05,28054,9,95.56,3.09,,
304124,P,2002-02-11,6353,10,12.53,3.10,,
304125,P,2000-11-05,26534,1,71.64,7.20,,
304126,P,2000-09-28,57198,10,69.27,2.33,,
304127,P,2001-11-15,95249,6,2.31,5.55,,
304128,P,2002-02-20,6896,2,14.03,7.34,,
304129,P,2002-05-22,77979,2,83.01,9.49,,
304130,P,2000-05-23,96865,8,66.96,6.83,,
304131,P,2001-01-03,1386,1,32.92,0.26,,
304132,P,2000-06-14,14247,1,28.98,5.22,,
304133,P,2001-12-21,7535,2,43.22,6.32,,
304134,P,2001-08-25,18963,4,52.84,4.27,,
304135,P,2000-10-14,38666,6,49.49,5.90,,
304136,P,2000-01-11,55733,2,47.15,9.71,,
304137,P,2001-09-23,90211,2,39.57,9.69,,
304138,P,2000-10-01,56411,2,24.17,9.81,,
304139,P,2002-08-12,42735,8,62.17,3.12,,
304140,P,2002-05-10,64525,2,84.41,4.79,,
304141,P,2001-01-24,4592,3,76.26,5.67,,
304142,P,2002-07-23,85663,7,30.46,1.01,,
304143,P,2001-08-23,12219,4,28.37,6.30,,
304144,P,2002-07-03,5236,2,73.98,0.19,,
304145,P,2001-09-02,78838,7,41.24,8.15,,
304146,P,2001-09-04,74021,9,56.91,2.30,,
304147,P,2000-09-02,43010,3,53.58,1.43,,
304148,P,2002-04-26,80636,10,80.60,0.08,,
304149,P,2000-07-03,58454,3,38.99,2.15,,
304150,P,2000-06-24,45961,8,11.90,2.97,,
304151,P,2002-07-29,52420,4,8.46,3.61,,
304152,P,2002-03-09,54385,1,58.21,1.34,,
304153,P,2000-01-21,53553,4,97.70,0.98,,
304154,P,2001-08-07,26888,7,49.29,9.30,,
304155,P,2001-08-03,48123,3,62.63,2.85,,
304156,P,2001-02-15,22674,10,43.09,0.32,,
304157,P,2001-12-22,98405,3,70.49,9.34,,
304158,P,2000-05-30,86052,10,62.87,4.42,,
304159,P,2000-02-25,18230,2,94.09,4.25,,
304160,P,2000-11-02,98426,1,0.66,6.30,,
304161,P,2001-06-05,50267,7,87.67,7.52,,
304162,P,2002-06-15,33651,3,8.91,2.84,,
304163,P,2001-08-23,9495,4,9.78,0.12,,
304164,P,2001-11-07,58177,3,25.16,0.93,,
304165,P,2002-05-23,81890,8,49.31,6.32,,
304166,P,2001-07-11,252,2,79.82,1.09,,
304167,P,2000-05-01,28562,2,84.57,1.42,,
304168,P,2000-09-20,50521,2,31.25,5.80,,
304169,P,2002-09-08,67380,10,10.36,0.15,,
304170,P,2002-03-16,683,6,48.15,2.10,,
304171,P,2000-10-16,44809,7,87.71,4.07,,
304172,P,2000-06-15,24376,2,57.97,6.34,,
304173,P,2001-10-02,73981,1,82.04,9.53,,
304174,P,2002-03-03,2477,4,11.12,5.91,,
304175,P,2002-01-12,89469,3,47.79,1.10,,
304176,P,2000-02-26,85935,3,89.29,0.22,,
304177,P,2002-06-01,2064,4,6.06,2.88,,
304178,P,2000-10-30,12151,8,75.54,0.12,,
304179,P,2001-02-03,40359,10,82.16,5.28,,
304180,P,2000-05-05,66675,8,3.73,8.09,,
304181,P,2002-05-08,89716,7,50.82,9.85,,
304182,P,2000-12-02,71676,1,18.26,5.33,,
304183,P,2002-04-24,63037,9,82.53,1.24,,
304184,P,2002-02-17,67207,6,90.63,6.56,,
304185,P,2002-09-09,57227,6,66.33,2.92,,
304186,P,2000-02-22,84561,8,9.75,3.51,,
304187,P,2000-11-12,53693,3,55.77,1.49,,
304188,P,2000-06-11,6987,10,88.27,4.87,,
304189,P,2000-02-18,25471,8,32.48,6.74,,
304190,P,2000-05-14,73476,2,96.22,4.12,,
304191,P,2000-04-29,31742,4,89.32,8.67,,
304192,P,2000-04-19,85762,3,44.48,2.35,,
304193,P,2001-05-24,45744,6,59.12,8.94,,
304194,P,2002-05-11,43480,7,63.37,5.36,,
304195,P,2000-01-17,669,4,66.10,5.04,,
304196,P,2000-07-27,27069,1,91.48,9.11,,
304197,P,2001-07-30,17541,4,47.25,4.99,,
304198,P,2000-02-10,46155,3,69.86,6.64,,
304199,P,2002-08-11,41092,5,38.08,2.32,,
304200,P,2001-09-21,57159,9,66.40,5.47,,
304201,P,2001-01-30,58768,8,68.37,3.75,,
304202,P,2001-05-30,5218,8,9.55,3.68,,
304203,P,2000-03-10,94925,3,45.65,0.95,,
304204,P,2002-04-01,28745,6,85.78,2.85,,
304205,P,2000-12-15,75703,8,40.43,2.09,,
304206,P,2001-09-19,48333,1,50.04,3.30,,
304207,P,2001-05-23,51230,3,93.12,8.27,,
304208,P,2000-11-26,62888,4,7.43,8.79,,
304209,P,2000-06-25,40599,9,73.69,5.71,,
304210,P,2001-06-01,29164,6,82.28,3.84,,
304211,P,2000-02-10,81879,7,32.92,8.51,,
304212,P,2002-09-23,71874,5,47.01,8.01,,
304213,P,2001-03-28,16918,1,81.51,2.84,,
304214,P,2000-06-11,76911,10,90.25,9.52,,
304215,P,2002-07-12,80545,8,2.18,2.97,,
304216,P,2000-02-21,40099,10,69.00,1.59,,
304217,P,2002-08-06,87729,1,61.34,9.25,,
304218,P,2001-06-18,71848,3,93.10,5.82,,
304219,P,2001-05-31,8402,1,69.50,3.24,,
304220,P,2001-12-04,76721,7,47.15,7.65,,
304221,P,2000-11-30,61394,9,4.81,1.10,,
304222,P,2001-10-11,72334,9,84.80,1.46,,
304223,P,2000-11-18,65141,2,64.05,1.40,,
304224,P,2001-08-16,39057,1,33.97,9.87,,
304225,P,2001-11-08,73555,1,24.03,2.29,,
304226,P,2001-01-17,61556,10,11.03,3.97,,
304227,P,2000-01-24,65825,5,53.75,0.69,,
304228,P,2001-11-19,7832,3,76.49,7.83,,
304229,P,2000-03-07,65382,6,69.24,2.27,,
304230,P,2002-03-05,90422,9,35.76,5.34,,
304231,P,2001-12-23,4220,2,92.37,7.38,,
304232,P,2000-11-22,7074,2,31.37,9.74,,
304233,P,2002-07-24,27409,6,40.84,5.78,,
304234,P,2000-12-17,73855,7,6.31,9.30,,
304235,P,2000-07-20,34432,3,70.20,9.59,,
304236,P,2001-11-14,34763,6,49.22,4.18,,
304237,P,2001-09-24,95194,10,2.52,8.86,,
304238,P,2001-07-15,90580,6,59.31,5.82,,
304239,P,2000-04-28,77675,1,95.96,1.60,,
304240,P,2002-09-21,42648,2,32.85,1.52,,
304241,P,2002-07-27,52744,6,85.09,5.31,,
304242,P,2002-05-16,12871,8,35.73,7.07,,
304243,P,2000-06-25,1137,4,46.32,7.79,,
304244,P,2001-01-16,95063,8,34.65,6.34,,
304245,P,2000-01-02,62321,2,60.38,1.66,,
304246,P,2002-05-11,42512,3,13.23,7.08,,
304247,P,2001-02-20,91945,10,81.94,8.14,,
304248,P,2002-01-28,72410,3,65.06,0.14,,
304249,P,2000-03-25,28688,8,63.67,9.92,,
304250,P,2000-06-29,11443,5,62.54,4.49,,
304251,P,2002-07-30,39335,9,29.07,7.58,,
304252,P,2002-01-19,80524,6,87.94,0.85,,
304253,P,2002-03-18,30287,10,80.90,5.62,,
304254,P,2002-04-18,64043,6,96.04,4.49,,
304255,P,2001-01-17,6465,1,69.19,8.41,,
304256,P,2001-11-17,29776,2,20.74,7.33,,
304257,P,2001-12-16,27348,8,85.61,8.46,,
304258,P,2001-03-09,40802,2,17.58,0.22,,
304259,P,2001-06-25,89731,1,20.65,9.56,,
304260,P,2002-05-21,54095,10,82.24,8.14,,
304261,P,2002-03-07,18870,5,13.41,9.94,,
304262,P,2000-03-26,38677,4,31.84,4.69,,
304263,P,2000-02-10,26433,6,80.45,6.56,,
304264,P,2001-06-14,1644,7,56.91,4.42,,
304265,P,2002-01-26,97653,6,4.13,7.50,,
304266,P,2002-01-22,36671,3,49.33,5.00,,
304267,P,2002-06-11,8954,8,89.18,8.97,,
304268,P,2001-10-11,69400,7,12.70,9.63,,
304269,P,2001-12-15,70169,9,62.61,6.11,,
304270,P,2000-04-29,16102,2,4.99,5.85,,
304271,P,2002-01-24,34536,2,59.87,7.20,,
304272,P,2000-01-27,87963,4,74.05,5.31,,
304273,P,2002-04-18,58426,9,12.78,4.07,,
304274,P,2001-06-19,20358,6,5.89,6.68,,
304275,P,2000-07-28,91699,8,14.55,6.36,,
304276,P,2002-08-09,93939,2,9.02,5.50,,
304277,P,2000-08-03,19802,2,60.91,7.56,,
304278,P,2002-02-16,83856,9,79.95,3.63,,
304279,P,2000-02-05,14529,1,66.62,1.33,,
304280,P,2002-04-26,28453,10,92.25,8.69,,
304281,P,2002-08-21,34956,9,76.15,5.75,,
304282,P,2001-05-11,92159,2,11.40,0.11,,
304283,P,2000-11-26,39158,10,33.63,8.02,,
304284,P,2001-05-08,77544,8,93.54,0.99,,
304285,P,2001-01-22,18731,8,63.75,3.60,,
304286,P,2001-11-27,62319,5,24.31,0.33,,
304287,P,2001-05-17,68669,4,66.84,6.18,,
304288,P,2002-06-19,78506,5,6.66,2.92,,
304289,P,2001-12-13,30697,2,61.23,0.01,,
304290,P,2002-07-20,64056,1,64.49,9.45,,
304291,P,2001-12-03,11028,10,4.70,0.67,,
304292,P,2000-01-31,567,7,73.77,4.46,,
304293,P,2002-05-16,79282,9,16.61,8.20,,
304294,P,2000-06-07,9569,1,33.39,6.18,,
304295,P,2002-08-29,79037,6,52.92,1.75,,
304296,P,2000-04-17,20832,8,5.04,1.57,,
304297,P,2001-06-01,37699,2,9.92,7.54,,
304298,P,2000-07-14,64582,2,84.36,2.40,,
304299,P,2000-05-04,65353,2,54.92,7.40,,
304300,P,2000-04-18,14803,9,12.48,7.29,,
304301,P,2000-11-19,12815,8,23.79,9.38,,
304302,P,2000-11-05,66978,7,78.05,0.59,,
304303,P,2000-04-26,93757,5,34.63,6.18,,
304304,P,2001-09-13,79593,10,87.95,5.06,,
304305,P,2001-07-29,89861,1,11.88,3.52,,
304306,P,2002-04-27,47497,5,33.51,5.92,,
304307,P,2000-04-10,84793,9,82.83,7.33,,
304308,P,2002-06-30,56671,7,74.35,8.77,,
304309,P,2000-03-08,64497,8,55.96,4.49,,
304310,P,2000-11-30,76958,6,21.61,9.72,,
304311,P,2001-06-23,40248,1,38.70,3.17,,
304312,P,2000-02-19,15902,3,48.12,7.64,,
304313,P,2000-05-29,61016,1,53.90,5.60,,
304314,P,2000-03-18,32326,4,78.41,8.50,,
304315,P,2001-01-29,56623,6,29.66,2.07,,
304316,P,2002-09-20,51055,5,74.70,9.72,,
304317,P,2000-10-02,73072,2,51.03,1.52,,
304318,P,2002-08-25,54538,5,91.00,5.75,,
304319,P,2000-08-24,44461,9,9.77,7.27,,
304320,P,2000-07-12,92179,2,41.37,7.23,,
304321,P,2002-05-28,65946,1,84.29,0.11,,
304322,P,2001-06-19,76900,8,8.50,8.61,,
304323,P,2000-02-27,23859,7,89.64,9.02,,
304324,P,2001-03-02,35988,4,6.93,8.24,,
304325,P,2002-05-15,80707,3,17.04,1.67,,
304326,P,2000-09-28,88831,5,74.57,1.28,,
304327,P,2001-08-25,98812,5,5.99,4.11,,
304328,P,2002-03-10,36991,2,44.21,5.13,,
304329,P,2001-03-09,76281,2,20.71,6.13,,
304330,P,2001-01-25,11886,2,81.29,1.02,,
304331,P,2001-10-16,81343,6,7.00,7.21,,
304332,P,2002-01-03,58509,10,65.86,2.28,,
304333,P,2002-06-21,13226,4,18.78,5.56,,
304334,P,2001-03-27,79287,9,39.82,2.69,,
304335,P,2001-06-13,62750,5,14.47,7.15,,
304336,P,2000-12-05,12288,10,10.49,9.02,,
304337,P,2000-12-24,93898,5,30.08,6.89,,
304338,P,2001-12-27,22006,3,55.78,0.61,,
304339,P,2000-03-20,54870,7,64.37,4.43,,
304340,P,2000-06-29,10876,4,63.56,6.64,,
304341,P,2001-02-17,17549,4,32.88,8.25,,
304342,P,2000-08-14,59170,3,78.23,9.40,,
304343,P,2001-03-27,60766,5,25.20,4.69,,
304344,P,2001-11-15,49933,10,44.67,9.34,,
304345,P,2002-02-13,12668,1,7.57,3.55,,
304346,P,2000-06-08,70107,6,69.86,6.96,,
304347,P,2001-08-10,6365,8,23.71,4.15,,
304348,P,2001-05-12,45982,1,2.53,7.99,,
304349,P,2001-12-15,13012,4,41.27,3.86,,
304350,P,2000-12-02,77834,10,31.28,9.72,,
304351,P,2000-05-12,69632,1,92.57,5.24,,
304352,P,2002-03-15,39618,9,22.33,2.73,,
304353,P,2002-09-07,42360,8,44.01,1.70,,
304354,P,2000-02-11,97454,9,81.40,0.33,,
304355,P,2000-09-15,75072,2,90.39,1.09,,
304356,P,2000-12-26,22607,8,79.22,3.25,,
304357,P,2000-02-02,88074,5,11.46,4.75,,
304358,P,2001-07-02,29158,8,38.83,0.94,,
304359,P,2000-12-15,23764,10,31.84,8.40,,
304360,P,2001-09-30,47731,5,37.20,8.94,,
304361,P,2001-01-02,52546,8,79.59,3.87,,
304362,P,2000-09-12,68854,2,60.80,6.14,,
304363,P,2001-08-23,16033,9,10.48,8.32,,
304364,P,2001-06-10,39716,6,85.35,4.72,,
304365,P,2001-03-24,81814,3,22.88,7.69,,
304366,P,2002-08-01,46460,7,14.29,2.09,,
304367,P,2000-08-15,35108,10,65.86,1.22,,
304368,P,2001-02-18,84769,2,53.54,9.29,,
304369,P,2001-11-08,6364,9,37.17,4.94,,
304370,P,2002-02-01,16706,5,72.20,6.43,,
304371,P,2000-04-25,81634,9,81.26,9.95,,
304372,P,2001-11-08,7308,8,26.02,6.85,,
304373,P,2000-07-26,31346,5,22.03,1.35,,
304374,P,2002-06-07,33549,1,51.17,7.52,,
304375,P,2000-03-08,74296,4,0.35,6.23,,
304376,P,2000-04-23,78818,2,31.42,6.97,,
304377,P,2001-12-14,62348,5,86.72,8.92,,
304378,P,2000-03-09,79806,10,69.10,8.08,,
304379,P,2002-08-21,93783,8,94.90,0.82,,
304380,P,2001-08-30,7935,7,10.48,9.35,,
304381,P,2000-03-14,41585,7,9.02,4.39,,
304382,P,2001-02-28,1646,7,19.45,5.45,,
304383,P,2000-12-16,96818,10,65.67,8.79,,
304384,P,2000-08-06,88563,8,35.51,7.46,,
304385,P,2000-08-09,81456,3,71.57,5.78,,
304386,P,2001-05-26,93392,6,97.34,9.79,,
304387,P,2000-08-12,93635,1,3.97,2.77,,
304388,P,2000-11-03,85322,9,29.00,3.38,,
304389,P,2002-04-17,23424,3,42.49,7.35,,
304390,P,2001-05-09,83404,10,3.29,3.54,,
304391,P,2001-09-17,92554,9,71.86,6.43,,
304392,P,2001-12-27,63047,9,36.53,0.14,,
304393,P,2000-09-25,8912,5,8.05,5.78,,
304394,P,2002-09-05,82852,3,28.50,2.42,,
304395,P,2002-06-24,52136,6,78.62,4.07,,
304396,P,2002-04-01,28303,3,25.93,8.03,,
304397,P,2000-06-06,29079,9,45.94,4.11,,
304398,P,2002-03-14,91774,7,5.33,0.90,,
304399,P,2002-04-16,35507,7,54.21,7.20,,
304400,P,2000-11-06,64678,6,87.32,5.62,,
304401,P,2000-06-15,34623,4,44.52,6.77,,
304402,P,2002-09-27,17354,3,3.42,8.36,,
304403,P,2001-07-05,68355,5,36.27,8.06,,
304404,P,2000-08-10,82979,7,70.20,4.89,,
304405,P,2002-04-02,14575,7,60.81,8.20,,
304406,P,2001-06-15,63260,6,67.89,1.43,,
304407,P,2001-09-19,93637,9,45.51,4.44,,
304408,P,2002-07-30,63443,5,63.39,1.09,,
304409,P,2002-05-24,10097,4,46.17,7.31,,
304410,P,2001-04-15,48251,1,29.62,3.96,,
304411,P,2000-12-15,67391,5,99.88,3.64,,
304412,P,2002-07-04,82674,3,87.57,7.97,,
304413,P,2000-03-21,25604,3,23.19,6.59,,
304414,P,2001-05-26,66207,6,59.55,5.58,,
304415,P,2002-04-11,27227,6,58.34,2.14,,
304416,P,2002-08-09,43119,8,83.96,6.01,,
304417,P,2001-09-22,9252,9,85.78,0.16,,
304418,P,2001-03-12,68852,2,26.47,3.18,,
304419,P,2000-02-11,26597,9,57.88,2.81,,
304420,P,2001-12-19,20028,3,54.48,2.98,,
304421,P,2001-08-04,37282,4,90.69,6.35,,
304422,P,2002-04-10,70138,6,90.95,7.02,,
304423,P,2001-03-25,4426,10,76.21,5.74,,
304424,P,2000-11-11,35452,9,84.20,1.83,,
304425,P,2000-12-21,71830,9,9.31,8.28,,
304426,P,2002-02-22,80800,2,41.09,6.80,,
304427,P,2001-04-15,1654,10,25.31,7.28,,
304428,P,2000-06-04,39729,8,76.62,0.67,,
304429,P,2000-10-18,53619,3,95.30,5.65,,
304430,P,2000-12-25,26923,7,75.05,3.70,,
304431,P,2000-07-10,2005,5,99.78,1.84,,
304432,P,2002-07-17,1894,1,12.99,8.20,,
304433,P,2001-09-16,63624,6,96.33,3.15,,
304434,P,2002-09-08,26311,8,83.51,1.07,,
304435,P,2000-05-18,56899,8,77.16,2.60,,
304436,P,2001-02-19,53870,10,24.36,7.35,,
304437,P,2001-06-03,11011,5,40.06,4.50,,
304438,P,2000-06-06,75315,3,35.02,6.53,,
304439,P,2002-01-22,26125,5,11.28,6.24,,
304440,P,2000-03-27,13342,4,89.04,9.93,,
304441,P,2001-02-10,91310,6,85.90,6.57,,
304442,P,2001-01-21,58769,9,94.85,5.16,,
304443,P,2000-10-02,41677,7,24.35,6.46,,
304444,P,2001-11-08,2169,9,47.13,0.69,,
304445,P,2001-01-20,95221,4,83.98,3.49,,
304446,P,2001-07-14,97605,10,7.61,6.85,,
304447,P,2002-03-17,48158,1,56.71,4.87,,
304448,P,2000-10-21,18432,10,84.02,0.11,,
304449,P,2001-09-07,989,2,46.07,9.31,,
304450,P,2000-03-23,93103,5,74.19,5.36,,
304451,P,2000-12-12,39902,2,44.37,6.06,,
304452,P,2001-09-02,70068,6,48.04,8.72,,
304453,P,2000-08-30,85174,5,28.31,4.63,,
304454,P,2000-12-14,47720,7,10.36,8.58,,
304455,P,2001-04-22,12938,2,42.90,8.39,,
304456,P,2001-08-11,56576,3,25.19,2.64,,
304457,P,2002-02-14,43682,3,12.05,4.82,,
304458,P,2001-02-10,28966,10,19.20,8.23,,
304459,P,2001-05-25,14956,2,31.91,4.29,,
304460,P,2000-03-30,65048,10,98.03,9.62,,
304461,P,2002-04-20,54923,6,7.16,7.48,,
304462,P,2000-05-24,64279,1,30.72,5.76,,
304463,P,2001-09-25,64353,8,28.89,4.48,,
304464,P,2002-07-12,17143,8,95.10,6.54,,
304465,P,2001-09-03,67745,8,52.70,8.37,,
304466,P,2002-03-25,57250,5,72.45,7.37,,
304467,P,2002-05-11,87482,2,81.50,7.74,,
304468,P,2002-07-23,82368,3,41.62,3.91,,
304469,P,2002-01-26,903,6,69.20,7.78,,
304470,P,2000-07-24,69084,5,47.85,6.88,,
304471,P,2001-06-18,69554,8,62.14,7.00,,
304472,P,2000-07-02,58262,7,16.34,5.38,,
304473,P,2001-01-15,20591,5,28.27,3.47,,
304474,P,2001-03-12,33764,9,21.52,0.17,,
304475,P,2001-11-11,90269,2,19.99,9.50,,
304476,P,2000-03-12,33744,9,77.06,0.00,,
304477,P,2002-02-09,53287,6,38.66,3.07,,
304478,P,2002-06-21,41448,8,60.67,1.10,,
304479,P,2001-08-31,17639,9,80.58,8.10,,
304480,P,2000-09-08,98422,1,24.40,9.24,,
304481,P,2002-06-30,67424,2,35.61,3.95,,
304482,P,2000-02-19,38381,7,83.45,0.33,,
304483,P,2000-07-08,22412,9,33.45,6.32,,
304484,P,2000-10-25,71513,2,21.42,5.15,,
304485,P,2001-12-18,71543,6,98.54,5.47,,
304486,P,2000-04-30,64412,7,13.62,9.99,,
304487,P,2002-09-05,59379,9,88.76,2.58,,
304488,P,2000-07-27,311,2,43.72,8.02,,
304489,P,2001-08-20,83182,1,16.63,2.12,,
304490,P,2002-06-28,9455,5,86.79,3.70,,
304491,P,2001-03-29,4160,9,80.50,9.67,,
304492,P,2000-06-30,69719,4,59.16,2.49,,
304493,P,2001-03-11,71119,9,48.22,5.69,,
304494,P,2001-12-18,71348,4,71.81,4.42,,
304495,P,2001-11-08,55118,2,6.86,1.59,,
304496,P,2000-08-25,33320,3,89.95,3.88,,
304497,P,2002-08-03,59879,9,19.76,4.45,,
304498,P,2000-03-29,58698,10,78.84,7.53,,
304499,P,2001-02-11,36710,7,5.69,9.89,,
304500,P,2002-01-20,29066,9,35.05,6.60,,
304501,P,2001-02-02,41741,8,98.02,0.63,,
304502,P,2000-07-10,68885,7,64.18,7.02,,
304503,P,2000-08-27,7643,1,63.19,9.92,,
304504,P,2001-05-26,63537,7,63.41,7.36,,
304505,P,2001-08-07,7581,10,72.80,2.49,,
304506,P,2000-10-01,34574,10,29.96,4.42,,
304507,P,2000-08-15,48820,9,30.20,4.53,,
304508,P,2001-11-15,15032,5,61.46,6.66,,
304509,P,2000-03-10,63691,9,23.57,4.98,,
304510,P,2002-01-04,24121,2,36.39,6.96,,
304511,P,2002-04-04,54457,3,11.29,2.57,,
304512,P,2000-01-18,38935,1,43.73,9.23,,
304513,P,2000-08-05,44023,10,77.48,2.29,,
304514,P,2001-03-13,26757,1,13.88,7.32,,
304515,P,2001-06-13,92384,4,5.07,3.81,,
304516,P,2000-08-17,56545,5,50.07,8.12,,
304517,P,2000-04-20,63780,9,2.39,1.35,,
304518,P,2002-01-03,43970,6,85.71,2.31,,
304519,P,2000-01-30,59183,7,83.54,7.70,,
304520,P,2000-03-17,33726,8,42.75,5.33,,
304521,P,2002-09-08,66060,9,88.18,6.34,,
304522,P,2000-04-01,51962,7,77.42,6.55,,
304523,P,2001-03-02,6906,10,56.00,8.83,,
304524,P,2000-05-30,85204,1,1.45,6.70,,
304525,P,2000-05-06,26553,4,76.94,6.86,,
304526,P,2000-08-03,26726,9,72.83,8.23,,
304527,P,2001-11-16,65314,7,55.66,8.08,,
304528,P,2000-05-24,53766,5,81.39,3.36,,
304529,P,2001-07-03,94629,5,58.57,3.46,,
304530,P,2001-05-31,73320,7,82.05,0.74,,
304531,P,2001-01-18,19197,5,64.62,0.33,,
304532,P,2000-03-31,76415,3,43.88,3.30,,
304533,P,2001-01-28,30357,5,75.07,3.44,,
304534,P,2000-09-12,19602,10,35.11,5.25,,
304535,P,2002-07-19,2837,6,86.85,3.36,,
304536,P,2000-02-13,64774,7,29.14,1.36,,
304537,P,2001-09-10,45934,4,9.30,0.55,,
304538,P,2001-06-24,16570,5,73.16,4.67,,
304539,P,2002-09-20,32809,3,90.03,8.71,,
304540,P,2001-03-30,49593,1,21.62,2.22,,
304541,P,2000-08-21,83385,6,18.37,2.99,,
304542,P,2001-10-10,54144,4,33.17,3.23,,
304543,P,2000-06-23,76850,7,83.24,9.56,,
304544,P,2001-05-01,97711,4,55.44,3.27,,
304545,P,2000-03-29,39153,2,90.81,9.30,,
304546,P,2001-03-06,34894,9,57.08,9.46,,
304547,P,2000-06-15,36388,6,10.34,9.17,,
304548,P,2000-08-06,49684,1,71.51,6.43,,
304549,P,2001-09-08,91489,1,86.34,7.56,,
304550,P,2002-03-03,96105,4,26.58,5.11,,
304551,P,2000-10-15,39466,2,53.45,5.21,,
304552,P,2000-04-26,72943,7,58.44,9.60,,
304553,P,2001-09-12,29447,4,59.94,7.34,,
304554,P,2001-02-09,46127,3,78.77,7.75,,
304555,P,2001-09-24,44500,6,14.95,2.63,,
304556,P,2000-08-03,76618,2,51.24,7.40,,
304557,P,2001-06-27,64994,6,44.57,3.35,,
304558,P,2002-02-23,31612,9,12.52,2.42,,
304559,P,2001-04-21,54047,6,63.35,5.43,,
304560,P,2000-09-20,98012,3,16.90,8.08,,
304561,P,2002-08-31,75397,3,88.57,8.38,,
304562,P,2001-07-21,74091,8,78.07,5.39,,
304563,P,2000-02-07,56949,4,61.16,2.37,,
304564,P,2001-02-17,79410,8,55.38,2.11,,
304565,P,2001-07-26,55146,9,54.35,7.69,,
304566,P,2002-09-22,29877,4,79.01,6.59,,
304567,P,2001-12-28,64738,6,79.59,6.94,,
304568,P,2000-10-24,98535,10,56.43,3.01,,
304569,P,2001-06-01,60133,6,81.02,1.79,,
304570,P,2000-11-20,88021,4,15.39,0.04,,
304571,P,2002-08-01,12640,7,97.92,8.62,,
304572,P,2001-03-06,51171,4,93.83,6.73,,
304573,P,2001-05-16,96272,1,97.77,5.45,,
304574,P,2001-12-03,15888,3,45.70,2.85,,
304575,P,2001-04-25,59797,6,70.88,8.33,,
304576,P,2000-07-10,13637,4,76.21,5.06,,
304577,P,2000-12-21,27117,10,37.32,0.77,,
304578,P,2000-12-10,32926,6,91.32,1.74,,
304579,P,2001-12-04,66242,10,26.01,6.07,,
304580,P,2001-06-21,40940,9,50.22,4.72,,
304581,P,2000-10-31,41247,3,9.63,6.91,,
304582,P,2001-03-11,49760,6,24.37,4.84,,
304583,P,2000-08-21,61750,9,62.31,7.98,,
304584,P,2002-06-10,21407,2,10.12,2.91,,
304585,P,2000-06-26,10286,4,34.93,7.68,,
304586,P,2000-08-27,14437,10,1.46,5.40,,
304587,P,2001-10-14,33433,10,53.89,2.93,,
304588,P,2002-04-27,98449,5,43.90,2.53,,
304589,P,2001-12-08,14723,6,71.00,2.92,,
304590,P,2001-01-22,75564,6,20.85,0.81,,
304591,P,2001-03-27,65006,3,26.28,7.33,,
304592,P,2001-05-16,91420,7,85.91,9.40,,
304593,P,2001-09-13,2589,1,22.48,0.61,,
304594,P,2000-01-01,41449,4,28.90,8.28,,
304595,P,2000-05-15,51175,3,38.29,8.14,,
304596,P,2000-05-01,61957,4,5.03,3.22,,
304597,P,2000-04-26,98390,7,21.40,9.78,,
304598,P,2000-08-02,62602,5,95.63,6.13,,
304599,P,2002-01-15,76814,6,10.41,0.11,,
304600,P,2001-05-20,45030,10,26.10,4.63,,
304601,P,2001-05-24,41674,5,34.51,7.00,,
304602,P,2000-12-30,31636,6,23.98,4.45,,
304603,P,2002-01-26,8947,4,41.58,5.55,,
304604,P,2000-10-10,19457,7,50.68,0.80,,
304605,P,2000-10-22,42465,1,59.76,3.01,,
304606,P,2002-06-30,27094,8,36.31,8.16,,
304607,P,2000-02-11,35674,8,83.97,6.57,,
304608,P,2000-01-30,20763,1,32.71,6.50,,
304609,P,2001-02-13,50178,8,1.82,7.65,,
304610,P,2000-08-18,94738,10,75.45,4.36,,
304611,P,2002-05-03,89314,3,16.16,9.99,,
304612,P,2001-08-23,76908,5,95.28,6.48,,
304613,P,2002-05-19,89590,8,78.57,8.81,,
304614,P,2002-01-28,4317,7,75.10,5.47,,
304615,P,2000-06-07,78379,4,89.70,4.57,,
304616,P,2002-03-17,77364,9,15.54,7.52,,
304617,P,2002-02-20,31900,9,35.41,8.96,,
304618,P,2001-03-11,42433,7,42.52,7.64,,
304619,P,2002-08-18,16696,4,14.44,0.82,,
304620,P,2001-04-25,6628,3,84.70,5.18,,
304621,P,2002-07-24,88158,3,37.41,2.29,,
304622,P,2001-01-23,41099,5,60.68,3.88,,
304623,P,2001-02-08,5839,1,38.34,0.17,,
304624,P,2002-07-08,29881,4,61.74,5.08,,
304625,P,2002-01-07,81842,6,72.29,6.78,,
304626,P,2002-04-27,311,2,68.37,5.12,,
304627,P,2002-04-23,8397,6,81.17,5.63,,
304628,P,2001-03-03,53066,4,50.04,1.90,,
304629,P,2001-12-08,11196,9,45.74,0.84,,
304630,P,2001-07-16,47647,1,51.83,4.88,,
304631,P,2000-03-26,47614,3,1.90,4.80,,
304632,P,2001-06-29,62749,7,84.03,3.14,,
304633,P,2000-12-11,88578,7,79.73,2.22,,
304634,P,2000-12-08,55576,3,78.33,1.03,,
304635,P,2000-01-08,60358,3,73.81,1.87,,
304636,P,2002-03-13,32830,9,69.58,7.48,,
304637,P,2001-10-21,93820,7,38.84,7.08,,
304638,P,2001-11-11,13953,8,38.92,9.23,,
304639,P,2000-04-14,78746,10,80.13,4.33,,
304640,P,2001-12-03,20139,4,8.59,9.02,,
304641,P,2000-01-05,6202,3,22.69,1.06,,
304642,P,2002-03-23,51044,1,81.23,5.45,,
304643,P,2002-02-05,47314,4,38.68,7.96,,
304644,P,2001-09-14,25561,10,52.11,6.64,,
304645,P,2000-06-06,47932,2,38.80,4.54,,
304646,P,2000-10-21,71458,3,80.80,3.14,,
304647,P,2002-09-09,99758,5,99.54,6.72,,
304648,P,2000-06-12,17975,5,45.21,9.92,,
304649,P,2002-02-09,19794,6,38.01,1.59,,
304650,P,2002-03-29,54909,8,49.80,5.93,,
304651,P,2001-11-02,38603,5,66.53,1.49,,
304652,P,2001-10-16,26148,8,99.88,2.46,,
304653,P,2000-01-15,3822,2,76.78,9.19,,
304654,P,2001-05-16,11357,10,5.71,9.39,,
304655,P,2001-07-24,38081,8,87.54,9.27,,
304656,P,2000-08-19,25638,6,15.15,0.96,,
304657,P,2001-08-23,82405,4,96.36,8.41,,
304658,P,2000-08-03,26159,1,53.78,3.40,,
304659,P,2001-07-03,42463,6,19.41,7.28,,
304660,P,2000-03-10,86576,3,18.07,4.11,,
304661,P,2001-08-13,50732,5,13.74,9.72,,
304662,P,2000-09-03,55799,6,47.03,0.03,,
304663,P,2002-06-19,83794,2,41.22,6.43,,
304664,P,2002-02-27,80046,9,76.79,3.01,,
304665,P,2001-09-07,62150,6,7.90,2.69,,
304666,P,2001-05-22,48713,6,11.10,7.77,,
304667,P,2001-02-14,61551,10,83.49,0.73,,
304668,P,2002-01-25,3273,5,50.26,8.34,,
304669,P,2000-05-11,21343,2,6.99,3.43,,
304670,P,2000-04-02,40834,1,20.67,8.64,,
304671,P,2002-08-19,71014,4,60.67,8.49,,
304672,P,2001-10-05,16845,5,41.17,6.77,,
304673,P,2000-02-21,51055,7,11.81,2.20,,
304674,P,2001-09-16,61121,10,31.51,4.54,,
304675,P,2001-11-09,88244,8,99.22,9.51,,
304676,P,2000-03-23,97552,1,43.86,9.16,,
304677,P,2000-10-04,54760,2,42.43,2.62,,
304678,P,2002-06-13,56348,7,12.17,5.52,,
304679,P,2000-09-09,29596,4,72.43,4.76,,
304680,P,2002-09-06,27085,7,28.49,5.90,,
304681,P,2002-06-29,674,9,17.02,1.50,,
304682,P,2002-08-24,87170,7,5.55,9.41,,
304683,P,2002-08-06,26593,7,99.55,3.52,,
304684,P,2000-06-12,65465,2,51.07,0.45,,
304685,P,2000-11-09,13289,9,93.81,8.27,,
304686,P,2001-01-30,73790,3,53.13,0.47,,
304687,P,2000-07-19,40216,1,17.05,2.74,,
304688,P,2001-09-09,35542,8,18.63,7.68,,
304689,P,2001-08-16,13191,7,71.66,9.67,,
304690,P,2001-12-19,84081,8,22.65,2.64,,
304691,P,2000-01-04,69348,5,2.97,5.58,,
304692,P,2001-05-15,10994,8,88.65,9.62,,
304693,P,2001-03-10,86168,2,65.32,1.49,,
304694,P,2000-10-23,36440,6,28.41,2.04,,
304695,P,2000-07-25,1739,4,59.53,4.83,,
304696,P,2000-04-17,40497,9,87.42,3.87,,
304697,P,2000-06-03,40707,9,13.36,3.65,,
304698,P,2001-04-27,94252,1,56.31,5.25,,
304699,P,2002-06-17,32582,6,2.47,1.01,,
304700,P,2002-02-23,59722,8,49.17,0.04,,
304701,P,2001-10-03,36245,7,86.18,1.83,,
304702,P,2002-08-28,35025,5,53.65,1.88,,
304703,P,2000-04-15,60785,4,85.53,9.51,,
304704,P,2002-01-04,19887,7,79.16,6.18,,
304705,P,2001-08-23,5277,7,23.53,9.50,,
304706,P,2001-07-20,56779,4,58.28,8.32,,
304707,P,2002-02-14,88842,6,85.00,3.70,,
304708,P,2002-09-18,27580,3,59.60,2.77,,
304709,P,2001-05-06,18550,4,83.08,6.02,,
304710,P,2002-08-17,44714,5,86.02,3.30,,
304711,P,2001-08-09,21431,5,11.85,1.15,,
304712,P,2002-03-23,63708,10,49.45,0.02,,
304713,P,2002-03-02,46811,7,7.63,2.99,,
304714,P,2001-05-23,66419,1,81.25,7.20,,
304715,P,2000-06-23,46435,7,53.22,8.43,,
304716,P,2000-02-28,52475,6,7.75,7.14,,
304717,P,2000-03-07,10587,8,85.16,9.31,,
304718,P,2001-11-12,280,10,85.78,7.84,,
304719,P,2002-04-10,96587,1,67.80,1.99,,
304720,P,2000-05-16,16897,5,0.30,1.77,,
304721,P,2002-02-20,55082,10,91.08,2.25,,
304722,P,2002-08-13,59131,6,68.45,5.04,,
304723,P,2002-01-02,334,10,36.42,9.65,,
304724,P,2002-09-12,92313,2,99.43,6.77,,
304725,P,2001-09-12,74756,8,72.36,9.83,,
304726,P,2002-05-01,71483,4,81.89,0.36,,
304727,P,2000-06-22,89384,2,83.60,7.73,,
304728,P,2000-03-15,45910,2,16.08,8.78,,
304729,P,2001-11-25,17720,4,43.72,9.97,,
304730,P,2000-08-20,12112,4,2.16,1.15,,
304731,P,2001-12-15,96164,3,79.51,5.15,,
304732,P,2000-12-23,45883,1,1.78,2.23,,
304733,P,2002-07-13,71221,8,31.92,9.38,,
304734,P,2000-11-21,89748,2,52.62,4.70,,
304735,P,2002-01-26,32954,5,92.96,7.47,,
304736,P,2002-09-20,10565,10,90.76,7.90,,
304737,P,2002-04-26,43531,2,78.99,1.73,,
304738,P,2000-11-29,72020,10,77.84,2.91,,
304739,P,2002-08-10,50552,5,27.62,9.29,,
304740,P,2000-10-29,67290,9,58.61,9.07,,
304741,P,2001-04-18,45126,9,8.42,3.44,,
304742,P,2001-04-16,25792,2,49.07,2.24,,
304743,P,2002-09-12,79401,8,79.01,2.37,,
304744,P,2000-07-05,72321,2,57.67,7.51,,
304745,P,2002-02-19,97409,10,85.01,1.89,,
304746,P,2002-06-30,5778,5,2.21,1.23,,
304747,P,2001-04-19,76876,7,25.33,2.45,,
304748,P,2001-02-12,32386,5,11.30,7.82,,
304749,P,2001-09-26,62707,8,62.07,7.38,,
304750,P,2001-12-20,37125,4,5.18,8.93,,
304751,P,2001-07-29,12225,1,72.63,8.12,,
304752,P,2001-04-22,24917,2,91.77,2.43,,
304753,P,2002-02-16,50472,4,64.46,7.26,,
304754,P,2001-08-08,12564,7,94.97,4.84,,
304755,P,2000-09-15,60779,9,58.20,1.80,,
304756,P,2000-08-09,72197,6,33.66,5.40,,
304757,P,2001-06-29,32835,7,51.49,6.97,,
304758,P,2001-01-25,79654,2,96.97,1.70,,
304759,P,2001-01-06,91553,8,5.06,2.08,,
304760,P,2001-12-21,66581,3,77.11,0.31,,
304761,P,2001-05-07,18363,4,62.64,0.61,,
304762,P,2001-01-18,81117,2,18.67,8.51,,
304763,P,2001-08-05,54417,7,8.49,5.90,,
304764,P,2000-12-25,31297,8,34.63,4.43,,
304765,P,2000-02-04,22129,2,25.76,0.89,,
304766,P,2002-08-10,59184,4,94.01,8.96,,
304767,P,2001-10-10,79686,8,57.06,3.48,,
304768,P,2000-07-29,32129,9,46.81,8.12,,
304769,P,2000-03-01,53759,3,88.23,9.14,,
304770,P,2000-05-14,50479,10,86.13,7.67,,
304771,P,2000-06-06,88771,7,26.81,9.81,,
304772,P,2000-12-03,18011,8,99.67,1.25,,
304773,P,2001-09-02,77440,7,11.70,0.64,,
304774,P,2000-07-19,86423,4,86.09,9.37,,
304775,P,2002-05-09,54081,2,99.29,0.89,,
304776,P,2002-06-06,23154,9,56.18,9.84,,
304777,P,2001-04-04,50917,6,62.86,5.31,,
304778,P,2001-10-26,37550,1,11.94,6.23,,
304779,P,2000-09-07,44409,1,72.64,7.01,,
304780,P,2002-04-23,95415,9,67.39,7.21,,
304781,P,2000-06-09,32191,5,83.94,2.72,,
304782,P,2001-10-13,44198,9,63.65,4.66,,
304783,P,2001-11-01,74309,3,63.61,2.70,,
304784,P,2000-08-04,77774,9,16.54,9.43,,
304785,P,2002-03-14,51223,5,85.98,2.70,,
304786,P,2000-08-31,42096,9,87.75,6.26,,
304787,P,2002-06-18,53224,6,91.36,5.68,,
304788,P,2000-11-20,42577,10,11.41,8.10,,
304789,P,2000-01-10,53544,9,13.95,9.78,,
304790,P,2001-06-10,34824,4,57.83,7.18,,
304791,P,2000-06-01,95387,10,16.50,1.39,,
304792,P,2002-02-28,31569,2,79.75,5.40,,
304793,P,2001-10-24,12326,6,38.28,5.94,,
304794,P,2002-01-06,48061,4,96.14,6.14,,
304795,P,2001-09-09,52078,9,88.26,2.61,,
304796,P,2000-09-06,87162,3,67.40,8.30,,
304797,P,2000-04-14,79253,9,49.16,5.41,,
304798,P,2001-04-03,78544,8,19.08,2.32,,
304799,P,2001-03-06,24555,10,53.09,2.27,,
304800,P,2001-10-20,82131,7,55.84,7.82,,
304801,P,2001-03-30,52277,1,51.29,7.68,,
304802,P,2002-09-06,27804,10,9.40,0.45,,
304803,P,2001-10-30,77453,9,30.40,8.96,,
304804,P,2001-08-03,65168,2,77.45,2.92,,
304805,P,2001-10-27,63044,4,97.35,5.56,,
304806,P,2001-10-16,19731,4,24.72,3.66,,
304807,P,2002-01-17,52098,4,16.79,6.73,,
304808,P,2002-05-15,41200,6,31.91,9.28,,
304809,P,2001-08-12,33420,2,86.07,0.64,,
304810,P,2000-02-29,44238,3,43.82,5.87,,
304811,P,2001-12-24,91246,8,29.83,5.81,,
304812,P,2001-02-18,67616,3,13.06,5.14,,
304813,P,2002-02-16,18904,8,24.37,1.34,,
304814,P,2001-12-30,90301,2,67.79,9.80,,
304815,P,2002-08-11,35886,5,65.97,8.27,,
304816,P,2002-09-24,49117,1,66.99,9.05,,
304817,P,2000-06-08,55623,8,97.00,9.58,,
304818,P,2002-09-05,30804,8,83.09,5.29,,
304819,P,2001-10-18,4078,4,5.95,5.34,,
304820,P,2000-08-26,63281,8,43.46,1.73,,
304821,P,2002-05-06,89101,7,32.49,6.46,,
304822,P,2002-03-05,65493,5,11.01,2.11,,
304823,P,2001-06-17,32429,7,58.88,2.79,,
304824,P,2000-02-06,24600,3,94.13,5.81,,
304825,P,2001-05-31,46779,2,49.67,7.12,,
304826,P,2001-09-28,60451,9,35.74,9.72,,
304827,P,2001-12-17,45353,8,22.80,8.46,,
304828,P,2000-06-10,20760,8,49.39,1.22,,
304829,P,2000-04-05,9417,6,71.90,2.54,,
304830,P,2000-09-03,93444,7,62.18,9.58,,
304831,P,2001-09-04,98144,3,28.58,5.40,,
304832,P,2002-07-21,39987,8,0.33,6.49,,
304833,P,2001-07-14,8014,3,63.99,5.55,,
304834,P,2002-07-12,91991,5,21.39,3.43,,
304835,P,2001-12-23,76355,2,23.66,3.45,,
304836,P,2002-07-13,60444,7,5.18,9.46,,
304837,P,2001-03-10,86220,8,11.42,7.50,,
304838,P,2001-03-06,84021,8,52.71,9.56,,
304839,P,2002-01-08,22998,8,11.11,0.92,,
304840,P,2000-03-29,27444,1,85.87,9.33,,
304841,P,2000-09-28,16733,1,23.26,2.23,,
304842,P,2000-06-19,23449,9,8.88,7.58,,
304843,P,2000-12-26,34366,4,56.96,8.88,,
304844,P,2002-01-14,45107,10,59.43,0.44,,
304845,P,2000-08-05,29059,9,23.61,2.40,,
304846,P,2000-08-30,69402,5,0.65,5.94,,
304847,P,2000-01-07,93333,7,93.15,5.49,,
304848,P,2000-04-02,13172,8,48.00,5.60,,
304849,P,2001-04-17,95703,8,75.93,2.18,,
304850,P,2001-05-02,45432,8,51.29,2.37,,
304851,P,2000-08-21,42024,8,39.07,8.64,,
304852,P,2001-10-26,51560,4,1.35,4.20,,
304853,P,2001-08-14,99458,4,55.88,6.43,,
304854,P,2001-04-30,97742,9,84.52,5.75,,
304855,P,2001-04-07,72379,9,51.77,6.78,,
304856,P,2000-12-06,61236,3,28.41,0.72,,
304857,P,2002-05-04,72040,2,22.30,2.11,,
304858,P,2002-04-08,93363,2,63.40,8.18,,
304859,P,2000-11-15,61097,9,77.88,9.83,,
304860,P,2000-05-03,53315,9,97.41,8.47,,
304861,P,2001-09-08,79628,8,77.09,9.12,,
304862,P,2001-09-11,95321,8,81.46,9.32,,
304863,P,2002-01-10,49694,6,82.16,9.82,,
304864,P,2000-05-14,51269,4,99.32,0.63,,
304865,P,2002-01-05,39279,9,75.88,9.66,,
304866,P,2000-04-26,85726,7,63.50,8.33,,
304867,P,2000-04-20,90061,9,62.87,8.28,,
304868,P,2002-03-22,50180,9,4.09,2.42,,
304869,P,2000-05-23,85126,9,19.45,3.90,,
304870,P,2001-09-08,87040,1,72.99,2.11,,
304871,P,2001-01-01,40833,7,2.27,6.38,,
304872,P,2001-07-01,39439,9,29.55,8.27,,
304873,P,2000-03-12,22135,1,52.07,9.42,,
304874,P,2000-12-05,43885,2,76.65,6.73,,
304875,P,2001-04-13,75526,7,24.98,7.37,,
304876,P,2001-08-07,73927,2,64.90,7.82,,
304877,P,2000-07-17,36673,8,49.89,2.25,,
304878,P,2000-10-10,59339,5,71.54,0.24,,
304879,P,2001-04-23,22700,5,85.71,8.62,,
304880,P,2000-11-16,839,10,80.14,3.41,,
304881,P,2001-07-27,52693,3,36.42,2.82,,
304882,P,2000-12-18,82873,2,93.59,0.11,,
304883,P,2001-07-03,58968,10,98.35,4.95,,
304884,P,2001-12-18,10674,1,40.01,8.75,,
304885,P,2001-03-27,3315,3,82.57,9.41,,
304886,P,2000-10-29,30616,7,77.18,2.57,,
304887,P,2002-05-14,98135,3,62.92,5.96,,
304888,P,2001-01-09,90845,7,57.23,3.73,,
304889,P,2002-04-06,46565,8,7.89,1.21,,
304890,P,2002-09-03,31421,10,87.85,6.92,,
304891,P,2000-06-16,4210,2,52.42,0.97,,
304892,P,2000-11-13,62747,10,78.45,4.63,,
304893,P,2001-04-01,47380,6,35.98,0.39,,
304894,P,2001-01-03,66840,5,27.52,9.69,,
304895,P,2000-01-09,81116,9,19.56,0.74,,
304896,P,2001-05-20,25510,5,66.71,0.59,,
304897,P,2000-03-01,5261,10,89.49,9.21,,
304898,P,2001-09-10,79069,9,68.54,5.74,,
304899,P,2001-05-06,78804,3,36.34,3.54,,
304900,P,2002-08-20,789,10,83.46,3.90,,
304901,P,2002-04-12,42896,5,21.22,6.67,,
304902,P,2001-11-21,2707,4,30.59,0.69,,
304903,P,2002-08-17,78987,5,85.53,3.37,,
304904,P,2001-05-06,63876,7,80.84,8.11,,
304905,P,2002-08-24,68349,9,75.24,3.38,,
304906,P,2001-03-01,30466,6,1.02,3.08,,
304907,P,2001-04-11,85566,7,60.65,4.70,,
304908,P,2002-01-08,98250,9,21.82,6.65,,
304909,P,2000-12-25,56028,10,53.84,2.08,,
304910,P,2002-03-03,62643,10,33.29,2.87,,
304911,P,2000-05-30,86388,3,4.47,3.62,,
304912,P,2002-05-11,96634,3,24.05,8.79,,
304913,P,2000-01-19,79159,4,73.33,3.29,,
304914,P,2001-04-19,71276,4,65.24,0.23,,
304915,P,2001-08-09,85272,4,47.09,9.01,,
304916,P,2000-07-09,44531,5,63.39,1.76,,
304917,P,2000-05-26,93920,7,72.81,7.56,,
304918,P,2001-01-13,97325,5,15.10,8.48,,
304919,P,2000-06-03,22873,6,95.85,9.83,,
304920,P,2002-02-16,38818,10,69.70,4.79,,
304921,P,2001-09-09,8324,3,95.92,0.06,,
304922,P,2002-04-08,93261,7,80.90,8.04,,
304923,P,2002-05-28,79738,10,17.31,6.98,,
304924,P,2000-11-08,41870,6,14.61,1.49,,
304925,P,2002-04-16,31704,3,4.72,8.20,,
304926,P,2001-07-21,99116,3,77.70,7.44,,
304927,P,2001-10-22,69737,7,81.75,2.18,,
304928,P,2001-04-17,9808,9,41.94,6.32,,
304929,P,2000-01-06,63365,7,68.84,4.38,,
304930,P,2001-04-26,8584,5,50.36,0.06,,
304931,P,2002-09-26,36058,7,83.72,4.77,,
304932,P,2000-10-16,81160,7,69.19,7.99,,
304933,P,2001-04-05,89346,1,88.22,8.51,,
304934,P,2001-03-26,42694,8,63.48,3.32,,
304935,P,2000-04-02,77378,1,20.05,9.74,,
304936,P,2001-04-29,44235,1,71.69,8.13,,
304937,P,2001-07-05,40714,4,59.79,8.82,,
304938,P,2001-12-13,79093,10,82.95,2.82,,
304939,P,2000-06-20,50170,2,86.65,2.29,,
304940,P,2000-02-09,22197,6,55.99,4.06,,
304941,P,2001-09-15,90257,6,53.82,4.01,,
304942,P,2000-01-23,16277,4,86.42,8.62,,
304943,P,2001-07-07,70807,2,7.90,2.81,,
304944,P,2001-08-12,97610,3,49.09,9.87,,
304945,P,2001-01-03,2585,7,20.12,2.53,,
304946,P,2002-09-18,59263,4,85.59,7.60,,
304947,P,2000-09-10,29807,3,26.02,1.54,,
304948,P,2001-02-06,38516,6,3.79,6.37,,
304949,P,2000-02-07,24963,6,98.99,7.48,,
304950,P,2002-05-30,92183,4,82.73,3.82,,
304951,P,2001-09-13,54359,2,60.34,4.80,,
304952,P,2002-09-13,32035,2,38.87,1.08,,
304953,P,2000-12-04,82037,9,83.09,6.62,,
304954,P,2000-12-17,85260,10,68.22,6.20,,
304955,P,2000-12-26,83868,10,82.40,1.83,,
304956,P,2002-05-25,8466,10,66.26,6.59,,
304957,P,2000-10-06,47319,1,71.32,2.86,,
304958,P,2002-06-26,69631,1,53.83,4.01,,
304959,P,2000-09-09,98268,2,85.47,4.55,,
304960,P,2001-05-18,87852,5,35.48,0.30,,
304961,P,2001-06-23,66742,1,65.45,2.42,,
304962,P,2000-02-10,34204,10,90.78,4.66,,
304963,P,2001-08-23,28172,9,93.23,1.18,,
304964,P,2000-01-30,32914,2,98.72,8.08,,
304965,P,2000-12-29,53128,8,87.11,2.43,,
304966,P,2001-11-26,78,5,30.91,4.05,,
304967,P,2001-11-22,44980,7,48.78,0.51,,
304968,P,2001-12-17,7438,1,40.35,0.76,,
304969,P,2002-09-16,79446,5,5.60,7.03,,
304970,P,2000-10-18,22362,8,3.13,6.51,,
304971,P,2000-07-31,13829,4,57.45,9.27,,
304972,P,2001-11-06,13132,8,85.45,6.26,,
304973,P,2001-06-26,13600,5,25.31,7.81,,
304974,P,2000-12-13,81047,2,56.35,7.35,,
304975,P,2001-11-08,92933,1,72.02,9.85,,
304976,P,2002-06-25,5329,1,85.90,3.39,,
304977,P,2000-01-18,99309,2,62.07,1.70,,
304978,P,2000-04-09,25804,1,77.97,5.93,,
304979,P,2002-09-20,8589,4,35.56,1.50,,
304980,P,2002-06-14,61463,4,1.37,0.42,,
304981,P,2001-12-08,7638,6,50.70,0.86,,
304982,P,2002-03-30,4194,10,47.94,7.04,,
304983,P,2001-11-30,48959,5,14.51,5.59,,
304984,P,2001-04-04,98452,2,64.76,3.49,,
304985,P,2000-02-20,36826,3,78.26,7.00,,
304986,P,2001-02-19,21665,6,0.90,8.02,,
304987,P,2000-06-27,44043,1,25.87,5.68,,
304988,P,2001-04-01,97703,4,76.61,2.94,,
304989,P,2001-06-26,32612,6,48.42,4.49,,
304990,P,2000-04-16,14168,5,11.19,6.54,,
304991,P,2001-12-02,31706,6,80.27,9.97,,
304992,P,2001-12-19,1005,6,7.70,1.60,,
304993,P,2000-03-20,73275,4,64.69,0.43,,
304994,P,2002-08-19,43350,2,74.55,8.79,,
304995,P,2000-12-12,33634,1,62.76,6.54,,
304996,P,2002-01-02,26086,7,5.21,0.74,,
304997,P,2001-08-20,8204,1,20.59,0.98,,
304998,P,2001-08-06,33469,10,7.27,6.09,,
304999,P,2000-01-19,45359,4,28.81,0.47,,
305000,P,2001-02-17,32619,5,33.35,0.21,,
305001,P,2002-04-25,1895,8,7.40,0.12,,
305002,P,2001-01-10,69781,5,66.01,0.26,,
305003,P,2000-11-11,59697,5,56.80,4.28,,
305004,P,2001-05-16,90781,3,82.54,4.91,,
305005,P,2001-12-11,10514,2,98.80,0.13,,
305006,P,2001-01-05,77970,4,82.76,8.26,,
305007,P,2000-10-04,59079,9,3.32,4.06,,
305008,P,2000-09-17,19236,3,32.21,4.35,,
305009,P,2001-05-07,15851,8,82.87,0.85,,
305010,P,2002-08-22,20943,6,90.87,2.11,,
305011,P,2001-02-16,6992,6,2.52,2.36,,
305012,P,2001-08-19,29591,9,29.61,0.69,,
305013,P,2002-03-08,18609,3,39.64,3.49,,
305014,P,2002-05-18,81975,3,64.62,6.19,,
305015,P,2000-01-05,19947,5,32.40,9.22,,
305016,P,2000-12-28,22581,8,82.69,7.95,,
305017,P,2002-09-01,67186,3,8.95,7.89,,
305018,P,2002-08-05,77486,10,84.75,6.72,,
305019,P,2001-08-29,12488,2,52.44,0.36,,
305020,P,2001-10-25,45138,2,97.76,9.86,,
305021,P,2000-05-21,4971,1,69.67,6.53,,
305022,P,2001-10-18,29950,3,69.36,9.04,,
305023,P,2001-07-14,64669,5,69.22,3.19,,
305024,P,2002-08-04,85933,6,42.69,3.27,,
305025,P,2002-08-02,5868,6,22.71,0.98,,
305026,P,2001-05-04,98406,4,84.90,8.70,,
305027,P,2000-03-22,4810,1,45.06,8.69,,
305028,P,2000-08-12,23125,5,75.67,7.82,,
305029,P,2002-02-06,97196,1,89.04,3.04,,
305030,P,2002-01-15,13324,8,62.93,9.95,,
305031,P,2002-01-12,67273,1,11.73,5.88,,
305032,P,2001-07-11,45442,2,57.25,4.06,,
305033,P,2001-10-20,86785,8,91.96,9.08,,
305034,P,2001-01-16,45890,6,29.56,8.86,,
305035,P,2000-01-08,96566,4,53.37,5.58,,
305036,P,2001-02-20,66259,1,7.49,9.22,,
305037,P,2000-10-02,36327,6,12.03,2.45,,
305038,P,2000-03-08,33062,10,87.17,8.45,,
305039,P,2002-08-01,15234,3,41.18,7.70,,
305040,P,2000-04-20,92297,6,48.91,9.33,,
305041,P,2000-09-21,32877,8,33.33,6.51,,
305042,P,2001-10-12,25090,2,24.32,2.23,,
305043,P,2002-02-22,9219,9,56.32,6.33,,
305044,P,2002-07-10,42505,9,29.56,4.04,,
305045,P,2000-03-16,25277,9,70.47,4.83,,
305046,P,2000-10-08,40162,6,57.38,7.59,,
305047,P,2000-12-01,51423,6,70.49,1.08,,
305048,P,2000-07-01,85871,1,70.51,8.88,,
305049,P,2000-07-28,83166,8,29.92,9.64,,
305050,P,2002-02-28,72551,8,75.91,3.99,,
305051,P,2000-08-28,17271,2,41.90,4.30,,
305052,P,2000-03-22,92554,9,93.66,1.31,,
305053,P,2000-02-24,86080,7,71.85,8.45,,
305054,P,2000-06-17,90977,3,54.91,8.93,,
305055,P,2001-01-29,21629,8,70.51,6.79,,
305056,P,2001-11-17,55694,1,81.66,9.93,,
305057,P,2000-07-05,59121,10,65.05,3.51,,
305058,P,2001-07-01,25589,10,32.54,5.36,,
305059,P,2002-08-29,99085,1,31.33,7.76,,
305060,P,2000-06-25,74939,6,18.94,9.09,,
305061,P,2000-10-06,26846,1,63.01,4.57,,
305062,P,2001-02-14,13411,6,34.45,7.03,,
305063,P,2001-08-29,52407,1,62.31,4.52,,
305064,P,2000-03-05,49185,1,32.34,9.94,,
305065,P,2000-03-17,73516,2,75.76,5.03,,
305066,P,2000-08-20,2462,10,50.42,9.63,,
305067,P,2000-06-26,11897,5,31.93,9.68,,
305068,P,2001-12-24,68835,1,51.07,9.29,,
305069,P,2002-07-07,74247,1,80.88,7.86,,
305070,P,2000-06-18,36836,1,76.88,9.82,,
305071,P,2001-05-27,66057,5,49.59,3.92,,
305072,P,2001-08-18,39336,2,34.73,7.16,,
305073,P,2000-09-07,8122,10,8.83,8.46,,
305074,P,2000-06-07,71066,1,30.20,0.32,,
305075,P,2000-01-25,8886,10,33.17,6.38,,
305076,P,2001-06-23,28841,5,14.71,2.65,,
305077,P,2000-07-31,67686,5,41.10,2.68,,
305078,P,2002-02-03,11672,2,39.65,3.09,,
305079,P,2002-01-15,90504,3,81.39,4.30,,
305080,P,2001-06-09,74130,3,1.27,9.74,,
305081,P,2000-04-01,45862,6,27.77,5.74,,
305082,P,2001-12-06,61333,3,10.40,9.90,,
305083,P,2000-02-19,41597,8,48.89,6.84,,
305084,P,2000-08-31,73714,6,50.97,4.55,,
305085,P,2002-02-18,63596,8,62.20,4.43,,
305086,P,2002-09-08,87952,9,70.03,0.67,,
305087,P,2001-09-29,15835,2,32.89,6.96,,
305088,P,2001-10-11,98075,8,54.48,5.72,,
305089,P,2000-06-20,14554,5,97.83,0.90,,
305090,P,2001-10-31,20106,6,59.23,5.70,,
305091,P,2002-01-09,33149,9,46.75,6.88,,
305092,P,2001-09-07,48254,10,13.65,4.02,,
305093,P,2000-03-29,77187,4,54.00,0.59,,
305094,P,2000-03-30,68167,5,92.88,3.12,,
305095,P,2002-05-09,17664,8,29.18,2.84,,
305096,P,2001-06-20,1241,1,59.68,8.19,,
305097,P,2000-11-23,13762,5,40.08,6.27,,
305098,P,2001-07-26,61369,5,24.40,5.90,,
305099,P,2001-03-24,60846,5,48.61,3.11,,
305100,P,2001-07-16,43265,1,51.51,2.30,,
305101,P,2000-07-31,39615,7,26.55,9.08,,
305102,P,2002-03-11,70835,5,91.22,7.81,,
305103,P,2000-07-16,74817,10,66.28,7.41,,
305104,P,2000-05-12,66672,6,79.22,7.26,,
305105,P,2002-06-11,86184,5,94.43,5.54,,
305106,P,2000-07-07,8273,2,39.42,7.62,,
305107,P,2002-04-10,28103,10,22.70,5.85,,
305108,P,2001-08-18,80266,8,78.74,4.40,,
305109,P,2002-02-09,49766,4,15.06,7.99,,
305110,P,2002-01-03,36110,5,62.50,0.45,,
305111,P,2000-09-23,2505,9,78.52,9.97,,
305112,P,2001-09-01,49589,6,2.88,0.08,,
305113,P,2001-03-31,46003,6,52.60,7.15,,
305114,P,2001-11-17,8060,1,64.93,8.83,,
305115,P,2001-03-24,13288,3,67.82,5.09,,
305116,P,2002-06-06,75643,3,40.68,1.28,,
305117,P,2000-09-22,31844,2,20.91,3.34,,
305118,P,2000-07-04,20842,10,98.77,7.27,,
305119,P,2001-11-16,72900,1,56.58,9.95,,
305120,P,2001-11-22,53303,6,11.72,1.39,,
305121,P,2000-03-09,52661,1,96.51,3.49,,
305122,P,2000-01-17,95177,10,66.91,9.42,,
305123,P,2002-08-22,73091,6,89.64,1.35,,
305124,P,2001-10-20,7727,1,27.88,2.90,,
305125,P,2002-03-15,28,1,62.06,1.54,,
305126,P,2000-09-11,46097,10,45.99,2.93,,
305127,P,2000-04-08,9799,10,58.64,0.33,,
305128,P,2000-02-01,32998,8,68.53,0.65,,
305129,P,2002-08-04,74279,4,89.86,2.99,,
305130,P,2000-11-25,43122,10,17.59,0.35,,
305131,P,2001-05-20,96526,5,45.60,1.38,,
305132,P,2002-01-07,60469,6,78.23,4.72,,
305133,P,2002-09-03,23979,7,26.43,3.89,,
305134,P,2000-12-15,80170,2,5.91,9.74,,
305135,P,2000-05-01,1432,9,99.51,8.54,,
305136,P,2000-02-12,35187,8,29.59,4.66,,
305137,P,2000-08-09,57723,7,10.43,0.20,,
305138,P,2000-12-31,4677,9,86.86,7.09,,
305139,P,2001-02-17,95271,5,97.62,6.22,,
305140,P,2001-07-31,33414,8,26.70,8.39,,
305141,P,2000-06-20,50715,8,94.31,9.34,,
305142,P,2000-12-29,42109,6,15.55,0.71,,
305143,P,2001-07-20,70798,8,35.33,1.17,,
305144,P,2002-02-18,46457,7,50.99,3.05,,
305145,P,2000-07-17,8109,1,33.05,8.74,,
305146,P,2000-10-05,21946,1,90.91,0.04,,
305147,P,2001-07-07,74940,6,90.82,1.56,,
305148,P,2002-02-06,34942,4,62.31,4.65,,
305149,P,2001-10-17,79983,8,65.97,1.89,,
305150,P,2001-01-16,88417,4,70.84,7.28,,
305151,P,2002-07-14,6637,7,66.44,5.92,,
305152,P,2002-07-16,70419,7,33.22,6.08,,
305153,P,2000-08-24,67812,5,62.59,1.92,,
305154,P,2001-10-04,53543,9,69.77,4.65,,
305155,P,2000-12-25,2400,9,50.38,6.80,,
305156,P,2001-09-27,9312,4,70.56,6.44,,
305157,P,2001-11-22,24356,4,88.29,8.76,,
305158,P,2002-07-26,43376,2,27.12,5.03,,
305159,P,2000-01-24,16502,6,12.23,0.28,,
305160,P,2001-05-04,82063,7,2.34,3.15,,
305161,P,2001-05-15,75789,2,37.91,3.76,,
305162,P,2000-12-20,6884,4,42.14,5.26,,
305163,P,2002-01-21,37149,7,2.90,8.85,,
305164,P,2002-07-29,13021,8,59.16,4.07,,
305165,P,2000-08-27,22116,7,62.18,9.65,,
305166,P,2002-01-24,98020,7,1.16,6.05,,
305167,P,2000-10-16,16877,2,82.83,6.36,,
305168,P,2000-12-04,3966,2,62.78,0.13,,
305169,P,2000-07-12,25425,3,45.14,7.59,,
305170,P,2000-12-05,44509,9,7.12,1.46,,
305171,P,2001-03-16,92455,8,24.19,5.25,,
305172,P,2002-09-12,38560,9,72.92,8.81,,
305173,P,2002-06-21,45073,1,44.39,8.16,,
305174,P,2002-01-02,6131,10,26.21,5.39,,
305175,P,2000-08-08,70894,1,81.08,8.62,,
305176,P,2001-11-16,8677,3,69.45,2.92,,
305177,P,2000-12-27,44214,5,40.26,7.47,,
305178,P,2000-12-24,28051,8,58.95,8.32,,
305179,P,2000-04-13,12041,6,23.64,5.81,,
305180,P,2001-03-12,36421,9,9.77,6.69,,
305181,P,2002-08-24,97339,2,36.83,7.60,,
305182,P,2001-06-26,71470,7,95.12,9.67,,
305183,P,2001-11-22,84648,1,3.39,1.22,,
305184,P,2000-02-25,17683,9,73.02,4.38,,
305185,P,2001-08-29,21645,9,47.23,0.77,,
305186,P,2000-03-05,49252,7,83.17,5.45,,
305187,P,2001-11-01,7224,1,33.28,7.33,,
305188,P,2002-09-23,22996,10,94.88,3.41,,
305189,P,2002-04-15,12202,6,69.37,6.88,,
305190,P,2002-01-12,93679,8,22.63,2.95,,
305191,P,2002-09-24,92536,4,91.58,9.23,,
305192,P,2002-05-31,21396,8,35.64,9.27,,
305193,P,2000-05-13,65031,10,35.37,3.40,,
305194,P,2001-01-27,54718,3,19.53,7.72,,
305195,P,2000-01-31,60925,10,45.72,8.92,,
305196,P,2001-08-23,40732,8,87.57,7.67,,
305197,P,2002-04-18,60089,7,64.94,2.70,,
305198,P,2000-03-07,70499,1,98.15,4.91,,
305199,P,2000-02-01,64206,10,71.58,3.44,,
305200,P,2000-04-26,83038,6,37.41,0.84,,
305201,P,2000-04-09,59080,4,84.93,0.16,,
305202,P,2001-09-24,57044,2,55.66,9.11,,
305203,P,2000-05-18,61570,9,93.26,5.71,,
305204,P,2002-08-01,93737,10,0.32,4.04,,
305205,P,2001-07-20,47571,8,41.15,1.97,,
305206,P,2001-09-22,8979,5,65.00,5.32,,
305207,P,2000-06-06,27358,5,90.72,9.37,,
305208,P,2002-05-29,9397,5,38.73,0.72,,
305209,P,2001-10-20,33210,3,13.83,5.35,,
305210,P,2002-07-07,970,9,27.96,4.52,,
305211,P,2000-12-15,10820,6,91.86,2.07,,
305212,P,2002-04-26,95684,1,53.15,2.87,,
305213,P,2001-07-15,97840,2,11.21,5.88,,
305214,P,2002-06-29,21518,1,7.35,3.80,,
305215,P,2000-07-02,872,8,37.56,2.48,,
305216,P,2001-04-11,30339,9,18.77,9.94,,
305217,P,2000-05-01,91855,2,61.47,1.38,,
305218,P,2001-03-07,70088,2,29.03,6.44,,
305219,P,2001-07-18,6911,4,1.19,0.41,,
305220,P,2001-01-26,9512,7,6.80,8.61,,
305221,P,2001-10-22,96463,3,87.41,8.20,,
305222,P,2000-11-26,83192,10,90.67,9.63,,
305223,P,2002-06-01,67059,8,11.68,1.04,,
305224,P,2000-11-19,79875,3,41.30,5.76,,
305225,P,2001-04-07,91172,7,31.43,8.89,,
305226,P,2000-01-02,76474,6,27.36,6.47,,
305227,P,2001-07-23,96421,7,83.64,9.03,,
305228,P,2001-01-11,14180,3,84.35,0.36,,
305229,P,2000-08-10,75654,2,42.84,4.43,,
305230,P,2000-09-21,6815,2,31.54,2.94,,
305231,P,2000-03-24,11473,3,77.04,1.28,,
305232,P,2002-05-20,76403,3,57.96,2.34,,
305233,P,2001-05-29,64701,2,84.72,7.22,,
305234,P,2001-05-16,52710,6,20.19,2.42,,
305235,P,2002-01-15,52704,2,37.99,5.74,,
305236,P,2002-08-23,22678,10,72.65,0.45,,
305237,P,2000-05-21,24096,6,86.87,3.93,,
305238,P,2002-02-17,71859,8,2.35,5.90,,
305239,P,2001-05-07,63730,7,95.26,8.89,,
305240,P,2000-04-26,37575,3,42.58,3.52,,
305241,P,2001-08-20,14330,6,73.32,4.93,,
305242,P,2002-05-22,91483,3,50.88,7.66,,
305243,P,2000-12-08,16742,7,28.49,7.86,,
305244,P,2000-12-01,3086,3,57.03,1.34,,
305245,P,2000-05-03,76368,5,58.60,4.95,,
305246,P,2000-05-26,16900,7,46.66,2.33,,
305247,P,2001-08-03,82012,4,55.56,7.78,,
305248,P,2001-04-08,99758,3,33.14,1.82,,
305249,P,2000-10-15,862,10,51.84,0.71,,
305250,P,2001-12-11,74209,2,53.66,4.75,,
305251,P,2000-03-25,60500,2,29.85,7.33,,
305252,P,2000-08-12,33679,9,11.73,0.33,,
305253,P,2000-03-16,10215,1,92.95,8.36,,
305254,P,2001-11-30,8255,5,13.36,7.72,,
305255,P,2001-04-16,71039,6,94.41,0.27,,
305256,P,2000-10-06,94861,8,5.39,2.28,,
305257,P,2001-08-19,32494,7,25.72,4.13,,
305258,P,2001-07-14,97074,10,86.84,7.19,,
305259,P,2002-01-09,99962,7,21.83,5.92,,
305260,P,2002-09-09,66402,3,88.99,6.16,,
305261,P,2000-09-12,7404,4,22.85,8.92,,
305262,P,2001-12-26,98331,6,97.73,0.11,,
305263,P,2001-04-26,51621,8,54.50,9.88,,
305264,P,2001-02-07,69808,1,31.02,1.22,,
305265,P,2000-02-23,22053,7,16.28,0.51,,
305266,P,2001-05-15,66890,10,1.07,1.77,,
305267,P,2001-09-22,99310,9,65.60,7.03,,
305268,P,2001-10-02,49326,4,74.12,5.86,,
305269,P,2001-03-31,43868,1,47.79,0.57,,
305270,P,2000-05-05,3278,5,10.75,4.69,,
305271,P,2002-05-28,3778,8,29.94,8.16,,
305272,P,2000-04-17,79398,5,1.53,3.75,,
305273,P,2002-01-21,13720,3,11.80,1.99,,
305274,P,2001-04-16,97910,7,48.62,3.01,,
305275,P,2001-09-15,76106,9,18.11,7.00,,
305276,P,2001-01-10,33383,5,65.50,3.22,,
305277,P,2001-01-31,57136,3,7.58,2.61,,
305278,P,2000-12-11,35593,2,21.15,2.68,,
305279,P,2002-04-25,91841,8,33.92,8.61,,
305280,P,2000-08-30,21189,4,72.33,6.88,,
305281,P,2000-07-02,53546,9,46.32,6.21,,
305282,P,2002-06-01,11321,1,92.18,2.85,,
305283,P,2000-08-08,20881,2,30.21,1.52,,
305284,P,2001-03-02,21454,5,40.09,3.55,,
305285,P,2000-01-28,14800,1,30.54,3.32,,
305286,P,2000-09-27,96319,2,80.86,7.21,,
305287,P,2001-09-08,98376,7,50.95,1.64,,
305288,P,2000-03-19,42915,1,35.04,9.91,,
305289,P,2000-11-30,97990,1,84.00,3.50,,
305290,P,2002-06-16,26259,8,23.77,4.80,,
305291,P,2001-10-05,90779,9,11.74,7.05,,
305292,P,2000-11-06,49480,8,39.00,8.09,,
305293,P,2002-07-12,18217,3,98.63,9.67,,
305294,P,2001-01-16,58297,8,10.09,2.41,,
305295,P,2002-02-19,3460,3,48.60,7.53,,
305296,P,2002-02-24,39976,3,88.30,9.77,,
305297,P,2002-08-19,92335,6,18.81,8.16,,
305298,P,2000-08-27,73938,3,58.58,1.62,,
305299,P,2000-11-08,96079,10,13.76,8.16,,
305300,P,2001-08-10,86874,4,4.52,4.00,,
305301,P,2002-02-01,21066,4,69.02,3.55,,
305302,P,2001-04-24,90502,9,46.48,6.62,,
305303,P,2002-02-01,45435,8,47.39,6.63,,
305304,P,2001-02-15,61217,10,25.08,1.32,,
305305,P,2002-05-06,49231,1,64.78,0.34,,
305306,P,2000-11-29,55986,6,31.87,7.81,,
305307,P,2000-03-12,62484,9,8.80,9.44,,
305308,P,2000-05-06,74418,1,55.62,5.47,,
305309,P,2001-08-01,14712,5,90.40,6.38,,
305310,P,2002-03-11,68653,4,33.49,4.81,,
305311,P,2001-03-27,81763,10,35.53,5.49,,
305312,P,2002-07-02,46533,5,21.46,9.41,,
305313,P,2000-05-17,43453,7,38.48,8.31,,
305314,P,2000-10-09,40259,5,42.41,6.94,,
305315,P,2002-02-24,33144,4,37.65,8.99,,
305316,P,2002-06-29,50037,6,37.68,6.08,,
305317,P,2000-06-15,27570,7,58.25,7.11,,
305318,P,2000-08-21,70425,9,47.56,8.09,,
305319,P,2002-07-07,79252,3,4.50,5.78,,
305320,P,2001-12-30,82861,4,63.37,7.18,,
305321,P,2001-05-10,10190,2,13.36,0.70,,
305322,P,2001-10-20,12147,6,1.71,7.35,,
305323,P,2001-06-19,70036,4,96.50,0.66,,
305324,P,2000-01-28,25990,3,26.35,1.48,,
305325,P,2001-06-15,18385,1,54.50,6.09,,
305326,P,2001-05-15,90246,4,26.45,2.84,,
305327,P,2001-05-12,43904,4,16.46,0.36,,
305328,P,2000-12-22,10290,7,10.45,9.89,,
305329,P,2001-09-21,74879,10,36.54,2.40,,
305330,P,2002-04-25,87874,5,39.73,9.01,,
305331,P,2002-06-23,31670,3,39.05,7.49,,
305332,P,2002-04-06,18342,6,70.93,9.82,,
305333,P,2001-01-20,34429,2,51.60,4.37,,
305334,P,2000-10-27,2463,7,82.08,7.76,,
305335,P,2001-03-06,29718,7,21.97,8.96,,
305336,P,2001-04-12,79102,10,79.59,6.19,,
305337,P,2002-07-12,58124,10,87.48,3.16,,
305338,P,2002-07-29,36060,7,34.87,7.96,,
305339,P,2001-09-08,47952,9,90.32,4.18,,
305340,P,2002-05-05,10934,7,61.15,7.16,,
305341,P,2000-06-03,28143,8,74.43,3.28,,
305342,P,2001-11-05,67516,10,11.10,7.43,,
305343,P,2001-11-13,72486,2,21.95,9.36,,
305344,P,2002-06-22,65526,4,91.54,0.36,,
305345,P,2000-04-14,97032,5,1.00,2.33,,
305346,P,2000-12-04,98833,9,73.40,9.39,,
305347,P,2002-05-28,83657,5,19.33,3.40,,
305348,P,2002-08-21,53112,1,11.50,2.70,,
305349,P,2000-04-16,11133,8,31.60,2.90,,
305350,P,2000-10-30,80173,3,49.12,3.04,,
305351,P,2001-02-28,10014,4,23.75,8.46,,
305352,P,2000-09-12,15698,10,19.83,1.82,,
305353,P,2000-12-20,31771,10,5.88,3.31,,
305354,P,2001-12-30,21570,1,45.85,4.82,,
305355,P,2000-05-23,74950,2,85.47,1.09,,
305356,P,2000-05-11,91769,9,77.57,0.24,,
305357,P,2000-10-26,25137,8,28.32,7.96,,
305358,P,2001-07-23,16489,2,7.84,8.41,,
305359,P,2000-08-27,15209,1,51.77,7.73,,
305360,P,2000-06-01,23560,7,60.70,7.30,,
305361,P,2002-08-29,31138,4,78.83,8.11,,
305362,P,2000-10-27,52616,10,54.09,9.65,,
305363,P,2001-07-28,33647,8,55.65,8.03,,
305364,P,2000-08-30,63010,6,22.33,0.10,,
305365,P,2002-07-28,44933,9,20.17,1.22,,
305366,P,2002-07-25,28077,9,35.58,8.69,,
305367,P,2001-10-03,17310,9,12.22,7.60,,
305368,P,2001-11-17,16021,6,79.01,6.24,,
305369,P,2001-04-27,6082,3,15.12,1.16,,
305370,P,2002-08-29,53911,3,83.24,6.30,,
305371,P,2001-04-26,23476,2,40.52,7.23,,
305372,P,2000-07-01,60230,4,51.14,7.62,,
305373,P,2001-06-21,67248,4,80.43,4.65,,
305374,P,2000-08-28,96372,7,7.60,1.47,,
305375,P,2000-10-05,74283,6,1.72,8.37,,
305376,P,2001-10-03,30846,9,45.41,8.64,,
305377,P,2001-05-01,6712,10,14.43,9.47,,
305378,P,2001-04-07,5592,1,52.27,7.25,,
305379,P,2002-09-05,19706,2,23.96,2.64,,
305380,P,2001-07-04,21781,10,17.58,7.05,,
305381,P,2000-10-08,69389,3,44.58,4.05,,
305382,P,2000-01-19,79965,6,71.34,5.50,,
305383,P,2001-11-18,22975,9,13.10,4.28,,
305384,P,2001-12-13,20178,4,77.02,9.54,,
305385,P,2001-01-30,28220,6,56.46,9.66,,
305386,P,2001-01-09,29260,5,83.44,3.98,,
305387,P,2002-03-22,99636,8,90.15,2.15,,
305388,P,2000-09-01,96862,5,15.59,4.85,,
305389,P,2002-03-20,27790,4,99.88,1.40,,
305390,P,2002-02-28,99275,8,18.90,2.52,,
305391,P,2001-10-04,51238,3,46.00,8.11,,
305392,P,2000-01-14,1162,3,23.23,2.18,,
305393,P,2000-12-31,32355,3,73.59,4.17,,
305394,P,2000-02-20,93312,1,10.62,4.64,,
305395,P,2001-10-31,60133,9,22.48,5.47,,
305396,P,2002-04-18,69992,1,63.04,2.16,,
305397,P,2000-03-23,80549,7,97.52,5.86,,
305398,P,2001-08-20,47,8,4.15,4.44,,
305399,P,2002-03-13,20620,4,27.98,7.36,,
305400,P,2001-02-11,26407,4,55.19,3.95,,
305401,P,2002-09-23,18673,7,9.67,3.62,,
305402,P,2000-12-05,26933,1,84.46,7.83,,
305403,P,2002-04-15,57625,5,66.03,7.14,,
305404,P,2001-10-18,33898,1,14.32,1.39,,
305405,P,2002-01-02,53877,4,90.26,0.18,,
305406,P,2001-07-02,8382,8,1.12,2.21,,
305407,P,2000-01-23,73500,7,10.54,9.99,,
305408,P,2000-02-15,91016,7,22.54,4.47,,
305409,P,2001-08-20,28692,2,19.30,3.57,,
305410,P,2000-03-18,58894,3,26.24,2.76,,
305411,P,2002-01-04,56557,4,67.12,7.35,,
305412,P,2002-08-14,53452,7,81.17,9.94,,
305413,P,2001-09-07,59369,1,78.29,5.32,,
305414,P,2000-03-12,20427,9,20.46,1.12,,
305415,P,2002-01-27,17663,7,24.83,5.68,,
305416,P,2001-08-03,19133,5,57.64,8.49,,
305417,P,2001-11-24,34514,4,69.46,2.18,,
305418,P,2001-12-17,19831,1,52.92,9.64,,
305419,P,2001-04-21,7455,8,7.88,3.77,,
305420,P,2002-05-26,51920,7,54.49,0.70,,
305421,P,2002-03-16,25640,4,45.10,3.21,,
305422,P,2000-10-02,57889,3,92.22,3.11,,
305423,P,2002-09-01,62986,9,65.82,7.45,,
305424,P,2002-08-18,47892,9,66.67,5.47,,
305425,P,2002-06-06,63429,8,69.16,0.96,,
305426,P,2002-02-08,72965,10,13.32,9.32,,
305427,P,2000-05-17,23323,9,40.84,5.15,,
305428,P,2002-07-16,25118,6,3.64,3.43,,
305429,P,2000-09-14,93786,6,1.96,9.14,,
305430,P,2000-06-10,77769,4,71.27,0.30,,
305431,P,2000-12-17,2157,1,53.68,3.69,,
305432,P,2001-11-24,98716,1,77.57,5.58,,
305433,P,2001-09-05,3093,3,78.07,6.50,,
305434,P,2001-10-10,1203,3,27.71,5.98,,
305435,P,2002-06-26,69639,4,74.59,9.73,,
305436,P,2000-04-25,90210,8,3.05,7.83,,
305437,P,2001-10-08,11847,1,4.95,9.50,,
305438,P,2001-05-20,14262,7,13.25,5.02,,
305439,P,2000-09-19,51144,3,89.42,8.35,,
305440,P,2001-10-16,98945,10,81.74,5.70,,
305441,P,2000-04-11,42028,7,19.36,0.21,,
305442,P,2002-04-06,85881,4,54.09,5.40,,
305443,P,2000-04-06,67779,6,58.38,0.07,,
305444,P,2001-02-20,54323,6,12.00,7.00,,
305445,P,2001-10-30,38307,10,86.20,8.85,,
305446,P,2002-09-21,36261,3,96.91,6.32,,
305447,P,2000-07-17,37736,1,84.55,0.11,,
305448,P,2000-12-27,44014,5,66.14,9.61,,
305449,P,2002-08-06,98209,7,33.96,8.54,,
305450,P,2000-06-14,93858,10,67.52,4.88,,
305451,P,2001-03-11,84864,3,33.74,3.34,,
305452,P,2000-07-10,23978,3,11.65,2.99,,
305453,P,2000-03-25,13116,9,45.60,7.61,,
305454,P,2000-09-25,5773,3,97.66,5.89,,
305455,P,2000-11-16,12343,3,24.49,4.31,,
305456,P,2000-11-20,1209,6,14.53,0.63,,
305457,P,2002-03-26,90884,7,81.29,1.88,,
305458,P,2001-09-12,93475,6,53.54,6.10,,
305459,P,2002-08-29,26643,9,37.48,4.57,,
305460,P,2001-12-26,63405,10,51.88,1.81,,
305461,P,2002-01-06,352,8,24.16,7.03,,
305462,P,2001-04-13,4400,6,14.44,0.64,,
305463,P,2002-01-17,54126,10,89.87,9.13,,
305464,P,2002-05-15,37007,2,32.56,0.83,,
305465,P,2000-06-06,76845,8,79.35,7.84,,
305466,P,2001-06-21,62320,8,24.49,0.71,,
305467,P,2001-08-21,21432,1,36.30,9.07,,
305468,P,2002-01-05,53288,8,91.10,8.11,,
305469,P,2001-12-09,74962,7,9.67,2.38,,
305470,P,2001-08-14,66278,3,11.63,8.75,,
305471,P,2001-09-22,81983,6,37.68,4.51,,
305472,P,2000-09-29,31947,7,82.75,1.90,,
305473,P,2000-03-24,78907,4,5.98,5.67,,
305474,P,2001-01-28,64637,3,44.43,4.66,,
305475,P,2001-06-11,84534,2,61.85,2.27,,
305476,P,2001-02-20,73522,1,40.96,1.27,,
305477,P,2002-03-02,89819,7,72.85,6.30,,
305478,P,2001-08-29,20609,3,74.84,0.19,,
305479,P,2002-06-14,60660,8,68.11,1.48,,
305480,P,2001-05-16,8684,9,97.87,4.62,,
305481,P,2000-04-23,78931,9,9.28,9.16,,
305482,P,2000-06-08,75048,3,27.57,9.36,,
305483,P,2001-01-21,22929,10,41.61,9.76,,
305484,P,2002-03-07,52769,6,50.12,7.77,,
305485,P,2000-03-31,48578,3,73.00,9.95,,
305486,P,2001-07-27,39215,3,65.65,7.93,,
305487,P,2001-10-28,45012,3,90.18,8.17,,
305488,P,2000-12-27,23727,7,39.35,5.76,,
305489,P,2000-07-08,5988,3,80.96,3.21,,
305490,P,2000-12-12,86513,7,31.97,8.08,,
305491,P,2000-10-30,61259,4,24.43,7.27,,
305492,P,2001-08-11,57461,3,45.56,7.40,,
305493,P,2001-09-03,48350,9,16.17,2.44,,
305494,P,2002-09-02,93220,4,4.06,4.40,,
305495,P,2001-10-16,17094,3,34.41,4.30,,
305496,P,2000-11-19,14102,4,26.53,2.79,,
305497,P,2000-12-26,75086,3,56.61,0.93,,
305498,P,2002-04-19,38681,5,57.43,0.09,,
305499,P,2002-07-10,91794,6,52.56,9.75,,
305500,P,2000-06-21,3429,9,69.28,6.80,,
305501,P,2000-12-29,7210,5,88.57,2.21,,
305502,P,2001-02-24,36472,9,4.45,8.73,,
305503,P,2001-06-13,15300,7,11.30,7.98,,
305504,P,2002-01-06,57730,5,37.12,3.36,,
305505,P,2000-04-19,93994,7,78.54,8.51,,
305506,P,2001-05-26,62729,3,76.26,6.73,,
305507,P,2000-06-09,96922,6,3.46,9.23,,
305508,P,2001-06-25,70413,8,30.33,2.68,,
305509,P,2000-12-03,3990,6,59.54,5.58,,
305510,P,2001-04-11,14415,2,92.72,7.37,,
305511,P,2000-09-28,76604,4,64.25,7.14,,
305512,P,2001-01-11,64224,10,81.86,4.43,,
305513,P,2001-01-26,13090,1,60.32,3.87,,
305514,P,2000-09-12,9108,6,63.21,1.31,,
305515,P,2000-11-19,5564,7,78.99,4.83,,
305516,P,2002-06-11,78813,2,37.31,0.80,,
305517,P,2000-08-18,14274,2,14.81,3.12,,
305518,P,2000-07-14,54733,8,9.01,5.24,,
305519,P,2002-01-09,38952,7,18.83,5.68,,
305520,P,2001-10-21,85713,9,35.25,2.54,,
305521,P,2000-11-19,84419,5,86.65,1.20,,
305522,P,2002-01-17,31554,3,41.70,9.96,,
305523,P,2000-03-18,55570,1,18.70,3.29,,
305524,P,2001-06-18,35997,9,91.99,5.43,,
305525,P,2000-09-27,52315,1,7.91,4.34,,
305526,P,2002-04-12,79382,2,62.38,7.53,,
305527,P,2002-07-30,59901,7,17.78,0.68,,
305528,P,2002-02-23,95471,2,9.34,7.06,,
305529,P,2002-08-21,10404,8,91.79,1.48,,
305530,P,2001-03-04,55852,2,14.61,0.05,,
305531,P,2000-11-07,2236,7,46.28,5.48,,
305532,P,2000-07-07,22333,9,91.44,5.02,,
305533,P,2002-07-05,28255,10,61.84,0.73,,
305534,P,2001-06-08,59982,8,16.06,7.61,,
305535,P,2000-04-22,27587,10,78.42,1.27,,
305536,P,2001-05-21,51444,10,77.71,8.22,,
305537,P,2002-07-01,29916,4,54.22,6.99,,
305538,P,2000-04-03,24287,6,12.13,7.05,,
305539,P,2002-04-17,40208,5,73.76,5.41,,
305540,P,2002-08-09,33220,5,21.76,4.64,,
305541,P,2000-09-07,94053,7,71.49,4.92,,
305542,P,2001-04-24,88162,2,21.80,4.05,,
305543,P,2002-04-24,76224,2,69.54,2.81,,
305544,P,2001-09-28,46738,5,30.46,6.83,,
305545,P,2002-08-05,90754,5,9.20,3.19,,
305546,P,2000-02-08,33404,8,37.90,3.87,,
305547,P,2001-05-12,68410,5,90.85,1.03,,
305548,P,2002-04-23,30501,7,65.65,6.46,,
305549,P,2001-08-20,19162,10,41.92,9.52,,
305550,P,2000-10-22,19120,5,83.33,9.96,,
305551,P,2000-05-14,30914,9,15.16,9.85,,
305552,P,2000-01-01,34053,8,18.97,8.02,,
305553,P,2001-03-21,61656,6,11.19,8.37,,
305554,P,2002-07-04,16162,7,73.19,8.63,,
305555,P,2000-09-29,47367,10,87.59,2.28,,
305556,P,2002-09-12,55921,6,54.20,2.56,,
305557,P,2000-07-07,29473,9,5.00,9.64,,
305558,P,2001-03-05,76816,1,15.45,3.78,,
305559,P,2002-03-11,98135,9,3.05,7.18,,
305560,P,2001-05-02,57554,1,26.45,7.75,,
305561,P,2000-06-22,97041,4,41.35,8.93,,
305562,P,2000-02-25,87676,9,59.63,2.24,,
305563,P,2002-02-12,39786,4,93.81,0.18,,
305564,P,2001-05-20,63792,8,36.83,4.06,,
305565,P,2001-01-26,83338,10,87.08,2.35,,
305566,P,2000-03-24,39297,8,76.80,6.16,,
305567,P,2002-09-10,90772,4,97.43,2.99,,
305568,P,2001-07-07,90014,5,16.03,5.36,,
305569,P,2002-08-08,73202,4,57.64,3.90,,
305570,P,2002-08-30,82729,7,34.20,9.37,,
305571,P,2000-03-17,46199,1,19.27,4.58,,
305572,P,2000-04-16,74679,7,17.17,6.33,,
305573,P,2002-04-02,81650,2,6.84,4.80,,
305574,P,2001-06-17,90391,3,22.96,9.75,,
305575,P,2001-03-13,81385,9,26.06,0.65,,
305576,P,2000-02-09,33449,5,73.42,0.21,,
305577,P,2000-05-22,83182,8,52.33,3.94,,
305578,P,2000-11-06,23930,10,35.24,7.05,,
305579,P,2001-04-15,97766,10,14.83,2.84,,
305580,P,2002-05-08,98351,1,74.45,4.95,,
305581,P,2001-04-10,88085,8,63.53,4.27,,
305582,P,2000-06-14,61163,5,31.57,3.88,,
305583,P,2002-02-28,96710,2,75.86,7.92,,
305584,P,2002-04-12,30925,5,29.38,2.09,,
305585,P,2001-09-14,98635,9,95.50,9.13,,
305586,P,2002-07-20,80758,7,16.62,6.99,,
305587,P,2001-08-21,13665,10,33.85,5.88,,
305588,P,2000-02-18,50690,1,64.64,3.91,,
305589,P,2002-03-21,7601,2,76.66,1.95,,
305590,P,2000-12-27,69089,3,8.31,2.36,,
305591,P,2002-05-23,43568,5,3.13,8.88,,
305592,P,2000-05-15,36151,3,71.02,7.57,,
305593,P,2002-01-12,27861,9,2.68,3.28,,
305594,P,2002-05-21,71024,7,29.96,0.79,,
305595,P,2001-04-04,29601,8,81.38,5.27,,
305596,P,2000-06-30,40898,7,64.94,3.02,,
305597,P,2000-12-05,59976,8,78.46,1.77,,
305598,P,2001-07-22,7941,4,97.23,1.88,,
305599,P,2000-09-29,83553,8,88.62,5.30,,
305600,P,2002-03-25,1169,6,86.58,8.23,,
305601,P,2002-03-09,1572,9,43.20,6.63,,
305602,P,2000-12-07,53065,4,77.87,5.47,,
305603,P,2002-07-29,18471,10,44.90,8.19,,
305604,P,2000-11-28,41889,1,76.16,5.59,,
305605,P,2001-04-27,11377,3,38.51,8.70,,
305606,P,2001-01-04,56458,3,31.21,8.08,,
305607,P,2002-02-17,26383,9,62.61,6.96,,
305608,P,2000-08-29,40168,7,57.17,6.88,,
305609,P,2002-01-22,17224,3,86.19,0.18,,
305610,P,2000-07-10,17182,9,56.21,1.13,,
305611,P,2000-10-08,59801,7,36.53,5.37,,
305612,P,2001-09-29,43058,5,24.43,2.72,,
305613,P,2002-09-05,2107,9,0.21,7.57,,
305614,P,2000-02-27,70143,7,51.81,3.27,,
305615,P,2001-01-25,86053,7,26.18,2.52,,
305616,P,2001-09-04,51025,9,3.42,4.45,,
305617,P,2001-05-08,54004,1,23.70,4.12,,
305618,P,2000-02-12,42904,1,83.43,2.60,,
305619,P,2002-07-04,36853,10,75.07,5.10,,
305620,P,2001-09-06,59796,4,72.94,4.49,,
305621,P,2002-04-08,57761,10,76.95,0.53,,
305622,P,2002-03-30,70307,1,25.43,7.43,,
305623,P,2001-01-11,82057,2,17.81,8.36,,
305624,P,2002-08-17,25366,6,98.15,6.28,,
305625,P,2001-05-10,51396,8,59.02,2.62,,
305626,P,2000-07-22,14852,2,84.40,2.39,,
305627,P,2001-08-24,90130,1,51.79,3.35,,
305628,P,2001-07-02,56345,7,25.96,9.50,,
305629,P,2001-03-06,46768,7,31.21,1.52,,
305630,P,2001-03-15,33849,7,73.62,9.53,,
305631,P,2002-04-08,46551,4,70.38,8.39,,
305632,P,2000-01-29,60176,2,3.38,0.73,,
305633,P,2001-11-06,53666,9,26.33,5.32,,
305634,P,2001-06-12,94613,4,41.46,4.38,,
305635,P,2001-06-27,86962,1,76.97,9.48,,
305636,P,2000-12-05,68272,4,93.50,9.67,,
305637,P,2000-07-12,28613,5,40.06,7.98,,
305638,P,2000-01-11,8451,3,73.09,6.98,,
305639,P,2000-12-22,60667,5,88.61,2.92,,
305640,P,2002-02-19,26537,9,33.97,5.69,,
305641,P,2000-03-09,98791,3,99.65,0.24,,
305642,P,2000-02-22,98947,3,2.34,1.85,,
305643,P,2002-07-24,7617,10,22.82,6.11,,
305644,P,2000-09-27,95309,3,41.05,9.32,,
305645,P,2001-11-09,87157,7,53.81,9.49,,
305646,P,2001-07-29,63603,7,52.25,4.03,,
305647,P,2002-07-04,68816,5,4.99,0.28,,
305648,P,2002-03-05,63197,3,29.33,3.29,,
305649,P,2001-06-14,69604,6,54.25,4.91,,
305650,P,2002-07-16,7712,3,8.78,2.22,,
305651,P,2000-12-01,94412,10,83.27,8.31,,
305652,P,2001-01-07,21643,1,29.71,7.98,,
305653,P,2001-11-19,24961,10,1.52,4.65,,
305654,P,2000-07-06,64153,10,3.09,8.22,,
305655,P,2000-07-05,65351,10,87.51,9.04,,
305656,P,2002-06-01,69374,10,68.96,5.40,,
305657,P,2001-02-13,3025,8,58.48,5.88,,
305658,P,2000-07-11,49614,9,62.86,6.51,,
305659,P,2000-02-23,55025,1,31.45,3.49,,
305660,P,2001-07-12,42303,4,64.19,1.83,,
305661,P,2002-03-10,67531,4,66.68,0.33,,
305662,P,2002-02-19,54137,3,13.36,1.43,,
305663,P,2001-10-24,43022,7,15.61,2.61,,
305664,P,2001-03-12,61377,10,72.09,7.86,,
305665,P,2000-02-12,15564,3,70.13,5.63,,
305666,P,2001-06-25,68,9,44.15,6.52,,
305667,P,2002-08-23,25990,7,89.88,4.70,,
305668,P,2001-08-27,43770,4,67.32,7.22,,
305669,P,2000-01-15,22953,2,72.07,4.45,,
305670,P,2001-02-08,49573,4,30.53,2.03,,
305671,P,2002-06-29,90213,4,28.83,3.64,,
305672,P,2000-12-18,18899,6,84.65,4.90,,
305673,P,2000-01-25,77916,10,93.32,5.82,,
305674,P,2001-10-06,86651,3,24.92,2.79,,
305675,P,2000-04-09,64274,4,31.67,8.93,,
305676,P,2000-01-05,61122,10,89.51,1.50,,
305677,P,2001-11-16,43665,3,86.09,6.27,,
305678,P,2000-01-03,69756,2,63.84,4.50,,
305679,P,2002-03-15,79177,9,32.03,8.20,,
305680,P,2001-12-14,86049,10,5.80,6.05,,
305681,P,2001-07-02,72174,3,94.26,2.83,,
305682,P,2000-09-06,89649,5,25.31,7.15,,
305683,P,2001-12-01,57806,1,70.02,1.33,,
305684,P,2001-01-15,22366,5,2.92,7.53,,
305685,P,2002-03-17,99240,2,42.71,2.39,,
305686,P,2001-02-18,37118,9,23.01,4.83,,
305687,P,2001-11-26,28575,7,1.31,8.37,,
305688,P,2002-01-28,33654,6,50.57,7.27,,
305689,P,2000-10-31,4303,5,14.46,4.29,,
305690,P,2001-06-28,22996,4,30.50,9.98,,
305691,P,2001-01-23,70093,3,47.19,5.73,,
305692,P,2001-11-30,61847,10,81.79,3.03,,
305693,P,2000-03-22,63113,1,16.19,0.23,,
305694,P,2000-02-01,41472,10,49.24,4.51,,
305695,P,2000-06-10,42061,3,46.69,8.70,,
305696,P,2002-02-02,41310,7,18.71,7.15,,
305697,P,2001-11-02,21152,1,79.18,1.32,,
305698,P,2000-06-11,40968,8,86.19,8.25,,
305699,P,2001-10-08,40426,5,61.32,9.53,,
305700,P,2002-04-25,21879,10,92.47,1.03,,
305701,P,2000-12-31,13206,6,89.91,2.33,,
305702,P,2000-08-04,79863,4,21.22,1.91,,
305703,P,2001-12-08,48539,5,68.17,0.08,,
305704,P,2001-02-08,67479,3,94.77,3.56,,
305705,P,2000-08-28,31799,2,56.67,3.21,,
305706,P,2001-01-02,17697,3,70.90,4.09,,
305707,P,2000-10-02,71080,7,59.96,6.31,,
305708,P,2000-04-19,92402,7,13.90,7.80,,
305709,P,2002-04-11,74186,1,91.71,1.75,,
305710,P,2002-01-15,76541,9,23.35,2.53,,
305711,P,2002-05-03,5910,1,1.83,1.03,,
305712,P,2001-12-16,94226,3,29.61,0.99,,
305713,P,2000-09-15,20834,9,89.01,2.03,,
305714,P,2000-01-18,20506,9,52.59,2.19,,
305715,P,2001-04-13,32256,10,15.66,2.72,,
305716,P,2002-01-09,49289,2,67.14,1.93,,
305717,P,2001-02-04,13449,9,69.13,0.66,,
305718,P,2001-07-10,28691,2,24.48,4.54,,
305719,P,2000-10-11,63828,8,39.29,2.57,,
305720,P,2000-03-09,94020,5,7.12,8.48,,
305721,P,2002-05-24,27274,3,23.68,6.27,,
305722,P,2000-12-28,27475,6,31.88,9.27,,
305723,P,2000-07-20,57318,4,37.78,4.21,,
305724,P,2002-05-14,93850,6,73.93,1.08,,
305725,P,2000-02-11,54026,10,74.38,4.70,,
305726,P,2001-10-30,25767,5,86.92,5.32,,
305727,P,2002-08-01,43644,2,34.55,8.05,,
305728,P,2001-01-11,79840,6,15.88,3.13,,
305729,P,2000-09-27,96676,10,89.52,9.50,,
305730,P,2000-11-30,93309,6,88.60,7.82,,
305731,P,2001-10-25,59501,10,13.30,7.69,,
305732,P,2000-09-05,53728,2,2.89,9.28,,
305733,P,2000-03-12,6596,8,92.02,2.74,,
305734,P,2002-02-16,24963,8,13.51,2.15,,
305735,P,2000-07-10,97811,5,97.56,5.20,,
305736,P,2002-08-20,13162,7,42.64,5.98,,
305737,P,2000-10-19,18685,2,59.59,1.91,,
305738,P,2000-03-06,11883,4,63.57,9.81,,
305739,P,2002-01-30,43455,4,89.37,9.17,,
305740,P,2002-05-11,90973,3,62.70,6.28,,
305741,P,2000-01-09,77007,5,2.58,0.71,,
305742,P,2001-04-14,31447,9,83.71,6.65,,
305743,P,2001-08-06,17606,4,40.85,7.52,,
305744,P,2002-04-07,54862,6,71.85,2.33,,
305745,P,2000-08-12,21498,9,35.48,0.08,,
305746,P,2001-05-31,69892,5,51.14,4.61,,
305747,P,2002-05-15,80152,6,64.61,5.58,,
305748,P,2001-11-24,91140,10,97.97,1.77,,
305749,P,2002-04-05,46506,3,9.06,9.74,,
305750,P,2002-04-13,39239,6,35.83,7.72,,
305751,P,2001-03-20,31504,5,76.58,0.30,,
305752,P,2001-09-05,39852,8,1.06,1.04,,
305753,P,2000-08-22,90258,9,19.87,5.52,,
305754,P,2002-09-04,45911,7,70.11,3.61,,
305755,P,2002-04-02,79710,8,38.74,7.53,,
305756,P,2001-10-08,92561,5,8.65,4.82,,
305757,P,2001-04-16,8560,9,54.92,5.16,,
305758,P,2001-01-15,4060,1,54.80,1.49,,
305759,P,2002-07-10,31117,5,9.45,9.78,,
305760,P,2001-02-25,33711,4,5.85,0.88,,
305761,P,2001-09-06,55590,6,59.49,1.81,,
305762,P,2001-11-03,18944,2,61.38,9.68,,
305763,P,2000-08-21,83667,8,33.14,1.74,,
305764,P,2000-05-12,73573,2,81.72,5.08,,
305765,P,2002-02-27,96068,7,70.68,5.31,,
305766,P,2001-11-06,54002,7,23.38,9.40,,
305767,P,2001-07-13,62582,8,46.29,1.02,,
305768,P,2001-04-28,82364,2,37.41,9.04,,
305769,P,2000-05-02,79379,5,1.90,0.53,,
305770,P,2000-09-08,52825,3,79.34,2.21,,
305771,P,2000-03-03,92732,2,14.16,4.25,,
305772,P,2002-02-08,28192,8,72.90,3.56,,
305773,P,2001-05-01,54173,9,5.71,3.24,,
305774,P,2000-02-05,36446,3,73.59,6.17,,
305775,P,2000-11-15,96172,8,51.54,6.04,,
305776,P,2001-10-25,92834,2,81.81,3.38,,
305777,P,2001-08-03,62822,9,39.15,3.18,,
305778,P,2001-11-29,42565,5,66.71,7.15,,
305779,P,2002-06-21,60468,4,95.72,2.13,,
305780,P,2000-07-05,52294,9,79.72,8.25,,
305781,P,2002-03-17,12745,10,43.09,1.79,,
305782,P,2001-04-21,13141,5,86.10,8.59,,
305783,P,2001-06-01,9849,7,5.57,1.74,,
305784,P,2001-04-27,7052,5,43.79,6.64,,
305785,P,2001-09-06,48548,2,69.32,1.38,,
305786,P,2000-11-15,12961,6,29.02,0.83,,
305787,P,2000-08-26,32491,9,27.39,9.35,,
305788,P,2002-08-31,17138,5,97.65,6.63,,
305789,P,2000-08-03,11864,9,49.33,3.26,,
305790,P,2002-02-02,86798,7,41.44,9.72,,
305791,P,2002-08-24,82575,3,29.28,6.65,,
305792,P,2000-05-03,62484,9,42.05,1.22,,
305793,P,2002-05-13,10559,8,37.12,2.79,,
305794,P,2000-11-03,69239,8,74.06,8.15,,
305795,P,2002-05-22,26513,4,18.77,0.86,,
305796,P,2001-08-21,16988,3,22.88,8.64,,
305797,P,2000-01-23,74968,1,31.36,9.44,,
305798,P,2001-11-07,87607,7,52.35,8.15,,
305799,P,2002-03-18,61046,10,18.00,1.10,,
305800,P,2001-06-04,23510,9,1.10,1.81,,
305801,P,2002-04-09,56123,2,68.05,3.39,,
305802,P,2000-12-26,92432,10,54.10,6.63,,
305803,P,2001-01-01,32250,4,52.11,9.71,,
305804,P,2002-09-06,67675,6,64.19,8.96,,
305805,P,2002-05-31,29267,2,25.44,3.77,,
305806,P,2002-02-08,81672,7,91.42,2.67,,
305807,P,2002-09-26,30403,2,14.29,8.95,,
305808,P,2001-11-12,31717,8,74.10,5.06,,
305809,P,2001-02-26,36295,9,73.89,5.50,,
305810,P,2001-01-20,7454,4,0.34,2.14,,
305811,P,2001-07-07,71515,3,80.11,3.00,,
305812,P,2002-09-09,43512,5,8.50,2.57,,
305813,P,2000-06-16,1129,6,76.40,5.24,,
305814,P,2002-06-03,38573,8,71.14,1.49,,
305815,P,2000-09-02,99203,8,28.37,5.97,,
305816,P,2002-07-08,2261,2,86.89,6.44,,
305817,P,2000-03-05,35138,7,63.33,2.99,,
305818,P,2000-09-26,61401,3,13.84,1.33,,
305819,P,2001-11-09,19376,7,36.30,1.78,,
305820,P,2000-12-09,8326,10,82.90,3.04,,
305821,P,2000-06-23,10268,8,10.39,9.05,,
305822,P,2001-03-30,77495,6,25.24,5.24,,
305823,P,2000-06-09,32541,10,39.18,6.79,,
305824,P,2001-09-22,70345,2,59.84,2.68,,
305825,P,2001-04-27,59722,10,10.96,7.37,,
305826,P,2002-09-13,72222,9,24.56,9.07,,
305827,P,2001-12-25,45831,9,72.09,1.51,,
305828,P,2000-09-05,55383,1,31.52,2.73,,
305829,P,2002-09-04,38061,8,37.98,7.11,,
305830,P,2002-03-30,72206,3,99.94,8.39,,
305831,P,2001-11-19,23085,9,74.05,4.89,,
305832,P,2002-02-08,84000,1,11.78,7.30,,
305833,P,2000-07-05,5085,9,60.94,7.24,,
305834,P,2001-12-09,49915,1,40.70,9.47,,
305835,P,2000-10-19,36188,1,25.06,7.53,,
305836,P,2000-11-04,83400,7,6.15,6.45,,
305837,P,2002-01-07,72888,10,10.44,9.29,,
305838,P,2000-07-30,82295,1,24.40,8.93,,
305839,P,2000-10-30,73754,7,78.26,7.42,,
305840,P,2001-10-27,29360,10,44.60,3.80,,
305841,P,2002-06-21,22440,5,98.83,5.34,,
305842,P,2000-01-07,92238,5,50.83,5.52,,
305843,P,2002-02-23,11698,2,18.69,8.85,,
305844,P,2000-05-01,36312,10,91.61,2.56,,
305845,P,2001-07-07,70856,4,41.67,8.92,,
305846,P,2000-09-17,58900,4,1.31,9.36,,
305847,P,2000-04-15,90220,8,99.07,8.51,,
305848,P,2002-03-17,39284,2,72.09,5.57,,
305849,P,2000-07-22,84784,10,67.06,3.78,,
305850,P,2000-07-01,86917,3,47.72,2.32,,
305851,P,2002-04-25,22170,4,87.71,7.34,,
305852,P,2002-09-02,47542,9,63.32,5.64,,
305853,P,2002-06-21,61679,8,30.60,7.82,,
305854,P,2001-09-08,97867,6,23.20,5.90,,
305855,P,2002-05-18,1175,1,19.80,5.74,,
305856,P,2000-04-18,39370,6,58.55,3.16,,
305857,P,2000-08-16,77914,10,97.75,7.05,,
305858,P,2001-04-01,97923,3,79.63,3.89,,
305859,P,2002-05-05,12928,5,67.70,3.11,,
305860,P,2002-06-20,48662,8,82.17,7.27,,
305861,P,2002-03-06,14388,2,69.81,9.98,,
305862,P,2001-10-27,69894,2,22.63,5.43,,
305863,P,2000-09-23,2668,7,61.71,7.09,,
305864,P,2000-02-26,89682,10,38.11,9.64,,
305865,P,2001-01-06,55036,8,95.72,5.35,,
305866,P,2000-03-03,57442,10,36.41,3.87,,
305867,P,2001-07-01,64407,8,63.46,8.77,,
305868,P,2001-04-19,94071,4,44.61,5.34,,
305869,P,2000-07-31,58493,8,31.86,6.75,,
305870,P,2001-01-05,56312,8,40.19,8.89,,
305871,P,2002-08-26,3321,3,91.58,3.76,,
305872,P,2000-02-06,42879,8,56.13,5.24,,
305873,P,2002-01-12,41149,8,13.24,9.53,,
305874,P,2001-09-17,99632,1,27.56,0.30,,
305875,P,2000-08-29,97339,3,98.39,8.99,,
305876,P,2001-11-18,81455,3,39.16,7.47,,
305877,P,2001-11-28,21181,10,87.61,4.17,,
305878,P,2001-06-13,55862,6,15.69,7.51,,
305879,P,2000-07-19,56010,1,98.60,7.50,,
305880,P,2000-03-09,45978,1,26.96,9.39,,
305881,P,2001-05-20,8486,3,47.35,2.02,,
305882,P,2001-01-10,69807,5,26.62,7.22,,
305883,P,2001-03-18,87220,9,0.99,2.54,,
305884,P,2002-08-31,29572,1,80.20,2.13,,
305885,P,2000-05-22,36423,3,48.70,5.29,,
305886,P,2002-09-12,22900,10,52.35,8.90,,
305887,P,2000-10-22,61816,8,90.11,4.81,,
305888,P,2002-04-22,6986,2,59.43,8.28,,
305889,P,2002-06-09,85582,8,55.81,8.13,,
305890,P,2000-06-24,84224,1,96.36,8.18,,
305891,P,2001-03-10,13000,10,78.30,0.91,,
305892,P,2001-01-09,23021,4,4.04,8.45,,
305893,P,2001-10-10,2061,1,2.99,2.92,,
305894,P,2001-12-09,11725,8,58.88,0.87,,
305895,P,2001-05-29,41441,6,26.00,3.59,,
305896,P,2000-10-12,91846,8,63.04,8.21,,
305897,P,2000-02-14,83653,2,70.91,5.02,,
305898,P,2001-06-09,25440,2,41.49,0.29,,
305899,P,2000-04-12,92663,3,37.70,5.87,,
305900,P,2000-06-14,90719,7,29.77,6.08,,
305901,P,2000-08-23,2041,6,91.76,8.85,,
305902,P,2001-08-19,16801,6,17.85,8.98,,
305903,P,2001-04-28,6517,9,41.78,8.21,,
305904,P,2000-07-03,48662,9,17.93,9.68,,
305905,P,2002-02-22,53978,5,74.47,9.57,,
305906,P,2001-03-08,56079,5,48.67,1.81,,
