353232,P,2002-02-17,49507,10,19.03,1.95,,
353233,P,2002-04-02,67121,2,41.40,7.98,,
353234,P,2000-09-13,25382,2,36.39,5.80,,
353235,P,2002-04-21,13773,8,41.64,0.07,,
353236,P,2000-04-22,60092,8,60.89,2.49,,
353237,P,2000-09-17,15641,5,19.26,3.20,,
353238,P,2000-03-30,59284,1,17.94,9.05,,
353239,P,2001-08-22,58678,6,85.82,1.97,,
353240,P,2001-12-04,50412,6,48.46,9.27,,
353241,P,2000-02-23,9613,2,23.31,7.67,,
353242,P,2002-07-10,61535,3,97.69,7.88,,
353243,P,2000-11-01,43809,6,82.24,1.44,,
353244,P,2002-03-20,39012,1,99.66,1.67,,
353245,P,2001-09-29,40342,3,66.83,3.25,,
353246,P,2000-11-08,5585,10,39.63,4.16,,
353247,P,2000-04-20,2618,10,62.77,6.82,,
353248,P,2000-04-28,86546,9,34.09,6.34,,
353249,P,2002-06-18,58839,4,30.51,2.92,,
353250,P,2001-09-28,8894,6,18.43,0.98,,
353251,P,2001-12-02,17664,6,0.84,9.31,,
353252,P,2001-10-12,69277,7,87.79,6.54,,
353253,P,2002-04-28,90996,8,24.91,3.45,,
353254,P,2000-03-15,90609,5,22.59,5.73,,
353255,P,2000-12-03,65998,3,1.47,7.48,,
353256,P,2000-10-18,7325,10,85.90,9.16,,
353257,P,2000-02-21,4599,5,62.48,2.11,,
353258,P,2002-04-20,76993,2,41.82,8.56,,
353259,P,2002-09-20,41655,10,77.44,6.90,,
353260,P,2002-04-27,93577,6,30.77,4.30,,
353261,P,2000-07-27,40279,2,87.05,9.14,,
353262,P,2002-01-19,52876,4,0.57,6.62,,
353263,P,2000-01-16,30902,5,38.78,9.02,,
353264,P,2001-05-16,10906,5,6.32,0.72,,
353265,P,2002-07-04,58711,3,26.69,1.52,,
353266,P,2002-01-14,92237,6,31.51,0.80,,
353267,P,2000-09-08,4461,7,9.21,9.98,,
353268,P,2002-05-09,94257,1,28.22,5.39,,
353269,P,2002-07-01,45420,2,94.89,5.98,,
353270,P,2001-11-08,88037,3,59.98,0.07,,
353271,P,2000-02-25,25186,2,30.41,8.74,,
353272,P,2002-03-21,55076,2,37.73,5.39,,
353273,P,2001-03-29,31540,9,92.50,4.14,,
353274,P,2000-05-13,5650,4,89.91,3.38,,
353275,P,2000-08-28,89719,2,58.11,7.13,,
353276,P,2001-12-18,88524,4,27.23,2.69,,
353277,P,2000-02-10,3829,7,13.12,3.80,,
353278,P,2002-01-29,21704,10,79.76,6.99,,
353279,P,2000-03-21,1672,10,86.22,6.09,,
353280,P,2002-01-14,76642,9,7.26,1.68,,
353281,P,2000-04-19,24187,9,20.99,2.88,,
353282,P,2001-08-06,4580,6,47.33,5.02,,
353283,P,2002-05-04,89628,10,48.47,4.73,,
353284,P,2000-09-06,87292,1,96.04,5.76,,
353285,P,2002-03-04,89321,8,47.25,8.58,,
353286,P,2000-04-15,20339,8,50.35,3.59,,
353287,P,2002-09-16,54718,2,19.89,6.65,,
353288,P,2002-04-20,17485,3,97.49,9.71,,
353289,P,2000-05-11,20376,7,88.81,7.76,,
353290,P,2000-12-31,54478,1,71.58,4.36,,
353291,P,2000-10-04,91450,3,2.52,2.26,,
353292,P,2000-10-13,88245,2,34.39,4.73,,
353293,P,2000-04-28,41125,2,96.10,0.06,,
353294,P,2000-02-02,19507,2,33.85,1.12,,
353295,P,2002-04-02,25864,10,49.03,8.56,,
353296,P,2001-11-25,15559,10,48.28,2.65,,
353297,P,2000-04-04,33935,4,73.03,1.60,,
353298,P,2002-06-05,99566,3,22.25,2.73,,
353299,P,2002-09-16,5756,2,99.34,8.00,,
353300,P,2000-08-29,72811,10,85.31,3.74,,
353301,P,2000-09-02,83790,1,23.27,7.56,,
353302,P,2002-07-18,43481,10,32.83,6.27,,
353303,P,2002-06-04,45081,3,96.27,6.57,,
353304,P,2001-11-26,36883,10,49.35,6.01,,
353305,P,2001-03-18,36869,1,56.95,5.57,,
353306,P,2002-09-26,92982,10,86.82,7.44,,
353307,P,2000-10-07,36681,7,21.29,4.98,,
353308,P,2001-08-07,71481,10,90.72,6.09,,
353309,P,2002-04-23,28136,8,65.08,3.48,,
353310,P,2001-06-13,53402,2,23.54,4.92,,
353311,P,2002-08-21,42583,9,81.55,3.62,,
353312,P,2000-09-14,9731,2,11.86,1.51,,
353313,P,2001-02-23,59248,7,40.06,3.32,,
353314,P,2001-01-07,47981,9,9.35,9.16,,
353315,P,2001-07-05,26326,3,67.82,6.81,,
353316,P,2002-07-31,4106,10,59.01,7.41,,
353317,P,2002-05-31,6264,7,43.53,5.05,,
353318,P,2001-01-30,19694,2,43.18,8.68,,
353319,P,2000-08-15,42871,2,74.59,6.54,,
353320,P,2000-12-09,72449,1,51.26,5.49,,
353321,P,2002-07-01,43626,5,17.66,3.95,,
353322,P,2001-06-01,9127,3,6.77,7.10,,
353323,P,2000-12-20,40214,3,61.82,4.96,,
353324,P,2002-06-07,83584,6,50.25,8.49,,
353325,P,2002-07-13,79004,10,17.61,0.74,,
353326,P,2002-08-15,84639,3,47.36,7.64,,
353327,P,2000-09-27,8592,8,53.83,1.83,,
353328,P,2002-09-06,54620,10,51.98,3.70,,
353329,P,2001-10-20,31547,3,70.74,8.12,,
353330,P,2001-12-08,18606,5,27.42,8.39,,
353331,P,2001-04-19,45472,6,26.87,5.17,,
353332,P,2002-01-19,52314,7,5.83,3.68,,
353333,P,2001-04-10,64502,8,26.51,6.79,,
353334,P,2001-12-23,86781,1,65.97,2.51,,
353335,P,2002-01-06,89741,4,45.19,8.39,,
353336,P,2001-08-13,72680,9,70.86,5.12,,
353337,P,2000-12-18,39242,8,28.00,6.87,,
353338,P,2002-07-20,4048,10,55.61,3.30,,
353339,P,2001-02-10,76588,2,24.41,1.32,,
353340,P,2000-10-13,44453,8,82.08,8.65,,
353341,P,2000-12-15,19,8,59.41,5.58,,
353342,P,2001-07-10,73224,2,32.90,3.38,,
353343,P,2000-08-30,95814,7,82.57,2.24,,
353344,P,2001-03-19,17391,10,57.40,7.23,,
353345,P,2000-01-21,21646,9,95.27,8.58,,
353346,P,2002-05-31,7765,9,75.20,6.84,,
353347,P,2000-02-28,21076,5,33.51,7.71,,
353348,P,2000-05-18,3556,1,34.46,9.28,,
353349,P,2002-03-04,8532,8,1.47,2.28,,
353350,P,2001-11-12,71458,10,37.53,8.34,,
353351,P,2000-05-18,41248,4,28.60,4.01,,
353352,P,2001-03-14,92034,6,37.42,1.83,,
353353,P,2001-04-09,73443,5,8.90,8.00,,
353354,P,2001-11-02,42341,5,52.59,8.83,,
353355,P,2002-09-03,17322,7,76.51,8.99,,
353356,P,2000-12-20,6474,1,8.85,3.21,,
353357,P,2002-08-29,12689,6,37.58,1.79,,
353358,P,2002-09-02,95778,3,46.27,5.39,,
353359,P,2001-09-21,47237,3,40.33,5.67,,
353360,P,2002-03-20,50023,6,91.14,5.84,,
353361,P,2002-09-19,28769,5,61.67,1.65,,
353362,P,2000-09-11,50534,4,43.02,8.53,,
353363,P,2001-07-04,35461,6,1.33,4.94,,
353364,P,2000-12-30,48880,10,17.20,3.42,,
353365,P,2002-07-18,37587,9,27.63,5.02,,
353366,P,2000-07-25,10072,2,35.37,6.43,,
353367,P,2000-12-30,61708,3,4.13,5.33,,
353368,P,2002-01-26,64183,2,57.93,7.74,,
353369,P,2002-09-11,36863,5,97.38,1.58,,
353370,P,2000-07-08,35126,9,79.80,9.25,,
353371,P,2000-06-08,54491,1,42.33,6.75,,
353372,P,2000-10-25,7365,4,23.02,0.25,,
353373,P,2001-04-11,46049,9,7.20,5.02,,
353374,P,2000-12-26,87693,6,60.52,0.81,,
353375,P,2001-12-22,72483,10,14.75,6.23,,
353376,P,2001-11-02,1040,8,33.10,5.97,,
353377,P,2001-11-17,71687,10,57.91,0.37,,
353378,P,2000-12-21,27153,3,88.84,4.61,,
353379,P,2001-01-27,43965,4,62.51,0.53,,
353380,P,2001-11-26,61354,9,96.14,9.67,,
353381,P,2001-03-08,96994,6,52.93,8.48,,
353382,P,2002-05-24,61907,4,6.31,2.99,,
353383,P,2001-10-23,71388,9,6.53,0.52,,
353384,P,2001-04-23,91140,2,86.80,0.43,,
353385,P,2000-02-01,78471,7,63.05,1.34,,
353386,P,2002-02-17,27784,9,96.32,4.84,,
353387,P,2000-06-23,60650,2,15.34,6.06,,
353388,P,2001-10-23,43061,5,46.01,4.27,,
353389,P,2002-06-20,65729,7,8.49,4.68,,
353390,P,2002-02-07,70879,6,71.55,6.42,,
353391,P,2001-03-15,3401,6,36.64,8.97,,
353392,P,2001-02-12,4183,2,70.51,9.40,,
353393,P,2001-09-05,94518,9,89.47,5.48,,
353394,P,2000-07-14,58404,5,97.41,5.95,,
353395,P,2001-05-14,70493,4,86.23,0.57,,
353396,P,2002-04-03,97937,10,31.37,3.56,,
353397,P,2000-02-20,90929,7,99.42,9.10,,
353398,P,2000-09-08,47325,6,96.88,6.14,,
353399,P,2002-02-19,44530,3,9.78,6.12,,
353400,P,2002-08-18,8288,5,42.10,8.23,,
353401,P,2000-07-10,26261,6,76.12,3.76,,
353402,P,2000-02-24,42883,4,82.74,8.82,,
353403,P,2001-10-17,64810,6,97.66,7.25,,
353404,P,2002-03-21,34062,3,35.14,1.46,,
353405,P,2001-01-14,80944,9,19.36,9.83,,
353406,P,2002-04-12,44845,5,58.07,0.81,,
353407,P,2002-01-25,26785,5,97.69,0.99,,
353408,P,2000-02-04,53278,4,54.27,8.90,,
353409,P,2000-05-29,73863,7,91.87,3.77,,
353410,P,2001-11-06,87329,6,8.52,3.63,,
353411,P,2000-09-27,12419,8,68.26,1.63,,
353412,P,2002-04-22,76831,7,16.27,7.58,,
353413,P,2001-09-10,73141,5,63.04,0.08,,
353414,P,2002-03-06,18518,5,27.70,4.38,,
353415,P,2000-01-10,40738,7,53.44,3.92,,
353416,P,2000-09-07,28398,4,73.10,0.59,,
353417,P,2001-04-24,74591,3,98.88,6.94,,
353418,P,2001-02-08,645,8,48.60,7.79,,
353419,P,2001-08-19,14124,2,71.49,9.80,,
353420,P,2002-02-18,2579,8,10.91,6.95,,
353421,P,2002-02-28,15599,1,30.47,8.34,,
353422,P,2002-05-05,42141,9,99.65,6.71,,
353423,P,2001-07-21,25185,8,52.67,3.54,,
353424,P,2002-04-22,64360,7,75.42,5.17,,
353425,P,2002-09-20,99302,3,85.27,4.56,,
353426,P,2002-03-06,49821,8,21.09,5.97,,
353427,P,2001-07-29,83090,4,2.19,1.95,,
353428,P,2000-09-01,77576,10,41.00,5.56,,
353429,P,2002-03-17,89014,6,7.60,4.47,,
353430,P,2001-05-02,58073,10,10.23,2.25,,
353431,P,2000-06-19,55163,7,34.34,4.56,,
353432,P,2001-11-26,98296,8,43.03,5.63,,
353433,P,2000-07-12,98271,2,28.42,2.42,,
353434,P,2000-10-11,39373,2,42.29,9.35,,
353435,P,2001-03-17,41553,3,22.50,7.34,,
353436,P,2001-07-21,65605,4,89.24,5.19,,
353437,P,2000-07-18,66422,4,85.27,2.67,,
353438,P,2002-01-12,97627,4,2.28,6.08,,
353439,P,2000-11-03,10819,7,18.68,3.72,,
353440,P,2002-08-19,33053,9,2.59,1.32,,
353441,P,2002-09-01,16667,7,23.86,0.24,,
353442,P,2001-01-24,67327,1,86.63,6.42,,
353443,P,2000-11-14,8232,7,78.43,3.24,,
353444,P,2002-02-23,51100,9,40.95,8.11,,
353445,P,2002-09-18,9935,2,3.30,2.79,,
353446,P,2000-08-31,13038,3,72.23,3.00,,
353447,P,2001-02-09,93641,8,10.94,9.27,,
353448,P,2000-05-29,91181,4,98.79,2.87,,
353449,P,2000-08-20,1795,10,17.65,8.24,,
353450,P,2002-03-30,77779,8,49.56,6.25,,
353451,P,2002-01-03,90979,4,54.94,6.21,,
353452,P,2002-04-03,1711,8,73.84,7.72,,
353453,P,2001-01-10,26549,3,8.09,3.24,,
353454,P,2000-08-16,74126,5,54.27,6.40,,
353455,P,2000-10-16,13391,10,1.10,1.45,,
353456,P,2001-01-05,39809,1,36.10,2.44,,
353457,P,2000-05-07,60137,1,99.54,1.43,,
353458,P,2000-10-06,4744,9,45.35,9.49,,
353459,P,2000-02-07,26627,2,96.20,7.84,,
353460,P,2001-10-10,23641,7,38.62,9.08,,
353461,P,2001-03-17,70944,7,78.92,9.85,,
353462,P,2001-11-30,75018,2,2.89,6.57,,
353463,P,2002-05-05,13702,9,23.43,3.95,,
353464,P,2002-04-23,73251,6,4.66,7.09,,
353465,P,2000-01-01,76862,10,68.07,8.48,,
353466,P,2000-06-06,7483,10,0.98,3.15,,
353467,P,2000-11-25,11012,4,71.07,8.00,,
353468,P,2001-02-18,38327,8,89.76,0.07,,
353469,P,2001-08-03,94628,2,1.62,5.82,,
353470,P,2002-04-23,58916,1,86.50,6.01,,
353471,P,2002-05-26,37075,6,84.79,7.87,,
353472,P,2001-09-23,20679,9,72.75,2.71,,
353473,P,2000-07-02,21448,9,96.59,4.54,,
353474,P,2001-02-07,12068,4,95.95,5.21,,
353475,P,2000-10-28,92098,8,54.15,9.03,,
353476,P,2002-01-28,45772,4,46.69,9.90,,
353477,P,2001-08-26,10918,10,88.14,5.63,,
353478,P,2002-07-27,17821,3,41.91,2.48,,
353479,P,2001-12-29,22491,9,89.77,4.76,,
353480,P,2000-08-08,25739,5,93.67,4.62,,
353481,P,2000-12-22,69701,1,22.17,1.85,,
353482,P,2000-12-30,70463,1,15.23,3.64,,
353483,P,2000-04-21,29427,10,23.94,2.34,,
353484,P,2001-04-29,74111,10,88.83,3.09,,
353485,P,2000-08-18,31843,10,6.38,5.54,,
353486,P,2000-08-25,19929,4,19.97,3.93,,
353487,P,2002-01-20,20879,9,15.27,8.61,,
353488,P,2000-06-15,32809,6,36.17,1.29,,
353489,P,2001-12-24,95242,9,88.56,4.31,,
353490,P,2002-03-04,67563,2,96.17,1.76,,
353491,P,2000-10-02,39444,5,90.99,0.83,,
353492,P,2000-01-10,72778,3,89.27,2.57,,
353493,P,2000-08-16,74007,7,1.13,5.73,,
353494,P,2001-10-27,89358,1,75.75,6.57,,
353495,P,2001-12-18,16246,6,78.93,4.34,,
353496,P,2000-12-21,49689,2,73.41,5.32,,
353497,P,2001-05-03,6489,10,62.08,8.17,,
353498,P,2001-07-23,68856,1,69.26,5.15,,
353499,P,2001-03-12,67334,9,25.55,5.01,,
353500,P,2000-06-14,8122,1,72.54,5.32,,
353501,P,2000-08-20,32675,9,45.78,2.44,,
353502,P,2001-06-15,67322,1,73.26,7.23,,
353503,P,2001-05-22,92066,6,93.28,8.39,,
353504,P,2001-12-24,12245,5,60.15,6.39,,
353505,P,2001-12-28,8205,4,86.75,7.26,,
353506,P,2001-05-05,61536,8,56.61,1.21,,
353507,P,2001-09-19,6382,6,44.69,1.70,,
353508,P,2001-03-16,38126,3,98.11,8.64,,
353509,P,2001-08-03,1472,3,93.77,9.40,,
353510,P,2002-07-12,26264,1,63.83,5.59,,
353511,P,2000-05-14,87654,3,92.29,6.25,,
353512,P,2001-07-27,34314,1,24.30,4.68,,
353513,P,2002-07-29,82138,10,40.03,2.21,,
353514,P,2001-04-05,80090,6,51.01,3.16,,
353515,P,2001-01-09,51844,6,55.94,7.01,,
353516,P,2002-03-07,91775,6,18.43,3.18,,
353517,P,2001-03-30,74074,1,57.40,4.63,,
353518,P,2002-07-21,32208,6,33.25,5.62,,
353519,P,2001-09-12,39462,4,64.56,2.54,,
353520,P,2002-05-12,79260,1,79.25,2.49,,
353521,P,2002-07-12,74472,3,82.09,2.84,,
353522,P,2000-06-09,67615,10,75.35,6.89,,
353523,P,2001-07-04,41235,2,46.41,1.48,,
353524,P,2001-08-07,45850,9,57.44,7.41,,
353525,P,2001-08-13,72041,7,5.28,7.79,,
353526,P,2002-02-14,57401,2,29.98,0.81,,
353527,P,2002-01-18,51606,6,15.46,8.50,,
353528,P,2001-12-11,82933,10,50.93,4.61,,
353529,P,2000-08-06,72223,1,32.87,5.06,,
353530,P,2001-06-12,7819,10,43.22,9.95,,
353531,P,2001-06-08,79530,2,1.97,8.25,,
353532,P,2000-12-03,59092,10,38.61,9.59,,
353533,P,2001-04-28,49505,5,83.87,0.95,,
353534,P,2000-04-12,69610,9,73.97,6.42,,
353535,P,2000-12-16,60298,9,12.22,2.10,,
353536,P,2001-06-03,87689,9,17.60,4.02,,
353537,P,2002-07-22,43174,10,66.27,2.63,,
353538,P,2001-11-12,57683,6,40.84,0.92,,
353539,P,2001-03-31,31240,6,86.58,6.42,,
353540,P,2000-11-12,23011,7,81.63,2.03,,
353541,P,2002-04-01,24810,8,31.47,7.96,,
353542,P,2001-02-21,57224,8,20.86,2.38,,
353543,P,2001-07-16,95411,10,43.28,8.97,,
353544,P,2001-10-04,90014,5,54.39,3.29,,
353545,P,2001-11-27,67637,4,59.91,6.82,,
353546,P,2001-10-09,13337,3,30.73,1.61,,
353547,P,2001-02-20,53945,4,54.32,2.44,,
353548,P,2001-04-09,24133,3,66.46,3.22,,
353549,P,2000-07-14,88477,2,61.72,0.65,,
353550,P,2000-11-03,77185,3,75.88,5.94,,
353551,P,2002-06-23,51996,9,16.19,5.16,,
353552,P,2001-01-04,16215,3,71.50,7.12,,
353553,P,2002-08-29,72375,2,90.79,0.14,,
353554,P,2001-04-18,75429,8,95.19,0.78,,
353555,P,2002-03-23,21565,9,85.71,2.35,,
353556,P,2002-07-08,69670,7,21.34,0.83,,
353557,P,2001-10-17,8447,1,17.51,6.64,,
353558,P,2001-02-15,51183,10,28.60,1.12,,
353559,P,2000-03-20,95178,3,34.95,9.97,,
353560,P,2002-08-19,62143,9,77.96,3.73,,
353561,P,2000-07-15,31352,10,92.63,1.58,,
353562,P,2002-01-11,39005,6,24.75,0.22,,
353563,P,2002-09-03,89928,9,62.18,0.31,,
353564,P,2002-04-27,60423,7,57.25,9.48,,
353565,P,2002-07-30,95459,5,15.21,7.79,,
353566,P,2001-08-20,42103,8,20.69,9.34,,
353567,P,2001-08-19,70986,10,69.08,7.98,,
353568,P,2001-03-04,1435,8,52.06,7.13,,
353569,P,2002-09-03,25066,8,89.73,7.26,,
353570,P,2002-01-07,53313,9,97.87,2.17,,
353571,P,2002-07-13,65879,10,52.54,8.31,,
353572,P,2000-11-11,94609,8,33.33,8.68,,
353573,P,2000-01-17,37747,4,6.89,3.16,,
353574,P,2000-01-06,35301,2,48.66,8.16,,
353575,P,2001-07-08,14867,8,62.88,3.61,,
353576,P,2001-06-09,28650,7,95.99,8.54,,
353577,P,2001-11-22,10256,2,23.10,4.78,,
353578,P,2001-03-02,11896,9,70.80,4.64,,
353579,P,2002-02-16,766,10,22.00,4.72,,
353580,P,2001-11-14,73178,7,37.38,2.88,,
353581,P,2000-07-14,97737,1,44.23,5.55,,
353582,P,2001-12-26,99849,1,44.07,7.43,,
353583,P,2002-07-20,6983,6,95.26,2.56,,
353584,P,2001-05-10,33768,3,38.81,9.56,,
353585,P,2000-02-12,79458,1,7.75,5.09,,
353586,P,2000-09-06,12004,1,66.77,9.60,,
353587,P,2000-02-17,72347,10,51.80,2.13,,
353588,P,2000-11-06,18885,7,37.86,8.62,,
353589,P,2000-01-29,40874,8,44.42,7.37,,
353590,P,2000-04-03,18325,6,53.34,6.07,,
353591,P,2001-10-21,81988,6,67.06,6.78,,
353592,P,2000-06-19,43259,1,98.63,9.43,,
353593,P,2001-10-26,170,9,6.43,7.21,,
353594,P,2000-03-05,22767,7,42.15,4.85,,
353595,P,2001-06-29,73690,4,57.25,8.49,,
353596,P,2001-05-02,97460,3,53.14,7.74,,
353597,P,2002-01-24,52169,10,58.27,9.77,,
353598,P,2002-09-24,2924,1,10.61,5.64,,
353599,P,2000-10-09,48102,1,54.87,5.71,,
353600,P,2000-06-01,10307,9,22.70,1.93,,
353601,P,2000-05-19,93358,7,73.26,5.96,,
353602,P,2000-03-31,47642,3,28.43,0.74,,
353603,P,2000-09-26,75588,9,83.33,7.03,,
353604,P,2001-04-12,21701,1,36.92,0.73,,
353605,P,2001-07-09,70944,9,7.61,8.15,,
353606,P,2001-01-01,77210,6,82.80,0.87,,
353607,P,2001-04-11,32402,7,85.63,2.35,,
353608,P,2001-03-26,3951,10,59.65,0.91,,
353609,P,2001-02-17,51851,10,56.20,1.37,,
353610,P,2001-05-27,81528,5,22.52,0.14,,
353611,P,2001-07-09,29478,9,47.46,2.70,,
353612,P,2001-09-29,82234,4,8.12,2.10,,
353613,P,2001-08-27,58203,4,11.14,7.34,,
353614,P,2001-06-13,41967,10,47.74,5.05,,
353615,P,2001-01-19,54329,9,27.60,0.18,,
353616,P,2000-10-29,37251,6,65.12,2.62,,
353617,P,2001-12-06,37727,6,30.70,1.88,,
353618,P,2002-04-09,48941,1,85.34,5.90,,
353619,P,2001-09-29,17927,10,21.85,4.68,,
353620,P,2001-04-30,20961,2,69.46,3.88,,
353621,P,2000-05-30,68773,5,59.16,5.69,,
353622,P,2000-04-10,10068,3,31.85,8.29,,
353623,P,2002-08-31,65509,10,97.45,2.17,,
353624,P,2000-03-15,22191,7,43.61,5.81,,
353625,P,2001-02-28,92527,3,1.08,4.02,,
353626,P,2001-05-02,1705,4,2.60,0.32,,
353627,P,2001-02-14,46884,3,96.00,5.10,,
353628,P,2001-02-11,30166,3,36.52,8.86,,
353629,P,2001-03-31,42073,1,1.62,2.08,,
353630,P,2002-03-03,58100,10,79.20,9.95,,
353631,P,2001-03-01,66802,3,73.37,7.53,,
353632,P,2001-03-29,18554,6,26.52,0.21,,
353633,P,2000-10-31,1208,5,32.87,7.13,,
353634,P,2001-08-18,83130,6,57.52,1.81,,
353635,P,2001-08-23,87988,2,66.40,1.09,,
353636,P,2000-11-12,14696,8,54.97,3.14,,
353637,P,2002-09-13,16785,3,58.67,5.98,,
353638,P,2002-09-25,37602,4,46.96,8.77,,
353639,P,2002-04-12,52089,1,63.45,7.75,,
353640,P,2001-04-24,52124,4,79.45,7.00,,
353641,P,2002-04-03,54423,6,3.18,3.78,,
353642,P,2001-06-06,7537,5,14.96,0.64,,
353643,P,2000-03-13,87370,5,45.14,6.26,,
353644,P,2001-12-13,61489,10,60.56,5.00,,
353645,P,2000-10-01,82272,10,42.01,3.79,,
353646,P,2001-10-10,25506,7,46.10,3.42,,
353647,P,2000-12-18,95346,5,95.44,8.56,,
353648,P,2002-05-06,50246,6,13.53,7.73,,
353649,P,2002-08-12,38762,4,49.22,9.67,,
353650,P,2001-02-28,25059,2,42.24,1.45,,
353651,P,2002-07-07,13757,5,47.74,0.26,,
353652,P,2002-07-08,17164,5,18.47,5.06,,
353653,P,2000-03-18,84095,5,80.79,3.87,,
353654,P,2000-11-16,6006,7,92.68,4.11,,
353655,P,2001-01-07,34813,8,61.74,4.70,,
353656,P,2002-03-03,40553,1,83.56,3.39,,
353657,P,2001-10-16,89103,7,48.50,2.01,,
353658,P,2001-06-26,64206,8,38.73,2.28,,
353659,P,2000-01-25,21255,7,16.59,3.43,,
353660,P,2002-04-19,57161,7,34.01,7.33,,
353661,P,2002-03-03,58931,1,58.31,1.75,,
353662,P,2000-02-13,55715,5,39.99,7.06,,
353663,P,2000-09-18,88023,3,70.87,0.24,,
353664,P,2000-11-02,80544,2,62.56,8.33,,
353665,P,2001-11-26,91805,4,48.42,5.07,,
353666,P,2001-03-17,78070,10,50.76,6.21,,
353667,P,2001-05-28,26940,7,12.70,4.05,,
353668,P,2000-08-04,29590,4,32.39,9.91,,
353669,P,2001-06-16,87831,2,19.46,6.51,,
353670,P,2000-01-26,36131,4,56.64,8.22,,
353671,P,2001-12-17,38381,6,88.11,1.66,,
353672,P,2001-09-25,67865,6,24.98,8.85,,
353673,P,2000-08-28,69895,3,29.94,5.09,,
353674,P,2000-08-15,6625,3,22.73,7.73,,
353675,P,2002-07-25,88085,3,44.00,0.23,,
353676,P,2000-03-21,14763,1,89.28,5.91,,
353677,P,2001-10-20,41062,10,28.01,0.44,,
353678,P,2001-02-03,93440,5,26.52,5.50,,
353679,P,2000-03-26,91960,3,69.78,3.55,,
353680,P,2002-01-06,99796,9,57.78,4.29,,
353681,P,2000-07-15,88839,9,88.67,9.49,,
353682,P,2001-06-08,31598,2,45.62,2.48,,
353683,P,2002-06-18,88479,10,99.19,6.08,,
353684,P,2001-04-19,3981,1,79.70,8.91,,
353685,P,2000-11-28,18759,2,79.35,7.94,,
353686,P,2001-01-05,87353,4,8.01,8.75,,
353687,P,2001-01-13,57358,3,40.25,2.42,,
353688,P,2000-08-18,89944,6,90.09,9.22,,
353689,P,2000-10-29,74037,6,62.35,9.48,,
353690,P,2000-02-20,32718,1,93.14,3.64,,
353691,P,2002-09-26,79014,9,50.69,1.23,,
353692,P,2000-01-11,29103,8,75.12,2.64,,
353693,P,2000-02-25,28553,3,45.83,3.16,,
353694,P,2000-01-04,82040,2,1.64,7.60,,
353695,P,2001-02-11,87131,8,33.39,3.62,,
353696,P,2001-04-09,87741,10,15.27,3.33,,
353697,P,2001-03-15,29628,6,92.06,1.16,,
353698,P,2001-08-21,2974,4,67.40,9.07,,
353699,P,2000-06-05,99757,2,8.72,6.86,,
353700,P,2002-07-16,74464,4,82.59,5.60,,
353701,P,2000-09-25,31806,9,32.98,7.29,,
353702,P,2000-05-15,79325,7,2.00,1.97,,
353703,P,2002-01-25,94005,10,4.61,7.14,,
353704,P,2002-01-27,62516,6,98.53,6.90,,
353705,P,2001-09-14,86221,7,30.14,1.29,,
353706,P,2001-06-12,82304,7,31.66,1.92,,
353707,P,2000-07-24,46633,5,82.85,1.21,,
353708,P,2001-05-08,63808,3,89.42,4.13,,
353709,P,2000-04-09,34262,8,15.39,7.35,,
353710,P,2001-05-04,31674,4,3.13,8.82,,
353711,P,2002-03-30,20265,9,8.22,1.97,,
353712,P,2000-05-25,31925,7,8.69,7.34,,
353713,P,2000-02-09,95568,6,80.79,0.39,,
353714,P,2001-06-25,98077,6,74.99,0.59,,
353715,P,2000-01-19,89653,3,20.89,9.08,,
353716,P,2000-03-10,26473,7,51.07,5.82,,
353717,P,2002-06-25,15729,9,43.08,8.71,,
353718,P,2000-12-26,22218,6,81.33,3.34,,
353719,P,2000-09-05,33785,3,40.57,5.88,,
353720,P,2002-03-09,88371,5,73.19,1.56,,
353721,P,2000-03-01,98596,6,91.78,8.28,,
353722,P,2000-12-15,55079,1,84.27,1.80,,
353723,P,2000-10-27,9481,7,19.11,5.39,,
353724,P,2002-02-24,39307,8,50.52,2.13,,
353725,P,2001-06-29,86923,8,44.69,9.51,,
353726,P,2002-03-07,20670,4,50.46,7.41,,
353727,P,2001-08-12,5080,7,0.48,2.15,,
353728,P,2000-04-12,52376,9,38.86,6.39,,
353729,P,2000-10-31,79176,1,8.30,4.74,,
353730,P,2000-08-28,90589,4,27.17,0.62,,
353731,P,2001-07-01,39689,10,61.84,0.82,,
353732,P,2001-01-28,54450,5,12.11,6.01,,
353733,P,2001-03-12,19931,6,78.45,1.10,,
353734,P,2000-09-20,19736,4,91.43,6.39,,
353735,P,2001-09-18,14995,7,3.77,3.54,,
353736,P,2000-07-19,8780,7,88.37,5.02,,
353737,P,2000-05-31,89501,7,58.18,1.89,,
353738,P,2002-01-23,64547,5,25.09,3.74,,
353739,P,2002-01-09,24096,8,19.49,9.64,,
353740,P,2001-09-06,35543,3,30.23,4.36,,
353741,P,2002-03-14,67170,6,88.01,9.66,,
353742,P,2001-02-21,39141,6,77.37,9.41,,
353743,P,2002-06-14,56648,2,56.90,8.04,,
353744,P,2002-08-21,86583,8,31.49,1.43,,
353745,P,2002-07-11,34858,4,51.53,4.50,,
353746,P,2002-04-01,1916,6,75.75,7.21,,
353747,P,2001-08-29,88376,5,89.59,9.74,,
353748,P,2000-04-17,13668,3,22.66,9.23,,
353749,P,2002-06-07,91196,1,57.14,5.38,,
353750,P,2000-11-26,64717,1,33.83,5.65,,
353751,P,2001-11-02,86029,9,59.29,0.44,,
353752,P,2002-06-20,24536,8,2.78,3.62,,
353753,P,2001-04-17,17074,10,20.84,8.04,,
353754,P,2000-05-16,91552,1,54.20,4.59,,
353755,P,2001-10-30,37572,5,63.97,1.63,,
353756,P,2000-04-24,75559,5,26.65,9.31,,
353757,P,2001-01-17,8332,4,99.21,0.76,,
353758,P,2001-07-01,24565,6,12.98,5.57,,
353759,P,2002-08-14,4779,3,83.75,7.44,,
353760,P,2001-10-08,65161,6,30.33,5.62,,
353761,P,2001-09-02,1709,8,41.71,3.42,,
353762,P,2001-05-07,96068,7,2.35,5.72,,
353763,P,2000-01-13,52271,10,53.49,6.05,,
353764,P,2001-06-19,20339,6,1.11,9.70,,
353765,P,2002-06-16,58705,9,70.30,8.83,,
353766,P,2001-10-19,11616,1,6.51,5.43,,
353767,P,2000-12-23,9805,8,53.78,2.09,,
353768,P,2001-10-17,67805,1,60.38,6.51,,
353769,P,2002-01-17,48928,1,63.89,7.19,,
353770,P,2001-12-26,56448,9,82.04,3.55,,
353771,P,2000-11-17,89774,4,23.76,8.25,,
353772,P,2001-01-23,19674,4,52.26,4.53,,
353773,P,2000-12-14,67798,4,97.95,6.49,,
353774,P,2001-03-02,52226,3,31.45,8.28,,
353775,P,2000-03-07,65614,1,81.23,8.79,,
353776,P,2002-03-17,37489,5,38.05,8.01,,
353777,P,2002-04-19,87390,5,56.57,6.91,,
353778,P,2001-02-22,94028,5,62.20,7.59,,
353779,P,2000-01-12,56459,8,85.43,3.67,,
353780,P,2000-09-10,42186,8,37.26,2.82,,
353781,P,2001-11-07,21365,2,92.62,4.51,,
353782,P,2001-04-21,83770,4,41.52,9.36,,
353783,P,2002-06-22,87415,5,72.99,5.73,,
353784,P,2001-03-18,2662,10,59.61,8.89,,
353785,P,2001-04-16,60944,8,61.84,5.31,,
353786,P,2001-02-02,26556,6,1.99,9.56,,
353787,P,2001-05-14,8898,3,0.86,7.66,,
353788,P,2000-03-18,31177,9,17.52,5.69,,
353789,P,2001-04-04,47842,5,9.45,7.89,,
353790,P,2000-12-25,5087,8,31.08,9.27,,
353791,P,2000-07-01,77268,8,78.05,5.23,,
353792,P,2001-06-26,63562,1,40.25,5.55,,
353793,P,2002-09-18,1932,6,50.36,3.01,,
353794,P,2000-01-10,46290,7,35.37,0.50,,
353795,P,2000-07-29,47183,10,9.96,0.39,,
353796,P,2001-09-15,88449,2,86.34,3.07,,
353797,P,2000-06-21,13563,2,2.76,6.01,,
353798,P,2002-09-13,87500,1,65.38,8.61,,
353799,P,2000-11-13,6546,4,68.26,9.79,,
353800,P,2001-10-15,71503,8,41.14,7.92,,
353801,P,2002-07-27,90497,3,18.34,4.13,,
353802,P,2002-04-25,61519,7,58.46,2.28,,
353803,P,2002-05-31,8296,9,28.92,8.42,,
353804,P,2001-07-04,12596,2,37.78,8.74,,
353805,P,2000-07-16,77116,2,32.97,6.22,,
353806,P,2000-12-10,53398,6,41.90,7.61,,
353807,P,2002-09-22,65379,10,16.07,1.62,,
353808,P,2000-06-19,53931,10,18.86,0.12,,
353809,P,2000-11-20,4003,10,83.21,8.40,,
353810,P,2001-04-26,83914,7,25.52,5.16,,
353811,P,2001-10-04,89197,3,80.44,4.02,,
353812,P,2001-06-02,37789,1,17.09,2.31,,
353813,P,2000-07-13,64820,2,80.85,1.73,,
353814,P,2000-05-12,22862,2,31.17,7.97,,
353815,P,2001-01-06,80015,9,58.93,2.22,,
353816,P,2001-01-07,8172,9,92.16,0.92,,
353817,P,2002-01-15,66830,8,89.03,5.23,,
353818,P,2000-03-28,44774,10,81.74,9.90,,
353819,P,2001-09-15,34146,2,94.75,9.32,,
353820,P,2001-04-19,44529,6,48.98,7.86,,
353821,P,2000-04-16,94134,7,16.80,3.64,,
353822,P,2001-02-09,73777,10,0.83,1.44,,
353823,P,2001-04-26,80859,4,38.32,8.10,,
353824,P,2000-11-26,72252,9,18.71,9.46,,
353825,P,2000-07-31,5415,2,91.67,8.59,,
353826,P,2000-11-14,40760,2,25.73,0.46,,
353827,P,2001-11-05,65406,4,71.40,9.52,,
353828,P,2000-02-14,16114,3,92.55,6.14,,
353829,P,2000-04-17,80708,2,54.55,2.90,,
353830,P,2002-01-08,12918,2,83.16,8.52,,
353831,P,2002-04-24,42875,7,22.52,8.63,,
353832,P,2000-02-12,79990,9,73.79,6.18,,
353833,P,2002-02-09,68910,7,11.31,3.05,,
353834,P,2001-11-04,32547,5,63.85,1.66,,
353835,P,2001-06-02,56028,1,95.74,2.40,,
353836,P,2002-05-28,20574,6,48.56,8.39,,
353837,P,2000-02-08,72743,9,70.09,8.25,,
353838,P,2002-06-27,14343,4,41.45,2.07,,
353839,P,2002-07-01,60362,7,95.55,2.24,,
353840,P,2001-05-25,33592,6,82.63,9.08,,
353841,P,2001-04-18,78233,2,15.11,4.79,,
353842,P,2000-12-25,23258,10,98.69,3.12,,
353843,P,2000-10-08,49715,2,38.79,0.11,,
353844,P,2001-11-24,45777,1,45.89,3.86,,
353845,P,2000-04-14,74773,6,6.95,3.83,,
353846,P,2002-01-02,18550,9,76.62,1.05,,
353847,P,2000-10-30,28771,8,19.62,1.05,,
353848,P,2001-12-25,94813,2,57.54,7.91,,
353849,P,2000-04-16,91544,4,45.28,9.66,,
353850,P,2002-07-15,40187,5,86.66,9.08,,
353851,P,2000-07-21,52072,1,68.15,7.43,,
353852,P,2001-11-17,81694,10,12.81,0.59,,
353853,P,2000-06-30,32885,9,29.45,4.50,,
353854,P,2002-08-18,32981,2,63.89,1.54,,
353855,P,2002-09-27,29898,4,22.18,5.24,,
353856,P,2001-08-27,70078,7,68.24,7.59,,
353857,P,2001-07-15,32686,2,72.75,0.15,,
353858,P,2000-10-02,7233,3,98.40,0.79,,
353859,P,2002-04-30,27150,6,35.47,8.11,,
353860,P,2000-05-06,46025,2,91.06,0.77,,
353861,P,2001-04-03,60732,9,91.55,8.49,,
353862,P,2001-08-14,88118,3,62.78,1.03,,
353863,P,2001-09-30,568,9,59.92,2.16,,
353864,P,2001-04-06,6262,10,93.66,1.55,,
353865,P,2000-11-09,75195,2,33.54,8.22,,
353866,P,2001-08-17,20626,2,44.46,0.19,,
353867,P,2002-04-17,55082,4,51.97,4.47,,
353868,P,2000-12-25,34763,3,17.45,7.42,,
353869,P,2000-06-01,2027,8,88.56,9.31,,
353870,P,2002-05-10,37429,8,4.05,8.70,,
353871,P,2001-02-15,19822,8,13.09,5.74,,
353872,P,2000-02-11,27760,10,98.93,8.15,,
353873,P,2001-01-13,58186,8,67.52,1.29,,
353874,P,2001-09-23,68304,1,60.55,9.30,,
353875,P,2002-04-08,14257,1,66.84,1.73,,
353876,P,2000-02-18,84792,9,40.03,2.89,,
353877,P,2002-01-09,12005,10,12.15,7.90,,
353878,P,2002-07-01,50859,9,36.55,7.44,,
353879,P,2002-07-20,97188,7,15.36,9.26,,
353880,P,2001-07-19,6295,2,65.23,3.29,,
353881,P,2002-09-20,31357,10,41.37,3.58,,
353882,P,2001-09-21,69077,3,52.17,3.02,,
353883,P,2001-12-21,92425,4,47.05,5.33,,
353884,P,2000-06-02,70833,6,11.27,7.05,,
353885,P,2000-11-25,41220,2,1.02,0.17,,
353886,P,2001-07-12,70606,8,4.81,5.97,,
353887,P,2001-03-28,26189,8,81.34,1.07,,
353888,P,2001-04-09,71320,8,93.52,4.11,,
353889,P,2001-03-01,3540,4,95.92,8.28,,
353890,P,2000-09-12,26451,6,77.08,0.50,,
353891,P,2000-08-28,55563,10,44.87,2.38,,
353892,P,2001-04-28,42130,3,25.31,8.11,,
353893,P,2001-04-19,11346,6,5.83,9.65,,
353894,P,2002-02-15,24753,4,32.01,6.52,,
353895,P,2002-09-12,94895,2,42.29,9.54,,
353896,P,2000-05-29,55734,3,64.70,6.83,,
353897,P,2000-01-08,20786,7,13.98,5.28,,
353898,P,2000-05-09,47659,1,30.16,7.07,,
353899,P,2000-04-26,74832,6,96.69,9.03,,
353900,P,2000-08-08,91904,10,37.87,9.45,,
353901,P,2002-04-30,95913,3,90.58,2.01,,
353902,P,2000-02-12,3479,6,15.12,8.25,,
353903,P,2001-05-07,35743,3,75.31,1.71,,
353904,P,2001-02-28,77994,5,98.97,6.63,,
353905,P,2000-11-05,58237,3,85.58,6.60,,
353906,P,2002-07-28,27924,3,75.67,4.05,,
353907,P,2001-03-06,41029,2,14.55,2.62,,
353908,P,2000-10-16,92547,7,9.05,6.80,,
353909,P,2000-10-22,58969,2,97.20,8.05,,
353910,P,2002-04-07,22011,2,72.35,2.89,,
353911,P,2001-09-18,26268,7,61.94,1.00,,
353912,P,2000-06-26,34795,7,10.90,7.94,,
353913,P,2001-03-15,53509,10,82.00,4.28,,
353914,P,2001-06-24,50004,5,67.09,6.05,,
353915,P,2002-01-08,65560,3,70.72,9.59,,
353916,P,2002-07-28,1335,3,35.61,7.19,,
353917,P,2001-04-14,22285,6,97.70,4.41,,
353918,P,2002-09-24,72066,1,30.87,9.83,,
353919,P,2001-07-17,71365,7,79.06,6.15,,
353920,P,2000-04-02,74161,8,91.05,9.17,,
353921,P,2000-02-13,38274,3,1.24,1.67,,
353922,P,2000-10-13,35065,5,29.60,4.67,,
353923,P,2000-03-26,61728,10,45.93,7.96,,
353924,P,2000-07-08,51582,6,14.99,1.46,,
353925,P,2001-11-12,25759,6,49.35,2.11,,
353926,P,2001-01-25,66491,7,99.51,2.59,,
353927,P,2002-08-31,34818,5,44.84,8.36,,
353928,P,2002-09-01,41712,10,86.33,8.18,,
353929,P,2000-11-20,39139,10,36.95,5.27,,
353930,P,2002-05-19,8752,5,75.16,5.60,,
353931,P,2001-04-12,72041,8,69.50,3.81,,
353932,P,2001-04-15,69641,5,89.18,5.77,,
353933,P,2000-03-18,33246,10,98.59,5.75,,
353934,P,2001-12-06,24869,6,63.90,7.74,,
353935,P,2000-12-30,16990,6,13.96,0.71,,
353936,P,2000-11-16,75295,2,71.85,5.67,,
353937,P,2000-06-07,94434,5,28.23,4.73,,
353938,P,2002-08-11,93520,3,84.96,0.34,,
353939,P,2000-01-20,60267,9,83.94,1.44,,
353940,P,2001-02-02,7910,8,80.16,7.40,,
353941,P,2002-06-25,81234,2,67.65,1.42,,
353942,P,2000-10-05,63733,8,63.60,6.14,,
353943,P,2001-08-01,71247,10,26.76,2.38,,
353944,P,2001-12-09,86130,4,18.39,5.08,,
353945,P,2002-05-27,51816,6,60.61,5.78,,
353946,P,2000-06-18,94102,7,55.12,3.00,,
353947,P,2001-03-29,42834,2,96.30,9.75,,
353948,P,2000-03-21,38103,10,47.43,0.20,,
353949,P,2001-11-05,94847,1,8.16,4.74,,
353950,P,2000-07-23,45923,4,60.37,7.76,,
353951,P,2001-03-31,86838,10,90.82,9.38,,
353952,P,2002-09-02,81171,6,27.61,7.49,,
353953,P,2000-09-06,29227,7,82.08,2.18,,
353954,P,2002-02-03,31975,5,57.11,4.71,,
353955,P,2000-11-30,86691,4,56.21,1.88,,
353956,P,2001-06-17,49996,3,92.49,9.20,,
353957,P,2000-11-03,97810,1,36.64,9.54,,
353958,P,2001-04-16,1307,4,62.43,8.32,,
353959,P,2000-09-07,73822,5,80.85,2.70,,
353960,P,2002-09-20,3570,5,66.72,3.40,,
353961,P,2000-09-16,74439,8,84.20,0.16,,
353962,P,2001-07-12,61402,7,67.04,8.95,,
353963,P,2002-07-19,58314,7,62.08,4.69,,
353964,P,2000-09-20,53216,6,9.32,2.95,,
353965,P,2000-10-04,27012,6,60.02,2.76,,
353966,P,2000-04-28,89212,10,40.61,8.35,,
353967,P,2000-12-16,87467,6,94.52,1.46,,
353968,P,2001-09-16,52829,5,13.24,1.62,,
353969,P,2000-07-06,39732,10,5.95,6.89,,
353970,P,2001-01-13,6661,1,83.59,0.84,,
353971,P,2001-03-11,1163,1,46.42,3.22,,
353972,P,2002-08-09,68578,9,16.63,3.29,,
353973,P,2002-09-09,33272,6,37.13,7.71,,
353974,P,2002-01-06,85814,9,6.27,1.65,,
353975,P,2000-11-23,90824,3,57.58,3.81,,
353976,P,2002-03-23,79669,8,40.30,3.11,,
353977,P,2000-12-10,78580,8,46.46,5.33,,
353978,P,2000-04-03,62622,4,31.64,9.41,,
353979,P,2001-08-12,92893,5,4.65,0.85,,
353980,P,2001-04-15,60150,10,60.14,8.68,,
353981,P,2000-07-30,55046,5,63.72,3.49,,
353982,P,2001-03-15,73308,10,0.63,6.38,,
353983,P,2002-08-14,47559,10,24.72,3.89,,
353984,P,2002-07-05,63150,5,35.13,6.74,,
353985,P,2001-11-24,16706,2,96.94,5.43,,
353986,P,2000-01-18,25412,3,77.64,2.48,,
353987,P,2001-05-30,97834,5,16.58,2.82,,
353988,P,2002-04-19,40369,5,59.14,1.54,,
353989,P,2001-11-29,2312,2,20.38,9.21,,
353990,P,2000-09-27,58032,4,70.74,0.34,,
353991,P,2000-05-12,89503,3,58.34,9.44,,
353992,P,2001-09-26,13181,1,63.11,2.06,,
353993,P,2002-03-25,19742,7,54.74,6.04,,
353994,P,2001-07-22,17921,6,26.76,2.07,,
353995,P,2000-06-03,95835,2,78.27,7.58,,
353996,P,2001-08-07,35662,1,67.17,6.69,,
353997,P,2002-01-31,53250,9,5.55,7.07,,
353998,P,2002-03-21,97371,2,85.77,7.38,,
353999,P,2000-09-30,3040,9,95.75,3.21,,
354000,P,2001-08-07,87137,1,67.23,5.28,,
354001,P,2001-01-19,69703,4,66.29,8.18,,
354002,P,2001-06-25,20075,3,75.39,5.92,,
354003,P,2000-10-30,15102,1,14.70,9.23,,
354004,P,2002-03-13,1868,2,5.48,9.24,,
354005,P,2001-02-19,56962,6,15.65,1.23,,
354006,P,2002-09-04,56579,8,34.21,6.82,,
354007,P,2001-06-03,96831,3,49.72,6.75,,
354008,P,2000-09-11,96111,5,47.44,1.96,,
354009,P,2000-03-13,73311,1,15.89,5.86,,
354010,P,2002-04-04,94637,2,38.55,6.96,,
354011,P,2001-06-09,65500,8,6.03,3.32,,
354012,P,2001-06-04,77544,3,20.27,3.34,,
354013,P,2001-05-13,94837,7,47.84,7.85,,
354014,P,2001-08-20,69591,9,4.31,2.09,,
354015,P,2000-04-09,12972,9,74.27,8.23,,
354016,P,2002-04-21,90389,2,94.54,1.24,,
354017,P,2001-01-28,94162,1,45.17,0.57,,
354018,P,2000-04-11,84329,6,89.91,7.90,,
354019,P,2001-10-30,32868,5,39.85,5.04,,
354020,P,2001-04-17,88672,8,19.31,9.50,,
354021,P,2002-05-27,99222,7,42.85,8.96,,
354022,P,2000-12-21,68758,2,1.49,1.49,,
354023,P,2002-08-06,71133,9,6.95,9.79,,
354024,P,2001-08-10,78254,10,60.75,4.26,,
354025,P,2001-01-04,13382,7,33.94,5.29,,
354026,P,2002-04-09,17376,6,55.06,3.58,,
354027,P,2002-04-08,46881,8,75.79,7.40,,
354028,P,2000-02-27,32295,8,15.15,8.91,,
354029,P,2001-11-19,58233,6,68.96,5.91,,
354030,P,2001-02-01,68990,8,36.83,7.92,,
354031,P,2000-09-24,41158,8,39.51,8.18,,
354032,P,2000-09-04,75036,9,48.14,6.71,,
354033,P,2001-03-04,25075,5,48.98,6.72,,
354034,P,2000-07-13,49821,6,24.22,2.07,,
354035,P,2001-05-26,7314,2,7.85,2.50,,
354036,P,2001-12-16,41165,1,33.91,5.48,,
354037,P,2000-04-10,60555,6,43.36,7.99,,
354038,P,2001-03-18,21369,9,49.91,1.16,,
354039,P,2002-03-06,10365,3,22.05,8.90,,
354040,P,2000-01-16,54547,2,99.24,3.23,,
354041,P,2000-11-30,289,2,7.68,7.32,,
354042,P,2001-10-08,37882,1,88.26,7.71,,
354043,P,2002-09-06,22066,8,54.53,6.00,,
354044,P,2001-12-12,54840,8,51.36,9.03,,
354045,P,2001-10-28,48404,5,16.02,7.32,,
354046,P,2002-05-21,49123,5,55.13,7.23,,
354047,P,2001-04-24,88691,2,67.51,1.67,,
354048,P,2000-10-11,87408,10,16.99,1.96,,
354049,P,2000-10-12,53365,9,33.94,7.40,,
354050,P,2000-08-13,62663,1,54.15,2.54,,
354051,P,2000-09-22,13748,8,55.34,3.82,,
354052,P,2001-12-30,11132,5,53.04,5.26,,
354053,P,2002-08-09,99751,4,18.93,7.21,,
354054,P,2001-03-08,88158,8,88.75,6.39,,
354055,P,2001-08-04,24238,5,24.78,0.62,,
354056,P,2000-07-31,62580,2,89.03,8.12,,
354057,P,2000-09-25,32442,10,1.62,7.79,,
354058,P,2000-05-21,14661,7,47.26,0.38,,
354059,P,2001-11-20,8566,2,14.27,6.07,,
354060,P,2000-12-11,35440,9,25.38,3.48,,
354061,P,2000-12-25,24410,10,10.79,6.38,,
354062,P,2000-07-04,11886,8,8.91,6.92,,
354063,P,2000-11-04,53724,2,7.39,1.54,,
354064,P,2001-01-02,14891,4,18.63,6.01,,
354065,P,2000-05-21,47334,10,84.03,6.78,,
354066,P,2001-04-19,24145,2,75.13,4.67,,
354067,P,2002-03-03,45026,6,21.99,4.87,,
354068,P,2000-04-12,97780,5,42.16,0.44,,
354069,P,2001-12-12,42923,3,68.27,9.01,,
354070,P,2002-08-05,31973,1,66.17,3.43,,
354071,P,2002-07-09,60608,4,54.68,0.85,,
354072,P,2001-04-03,35192,10,78.73,4.97,,
354073,P,2001-01-03,64688,2,33.22,1.95,,
354074,P,2000-09-27,65860,3,96.79,4.13,,
354075,P,2002-02-07,5396,7,63.16,1.76,,
354076,P,2000-11-19,69456,9,53.48,4.89,,
354077,P,2001-02-14,94085,2,4.86,7.12,,
354078,P,2000-03-10,14030,6,92.39,1.49,,
354079,P,2001-03-14,93920,10,66.13,1.54,,
354080,P,2000-12-18,58949,10,44.73,0.18,,
354081,P,2001-02-18,12254,8,80.13,8.40,,
354082,P,2002-04-26,87591,8,26.94,7.13,,
354083,P,2000-09-09,71599,9,54.74,3.05,,
354084,P,2000-09-30,92723,2,95.93,1.72,,
354085,P,2001-11-11,28128,5,58.25,8.60,,
354086,P,2001-06-01,48694,7,40.02,4.44,,
354087,P,2002-01-28,60014,9,21.09,8.96,,
354088,P,2001-12-16,96613,2,69.82,6.62,,
354089,P,2001-07-26,30278,8,49.31,4.57,,
354090,P,2002-06-08,60069,4,80.32,9.27,,
354091,P,2000-06-26,57654,10,37.90,6.40,,
354092,P,2002-03-12,61069,5,82.35,5.15,,
354093,P,2002-02-17,26307,7,65.45,9.50,,
354094,P,2001-08-12,60966,8,60.98,0.77,,
354095,P,2002-06-01,88068,10,77.44,0.61,,
354096,P,2002-09-19,47466,2,11.57,6.60,,
354097,P,2001-04-12,94648,5,84.79,2.86,,
354098,P,2002-01-03,26936,5,71.85,6.01,,
354099,P,2000-11-26,43273,10,67.02,1.93,,
354100,P,2001-10-24,69550,5,59.31,3.71,,
354101,P,2002-02-08,53389,8,21.23,5.38,,
354102,P,2002-04-24,77569,10,25.68,1.21,,
354103,P,2000-04-17,37488,1,35.30,8.38,,
354104,P,2000-04-23,13365,4,96.09,7.40,,
354105,P,2001-01-07,6427,2,91.35,4.43,,
354106,P,2001-09-16,58012,2,76.05,7.97,,
354107,P,2000-03-13,24237,2,77.76,4.04,,
354108,P,2002-08-23,21664,3,47.37,6.67,,
354109,P,2000-11-28,63212,9,88.60,0.40,,
354110,P,2001-12-21,85278,2,91.51,3.25,,
354111,P,2002-08-30,18810,9,99.46,6.18,,
354112,P,2000-02-23,42914,1,97.55,5.93,,
354113,P,2000-08-08,93743,6,58.13,5.48,,
354114,P,2000-09-10,45906,6,1.54,1.32,,
354115,P,2001-12-17,50843,1,98.31,9.25,,
354116,P,2000-11-16,6851,1,35.66,0.25,,
354117,P,2000-10-18,25092,3,88.33,7.94,,
354118,P,2001-10-04,732,4,50.31,7.68,,
354119,P,2001-03-02,59866,10,10.54,7.63,,
354120,P,2001-12-27,26330,9,70.06,2.61,,
354121,P,2000-02-07,7733,6,94.38,9.26,,
354122,P,2002-08-03,95454,9,92.50,4.09,,
354123,P,2001-12-04,47812,3,94.46,6.41,,
354124,P,2000-03-29,10440,4,78.33,9.50,,
354125,P,2002-09-12,98592,7,43.61,6.11,,
354126,P,2002-06-09,62481,1,92.66,4.29,,
354127,P,2000-07-24,63831,7,17.41,7.43,,
354128,P,2001-04-29,81428,8,19.78,6.53,,
354129,P,2001-10-13,78133,7,94.81,5.48,,
354130,P,2002-04-13,35215,3,4.21,3.17,,
354131,P,2000-11-04,88245,7,92.72,6.90,,
354132,P,2001-03-18,51219,3,12.75,4.54,,
354133,P,2002-08-10,33216,8,43.27,7.15,,
354134,P,2001-03-12,11930,10,79.54,8.36,,
354135,P,2001-12-12,10678,5,56.13,3.42,,
354136,P,2000-09-24,15525,8,53.58,8.81,,
354137,P,2001-11-03,11792,10,67.74,8.18,,
354138,P,2002-06-13,84926,2,29.42,7.48,,
354139,P,2001-10-12,31844,7,36.42,3.14,,
354140,P,2000-07-12,54852,10,42.91,7.96,,
354141,P,2001-07-25,29431,7,91.53,3.99,,
354142,P,2000-10-04,32708,4,68.54,8.91,,
354143,P,2000-01-20,29564,5,24.51,3.16,,
354144,P,2001-04-25,46589,8,27.77,7.21,,
354145,P,2001-08-28,84592,9,9.25,7.30,,
354146,P,2002-07-16,59382,1,15.63,4.11,,
354147,P,2000-07-12,38835,9,34.42,3.10,,
354148,P,2002-04-03,96999,6,24.47,3.77,,
354149,P,2000-08-24,94071,3,9.83,2.92,,
354150,P,2000-08-20,92055,3,54.03,3.66,,
354151,P,2001-06-30,12411,4,79.01,4.76,,
354152,P,2001-09-08,82025,9,64.17,7.57,,
354153,P,2000-02-05,67187,9,35.14,0.41,,
354154,P,2002-05-13,49436,3,17.69,3.45,,
354155,P,2002-05-20,99134,9,41.01,3.32,,
354156,P,2001-12-21,61510,1,34.78,0.48,,
354157,P,2000-04-23,34205,5,24.91,5.45,,
354158,P,2001-06-09,71485,3,30.42,7.75,,
354159,P,2002-07-11,28917,1,48.64,8.17,,
354160,P,2002-01-04,22624,5,44.87,8.92,,
354161,P,2000-07-18,52804,6,49.18,2.60,,
354162,P,2000-11-06,96293,2,86.33,4.67,,
354163,P,2000-08-23,67111,8,59.86,7.83,,
354164,P,2001-09-12,85277,5,49.23,8.88,,
354165,P,2001-01-21,65862,7,66.56,2.57,,
354166,P,2002-04-02,80081,8,9.93,7.36,,
354167,P,2001-03-25,41259,1,76.38,6.50,,
354168,P,2001-02-25,74115,9,33.83,4.25,,
354169,P,2000-03-06,71281,8,89.48,0.43,,
354170,P,2001-04-01,94051,6,2.32,1.69,,
354171,P,2002-02-19,75564,10,91.14,8.04,,
354172,P,2001-04-08,89754,10,71.01,1.31,,
354173,P,2001-12-09,66901,6,87.51,9.69,,
354174,P,2002-02-15,7834,9,52.86,4.18,,
354175,P,2001-09-18,21305,2,64.13,2.92,,
354176,P,2002-03-27,2709,5,98.98,2.57,,
354177,P,2001-05-03,22611,6,9.02,5.20,,
354178,P,2000-07-13,1912,1,78.60,7.45,,
354179,P,2000-01-15,86564,8,46.97,1.18,,
354180,P,2001-06-06,68796,4,54.20,8.65,,
354181,P,2001-02-23,85201,10,43.78,2.80,,
354182,P,2001-05-12,94649,7,74.60,6.97,,
354183,P,2002-03-11,29122,7,60.47,3.74,,
354184,P,2002-04-29,87582,5,97.75,7.93,,
354185,P,2000-02-04,81414,10,50.89,8.68,,
354186,P,2000-12-28,47923,1,38.69,1.57,,
354187,P,2000-01-18,24244,1,46.43,7.49,,
354188,P,2000-01-23,8384,3,59.35,5.64,,
354189,P,2000-03-02,15463,5,33.22,1.00,,
354190,P,2002-03-25,48178,4,81.02,9.64,,
354191,P,2002-05-06,33536,6,79.92,9.36,,
354192,P,2000-04-13,62729,1,83.02,3.47,,
354193,P,2002-03-20,57054,4,37.16,6.25,,
354194,P,2001-10-30,38098,3,49.74,5.13,,
354195,P,2002-04-03,22792,8,12.19,9.00,,
354196,P,2000-12-24,89939,7,34.27,4.39,,
354197,P,2001-03-06,33053,4,21.37,7.48,,
354198,P,2002-02-25,38399,5,88.05,8.30,,
354199,P,2001-08-22,34825,9,18.25,3.20,,
354200,P,2000-03-20,72659,1,30.05,9.39,,
354201,P,2001-04-24,92027,1,11.68,9.49,,
354202,P,2001-01-10,50934,7,36.76,1.82,,
354203,P,2001-06-22,84868,6,82.46,8.76,,
354204,P,2001-11-29,40515,1,71.94,6.09,,
354205,P,2001-11-11,386,4,77.30,2.36,,
354206,P,2001-03-14,82729,3,24.02,3.96,,
354207,P,2000-07-15,61222,6,53.58,0.55,,
354208,P,2000-08-07,85909,4,63.58,3.80,,
354209,P,2002-06-08,366,6,11.55,9.27,,
354210,P,2002-04-12,44999,7,95.91,4.32,,
354211,P,2002-03-11,4876,10,34.93,9.94,,
354212,P,2001-03-29,35549,1,6.02,8.24,,
354213,P,2000-02-04,18759,10,0.01,0.09,,
354214,P,2002-05-11,33398,6,99.74,8.26,,
354215,P,2001-02-20,35115,2,84.49,0.91,,
354216,P,2001-06-23,73555,8,73.97,8.67,,
354217,P,2000-12-23,68056,5,14.36,4.09,,
354218,P,2000-02-29,15941,8,41.28,5.41,,
354219,P,2000-03-22,91481,9,36.65,3.87,,
354220,P,2000-09-01,60269,5,30.85,3.53,,
354221,P,2001-08-28,88162,4,10.96,5.74,,
354222,P,2001-01-02,48308,5,67.57,5.79,,
354223,P,2002-07-09,82402,6,31.99,2.21,,
354224,P,2002-03-05,75540,2,7.77,7.37,,
354225,P,2000-02-14,33603,3,59.11,4.61,,
354226,P,2001-07-27,55224,6,64.82,3.92,,
354227,P,2000-10-13,25504,7,97.37,3.26,,
354228,P,2001-04-21,4281,9,70.67,7.81,,
354229,P,2001-12-02,45172,5,30.47,5.19,,
354230,P,2001-03-02,33841,10,23.64,4.15,,
354231,P,2000-09-13,72345,2,8.82,5.50,,
354232,P,2002-09-24,62828,2,25.27,2.97,,
354233,P,2000-09-15,78449,5,36.73,3.12,,
354234,P,2000-08-28,53117,3,17.86,4.18,,
354235,P,2002-09-20,40631,10,2.96,6.32,,
354236,P,2000-12-31,37655,9,92.43,4.02,,
354237,P,2002-09-12,60769,4,40.84,0.10,,
354238,P,2001-12-11,15206,9,43.68,4.94,,
354239,P,2001-10-25,3122,3,74.23,7.62,,
354240,P,2000-05-14,87948,3,88.99,8.55,,
354241,P,2002-02-16,76708,10,56.75,5.16,,
354242,P,2002-01-21,16090,4,31.45,8.81,,
354243,P,2002-09-06,16656,8,98.47,5.46,,
354244,P,2000-08-17,58001,6,82.19,9.33,,
354245,P,2000-01-27,63227,1,54.55,7.95,,
354246,P,2001-06-15,84945,8,61.44,0.29,,
354247,P,2000-05-17,15722,8,0.46,0.39,,
354248,P,2000-12-29,64164,2,10.15,8.53,,
354249,P,2002-09-17,72151,2,54.40,0.27,,
354250,P,2002-09-23,7104,1,69.08,4.39,,
354251,P,2000-02-24,52208,3,49.61,4.72,,
354252,P,2002-09-15,36561,8,58.43,0.41,,
354253,P,2001-06-29,17087,1,32.54,4.71,,
354254,P,2001-01-30,3765,8,84.92,4.94,,
354255,P,2000-09-17,67838,3,61.83,8.89,,
354256,P,2000-12-22,14566,8,97.27,2.18,,
354257,P,2001-07-24,5829,10,49.24,7.72,,
354258,P,2001-09-08,70392,4,50.95,0.21,,
354259,P,2002-09-11,13892,6,34.72,6.25,,
354260,P,2002-01-31,65651,2,12.29,1.31,,
354261,P,2002-04-25,66900,3,83.35,9.00,,
354262,P,2000-06-11,9520,7,33.78,6.27,,
354263,P,2001-08-15,39850,8,95.41,5.62,,
354264,P,2000-06-27,37847,1,58.20,7.35,,
354265,P,2000-08-08,11209,6,75.75,4.93,,
354266,P,2001-01-18,75537,2,24.85,4.69,,
354267,P,2000-07-14,65998,6,73.97,7.41,,
354268,P,2001-07-15,37590,6,62.44,0.02,,
354269,P,2001-01-04,76406,3,64.07,8.20,,
354270,P,2001-08-15,15308,10,96.54,6.96,,
354271,P,2000-08-17,49454,2,10.42,6.20,,
354272,P,2001-01-04,73530,6,46.70,8.59,,
354273,P,2001-09-28,90756,9,26.76,9.85,,
354274,P,2001-06-27,45472,10,89.93,7.56,,
354275,P,2002-05-31,56254,2,57.92,7.75,,
354276,P,2001-12-14,88499,2,15.40,8.74,,
354277,P,2001-10-08,470,5,41.83,4.47,,
354278,P,2001-10-09,78462,10,26.68,7.48,,
354279,P,2000-02-22,43078,6,76.41,5.33,,
354280,P,2000-10-17,91837,7,7.24,2.01,,
354281,P,2000-01-19,2032,8,44.08,6.89,,
354282,P,2000-10-24,1218,5,71.42,4.94,,
354283,P,2001-07-15,39793,3,16.80,7.70,,
354284,P,2002-07-17,30536,4,52.73,5.53,,
354285,P,2002-03-24,10153,9,42.59,7.57,,
354286,P,2002-03-28,39767,1,73.94,4.60,,
354287,P,2001-03-07,19950,1,67.57,9.89,,
354288,P,2000-07-30,49933,8,35.73,0.09,,
354289,P,2000-12-14,33217,1,4.34,7.72,,
354290,P,2001-03-09,36995,1,52.39,2.24,,
354291,P,2000-04-30,72446,3,32.95,8.50,,
354292,P,2002-08-14,74661,8,41.52,9.52,,
354293,P,2001-05-15,2961,8,93.64,3.86,,
354294,P,2000-07-28,23209,1,61.76,8.59,,
354295,P,2001-08-03,73436,6,20.68,7.85,,
354296,P,2000-01-26,45493,6,55.69,4.12,,
354297,P,2000-12-03,14084,6,79.66,3.81,,
354298,P,2002-09-02,63987,8,16.12,8.56,,
354299,P,2000-01-19,56671,6,78.96,2.15,,
354300,P,2000-12-06,13379,10,40.55,2.95,,
354301,P,2000-11-20,63588,9,30.52,4.74,,
354302,P,2001-01-30,88603,7,56.92,8.64,,
354303,P,2001-07-10,32470,2,49.54,6.60,,
354304,P,2001-08-04,57293,7,97.32,9.00,,
354305,P,2000-11-19,90180,10,89.68,9.10,,
354306,P,2001-08-12,15783,9,85.56,5.95,,
354307,P,2000-03-12,38966,8,86.87,3.96,,
354308,P,2000-09-26,88669,5,79.50,3.58,,
354309,P,2000-01-15,93822,7,12.18,3.94,,
354310,P,2001-02-16,30098,6,45.51,4.53,,
354311,P,2001-06-02,12620,9,66.18,4.77,,
354312,P,2002-05-14,65588,9,30.99,2.41,,
354313,P,2002-03-25,2613,7,94.74,4.41,,
354314,P,2002-07-08,93797,1,28.53,3.53,,
354315,P,2001-03-08,75110,7,94.40,1.27,,
354316,P,2000-07-30,69079,4,77.67,4.01,,
354317,P,2001-04-07,30014,1,5.29,5.98,,
354318,P,2001-07-17,77193,5,4.46,8.95,,
354319,P,2002-01-08,64375,4,96.59,0.02,,
354320,P,2002-05-04,25556,7,17.12,1.24,,
354321,P,2002-08-02,20026,4,20.15,7.00,,
354322,P,2001-09-12,88252,3,79.82,4.89,,
354323,P,2001-06-25,87420,2,75.32,5.65,,
354324,P,2002-04-23,41335,5,67.89,9.97,,
354325,P,2001-10-31,39521,2,12.01,1.20,,
354326,P,2000-03-24,32145,6,0.99,4.61,,
354327,P,2001-01-26,21452,7,66.51,0.57,,
354328,P,2002-09-14,25714,9,14.88,3.23,,
354329,P,2001-12-16,57327,2,61.04,9.30,,
354330,P,2001-09-17,8271,7,72.00,0.01,,
354331,P,2002-01-23,7937,1,54.48,9.82,,
354332,P,2001-05-20,38238,3,18.07,9.28,,
354333,P,2001-07-15,15805,2,63.73,2.24,,
354334,P,2001-06-14,81522,3,7.57,3.09,,
354335,P,2000-04-19,76546,4,18.76,2.28,,
354336,P,2000-12-10,22542,2,41.09,5.20,,
354337,P,2001-12-19,88876,7,65.07,8.61,,
354338,P,2000-06-22,16685,6,36.69,9.40,,
354339,P,2001-09-03,72251,10,10.60,1.18,,
354340,P,2002-05-27,43748,10,10.11,8.71,,
354341,P,2000-09-30,97631,4,18.09,0.65,,
354342,P,2002-07-27,85888,2,67.57,9.40,,
354343,P,2000-12-07,17946,5,5.65,3.67,,
354344,P,2001-01-29,62015,5,21.71,6.94,,
354345,P,2000-01-06,44781,7,64.97,3.04,,
354346,P,2001-12-22,61031,10,65.82,1.43,,
354347,P,2000-10-10,1723,4,47.08,4.75,,
354348,P,2000-12-31,60979,4,76.03,5.36,,
354349,P,2002-02-12,33520,1,66.64,6.48,,
354350,P,2000-05-16,9555,3,86.14,7.72,,
354351,P,2002-07-17,89988,7,33.66,1.08,,
354352,P,2001-06-17,93120,2,1.58,6.45,,
354353,P,2001-08-13,53982,1,2.99,9.95,,
354354,P,2001-12-25,96569,9,26.72,7.88,,
354355,P,2002-03-06,92999,3,29.50,9.22,,
354356,P,2001-07-27,53579,8,33.02,4.30,,
354357,P,2000-02-12,91650,5,54.76,4.57,,
354358,P,2000-12-12,9765,1,8.84,6.26,,
354359,P,2001-10-31,33524,5,67.19,9.96,,
354360,P,2002-05-25,63185,10,91.92,4.17,,
354361,P,2002-09-20,76110,4,39.88,1.90,,
354362,P,2001-12-31,28401,6,22.84,5.80,,
354363,P,2000-08-15,99175,1,73.28,2.10,,
354364,P,2001-02-24,28901,2,44.54,3.72,,
354365,P,2002-09-14,16600,5,47.17,6.18,,
354366,P,2000-07-04,47904,2,53.62,9.12,,
354367,P,2001-10-20,22960,6,70.22,4.00,,
354368,P,2001-11-16,16309,2,81.07,0.25,,
354369,P,2001-04-24,85651,6,69.00,2.59,,
354370,P,2000-06-22,72760,3,24.71,9.62,,
354371,P,2001-10-31,48195,1,90.11,3.24,,
354372,P,2002-08-04,46193,5,68.57,5.84,,
354373,P,2001-06-25,94654,2,88.63,9.36,,
354374,P,2001-04-23,38043,5,82.25,1.32,,
354375,P,2002-08-12,3767,4,19.70,0.16,,
354376,P,2001-04-09,57790,2,14.27,5.93,,
354377,P,2000-04-18,27817,9,96.86,1.88,,
354378,P,2002-04-25,97890,1,68.61,7.08,,
354379,P,2000-12-31,56459,3,44.14,5.46,,
354380,P,2000-11-20,24419,10,7.62,3.96,,
354381,P,2001-09-05,42689,10,54.41,4.31,,
354382,P,2002-06-21,71505,10,2.01,7.03,,
354383,P,2000-08-03,23643,8,53.30,9.10,,
354384,P,2000-01-22,98309,2,69.62,4.98,,
354385,P,2001-12-31,28444,8,1.23,7.27,,
354386,P,2000-08-28,47649,2,15.75,1.90,,
354387,P,2001-12-01,45396,3,31.66,5.51,,
354388,P,2001-08-19,70188,6,60.98,4.87,,
354389,P,2000-09-16,13063,5,93.70,5.54,,
354390,P,2001-06-28,43052,5,60.66,5.36,,
354391,P,2000-06-09,4400,5,74.05,4.85,,
354392,P,2002-07-28,56836,1,63.91,6.60,,
354393,P,2002-05-25,84324,10,66.96,1.47,,
354394,P,2001-03-22,10204,1,86.22,5.85,,
354395,P,2000-12-12,28046,8,20.80,2.54,,
354396,P,2001-09-22,83836,1,35.19,6.40,,
354397,P,2001-05-26,44668,10,46.20,3.35,,
354398,P,2000-02-24,8167,2,63.45,7.27,,
354399,P,2002-05-18,62923,7,20.79,5.29,,
354400,P,2001-02-09,92298,3,89.05,3.42,,
354401,P,2000-12-09,95446,7,33.06,0.95,,
354402,P,2002-05-24,90275,1,33.62,8.45,,
354403,P,2000-09-12,97674,10,71.62,8.54,,
354404,P,2000-07-24,52123,2,39.51,9.74,,
354405,P,2000-09-15,88203,1,95.36,4.01,,
354406,P,2001-09-06,30753,9,55.25,6.42,,
354407,P,2002-02-08,30157,5,55.39,1.58,,
354408,P,2002-01-13,28654,7,60.80,8.69,,
354409,P,2001-10-02,22880,2,71.24,7.59,,
354410,P,2001-06-19,28488,9,33.80,6.20,,
354411,P,2000-10-18,46089,1,57.82,3.84,,
354412,P,2002-07-21,78225,3,94.54,5.88,,
354413,P,2001-11-09,95657,10,81.82,7.89,,
354414,P,2002-02-11,82155,5,36.59,3.03,,
354415,P,2000-06-09,92517,4,65.31,3.13,,
354416,P,2000-08-16,41682,3,0.63,7.61,,
354417,P,2002-06-24,27887,4,50.61,9.82,,
354418,P,2002-04-12,22144,10,23.34,4.21,,
354419,P,2002-04-03,28372,5,48.46,9.33,,
354420,P,2000-10-02,7650,5,24.94,4.19,,
354421,P,2002-06-08,440,6,66.56,2.19,,
354422,P,2000-03-19,79400,1,57.97,4.04,,
354423,P,2002-08-24,70878,3,92.49,2.13,,
354424,P,2002-06-01,1190,8,98.75,6.22,,
354425,P,2001-02-16,86130,5,56.29,6.51,,
354426,P,2001-10-08,37495,6,93.11,3.82,,
354427,P,2001-01-22,40165,10,60.92,1.52,,
354428,P,2002-08-27,55589,8,14.78,6.62,,
354429,P,2000-10-12,96693,3,53.89,0.80,,
354430,P,2000-08-28,18036,10,10.80,9.38,,
354431,P,2000-11-14,2234,5,85.67,2.65,,
354432,P,2001-07-19,57739,8,37.82,6.47,,
354433,P,2000-04-14,63410,3,48.12,2.45,,
354434,P,2002-05-13,69993,10,77.37,7.88,,
354435,P,2001-06-17,43728,6,88.44,9.00,,
354436,P,2000-10-10,38810,5,49.12,8.85,,
354437,P,2000-11-24,63032,5,85.79,5.88,,
354438,P,2001-10-18,35469,1,74.72,4.90,,
354439,P,2001-08-05,95006,8,67.76,3.65,,
354440,P,2000-03-14,55638,7,70.74,9.12,,
354441,P,2000-11-04,34652,5,48.62,0.26,,
354442,P,2001-03-28,48584,1,37.27,9.26,,
354443,P,2002-04-28,2404,6,79.76,1.63,,
354444,P,2000-04-01,4828,5,30.18,8.22,,
354445,P,2000-12-08,11398,1,78.95,8.64,,
354446,P,2001-03-06,63869,4,75.12,2.79,,
354447,P,2002-09-13,47977,4,83.51,8.09,,
354448,P,2002-01-24,69527,5,23.42,0.27,,
354449,P,2002-01-28,89548,3,11.85,4.93,,
354450,P,2001-05-26,63518,1,89.16,5.11,,
354451,P,2002-03-12,53839,7,83.01,1.78,,
354452,P,2000-02-13,33080,1,22.99,8.84,,
354453,P,2001-07-30,65545,9,94.89,6.33,,
354454,P,2001-07-09,47966,2,53.52,7.82,,
354455,P,2000-01-15,83037,9,64.32,8.27,,
354456,P,2001-09-06,60061,4,61.58,6.22,,
354457,P,2002-09-01,65771,3,51.86,0.87,,
354458,P,2000-11-25,88601,6,83.79,9.49,,
354459,P,2000-02-07,85134,8,40.08,9.72,,
354460,P,2001-03-10,32106,6,48.93,7.58,,
354461,P,2001-01-06,68752,2,0.70,4.90,,
354462,P,2001-10-28,25854,3,9.85,2.48,,
354463,P,2001-03-09,99234,7,75.56,1.32,,
354464,P,2001-11-02,56481,8,3.17,8.65,,
354465,P,2000-09-28,71109,4,43.09,6.73,,
354466,P,2002-09-03,52999,4,37.39,0.32,,
354467,P,2000-04-16,44961,3,24.86,6.41,,
354468,P,2001-04-16,37870,9,7.96,4.43,,
354469,P,2002-07-03,52730,6,29.37,7.10,,
354470,P,2001-09-16,51468,5,66.69,0.29,,
354471,P,2001-01-04,46419,5,27.24,2.29,,
354472,P,2001-10-10,48273,9,76.14,5.29,,
354473,P,2000-12-04,67918,4,72.78,6.61,,
354474,P,2000-07-22,8813,9,10.78,3.04,,
354475,P,2002-09-24,1413,9,87.91,5.38,,
354476,P,2001-08-30,25431,10,78.17,2.38,,
354477,P,2001-09-07,77183,6,26.22,2.91,,
354478,P,2000-01-21,36528,10,82.99,9.84,,
354479,P,2000-07-18,95772,8,59.90,2.45,,
354480,P,2000-11-28,494,7,36.84,2.24,,
354481,P,2001-09-02,75451,2,17.34,4.37,,
354482,P,2001-12-30,54536,7,97.37,7.49,,
354483,P,2001-08-06,42397,3,88.39,8.82,,
354484,P,2002-06-04,98869,2,76.81,0.48,,
354485,P,2000-03-26,73094,3,63.79,6.28,,
354486,P,2002-01-12,75273,6,94.99,9.96,,
354487,P,2000-07-26,82757,1,51.42,5.25,,
354488,P,2000-03-12,78023,3,85.18,8.52,,
354489,P,2002-03-13,70281,10,4.66,8.30,,
354490,P,2001-12-07,61281,8,77.30,0.97,,
354491,P,2001-12-04,17326,9,14.69,3.41,,
354492,P,2002-02-26,41666,10,59.92,6.14,,
354493,P,2002-03-10,59200,6,99.35,3.74,,
354494,P,2002-05-19,11049,8,66.80,5.26,,
354495,P,2000-05-18,1579,6,11.82,8.98,,
354496,P,2000-02-11,93309,9,84.52,6.71,,
354497,P,2000-12-02,65384,10,1.36,9.01,,
354498,P,2000-04-14,96912,2,80.43,9.25,,
354499,P,2000-07-29,33401,10,60.60,7.76,,
354500,P,2001-08-29,97772,5,9.10,7.34,,
354501,P,2000-07-05,98477,10,71.03,8.26,,
354502,P,2000-09-03,45550,2,98.13,1.66,,
354503,P,2000-03-01,53817,5,19.88,4.15,,
354504,P,2000-08-03,98168,10,17.28,8.13,,
354505,P,2000-03-09,90005,7,73.97,4.20,,
354506,P,2002-03-20,72426,2,41.40,6.85,,
354507,P,2000-04-02,31197,7,21.80,3.18,,
354508,P,2002-05-19,44305,10,6.61,9.95,,
354509,P,2000-11-13,47989,6,11.43,9.48,,
354510,P,2000-09-12,46169,8,48.72,6.41,,
354511,P,2000-07-25,44873,5,17.83,5.55,,
354512,P,2001-12-16,22903,6,6.40,7.00,,
354513,P,2000-02-17,92524,5,48.25,9.93,,
354514,P,2002-04-26,49577,3,28.78,8.98,,
354515,P,2001-12-04,95771,3,53.02,6.51,,
354516,P,2002-04-04,74666,10,33.12,4.11,,
354517,P,2002-07-19,55892,9,46.22,4.75,,
354518,P,2002-06-15,14099,10,46.39,0.42,,
354519,P,2000-03-24,30132,2,93.10,4.35,,
354520,P,2001-02-09,47362,2,28.79,2.72,,
354521,P,2000-11-21,75187,6,29.94,1.86,,
354522,P,2002-02-02,72457,1,92.68,8.22,,
354523,P,2002-07-22,54474,1,64.85,6.82,,
354524,P,2002-07-05,12852,10,41.32,8.17,,
354525,P,2000-12-31,62005,9,16.64,2.69,,
354526,P,2001-10-02,22842,1,68.09,1.34,,
354527,P,2001-02-03,43591,10,14.39,3.45,,
354528,P,2000-08-16,67896,5,86.03,0.81,,
354529,P,2001-09-22,1764,2,41.16,8.23,,
354530,P,2002-02-21,9156,3,70.72,0.29,,
354531,P,2002-06-20,27839,6,47.50,9.58,,
354532,P,2002-01-28,42935,10,70.42,4.83,,
354533,P,2002-01-31,16028,8,58.03,5.80,,
354534,P,2000-08-03,93620,5,36.34,2.93,,
354535,P,2001-05-12,51204,7,6.94,6.79,,
354536,P,2000-07-28,89317,9,97.49,7.65,,
354537,P,2000-09-16,32329,7,27.28,4.69,,
354538,P,2002-07-01,28403,6,75.68,9.06,,
354539,P,2001-09-22,489,5,16.70,6.08,,
354540,P,2001-11-09,90788,5,10.48,6.01,,
354541,P,2000-10-26,39879,5,38.68,1.77,,
354542,P,2000-07-27,55743,3,94.32,4.37,,
354543,P,2001-12-30,91972,2,84.69,1.71,,
354544,P,2000-04-09,44521,9,29.53,7.37,,
354545,P,2001-10-05,42292,9,32.61,6.23,,
354546,P,2002-07-14,85957,2,42.36,8.23,,
354547,P,2000-10-05,18362,1,68.04,4.77,,
354548,P,2000-02-15,58468,9,68.30,1.77,,
354549,P,2002-04-23,17842,3,71.78,4.22,,
354550,P,2001-02-22,50008,4,67.70,7.30,,
354551,P,2000-08-10,9710,2,54.12,4.98,,
354552,P,2000-07-02,17771,5,57.70,7.91,,
354553,P,2001-08-03,28753,4,65.95,6.03,,
354554,P,2000-08-07,11400,8,1.70,3.02,,
354555,P,2000-03-08,28857,7,66.48,0.07,,
354556,P,2001-03-30,26918,1,88.02,4.21,,
354557,P,2000-07-18,12026,5,44.53,8.55,,
354558,P,2000-08-06,57224,10,96.44,7.88,,
354559,P,2002-06-21,98193,9,43.02,0.69,,
354560,P,2001-06-11,41674,2,99.81,4.32,,
354561,P,2002-04-20,91514,4,42.86,1.03,,
354562,P,2001-07-30,22590,7,7.87,0.82,,
354563,P,2001-03-19,47888,6,14.59,2.97,,
354564,P,2001-05-31,68199,5,95.78,6.12,,
354565,P,2001-01-03,99501,2,15.05,3.99,,
354566,P,2000-05-01,53614,6,18.33,3.21,,
354567,P,2001-05-04,57971,3,5.07,3.48,,
354568,P,2001-02-22,78046,7,93.29,9.21,,
354569,P,2000-12-08,65236,9,46.09,9.53,,
354570,P,2002-04-25,64105,1,46.94,2.91,,
354571,P,2002-03-01,31574,9,45.41,6.02,,
354572,P,2001-11-29,15147,5,96.64,4.54,,
354573,P,2000-01-10,80091,4,95.55,9.08,,
354574,P,2000-10-08,74782,2,73.73,8.93,,
354575,P,2001-05-17,64561,10,59.10,3.35,,
354576,P,2002-07-15,76823,5,87.30,5.91,,
354577,P,2000-05-04,41694,4,15.68,0.24,,
354578,P,2000-11-26,58141,6,18.45,2.15,,
354579,P,2000-01-21,15320,4,56.12,5.69,,
354580,P,2002-04-12,33192,10,58.14,9.57,,
354581,P,2000-10-12,65980,4,93.41,3.66,,
354582,P,2002-09-04,76774,9,38.68,2.34,,
354583,P,2002-08-08,89021,9,35.92,5.22,,
354584,P,2001-02-01,57522,6,28.98,6.69,,
354585,P,2002-02-20,51223,7,6.69,5.70,,
354586,P,2000-10-20,94798,10,85.85,9.48,,
354587,P,2001-05-18,34733,4,47.88,5.44,,
354588,P,2001-04-13,24661,1,49.99,4.14,,
354589,P,2000-09-29,95399,7,7.26,7.43,,
354590,P,2000-07-17,35247,10,62.88,1.88,,
354591,P,2001-10-23,52007,4,6.57,3.86,,
354592,P,2001-12-27,96258,2,28.90,3.42,,
354593,P,2001-10-12,21165,4,75.40,4.60,,
354594,P,2001-02-17,96973,7,55.09,4.35,,
354595,P,2001-04-25,38941,10,40.53,8.85,,
354596,P,2002-07-26,5090,2,4.23,7.23,,
354597,P,2001-08-09,53486,7,25.99,2.65,,
354598,P,2000-07-21,85943,2,1.29,6.54,,
354599,P,2002-05-18,25506,2,23.41,7.44,,
354600,P,2002-04-18,97968,4,44.49,4.06,,
354601,P,2001-12-02,71499,6,91.63,6.95,,
354602,P,2000-04-27,54226,4,42.65,0.83,,
354603,P,2002-08-18,74540,2,24.62,4.27,,
354604,P,2002-07-12,65120,8,87.05,5.52,,
354605,P,2002-09-26,82477,2,30.31,1.53,,
354606,P,2001-08-02,40274,7,88.01,8.34,,
354607,P,2000-01-14,98042,4,6.02,3.66,,
354608,P,2001-07-06,22119,1,2.66,9.72,,
354609,P,2001-01-31,26769,10,13.60,7.77,,
354610,P,2001-11-28,80612,4,96.15,6.42,,
354611,P,2001-12-12,51092,4,66.37,2.79,,
354612,P,2000-08-30,10054,2,88.07,0.06,,
354613,P,2002-02-12,95575,10,71.51,9.97,,
354614,P,2001-07-08,15033,5,0.75,9.72,,
354615,P,2000-10-31,89068,7,79.16,4.11,,
354616,P,2002-08-14,25222,1,57.77,0.60,,
354617,P,2001-02-19,87343,1,49.53,8.11,,
354618,P,2001-02-13,3479,9,5.21,3.78,,
354619,P,2000-11-27,76713,8,80.36,7.09,,
354620,P,2001-02-06,42835,4,86.60,8.65,,
354621,P,2002-05-06,12676,4,42.95,0.64,,
354622,P,2001-06-07,77823,10,88.29,3.53,,
354623,P,2000-04-19,57280,2,54.48,9.14,,
354624,P,2002-06-24,6182,10,91.61,4.44,,
354625,P,2001-06-20,17713,9,27.74,4.85,,
354626,P,2002-01-13,30282,5,11.45,1.54,,
354627,P,2000-11-26,10269,6,31.17,4.76,,
354628,P,2000-02-09,94970,10,82.73,6.58,,
354629,P,2001-03-20,63535,10,45.17,2.12,,
354630,P,2002-08-23,40605,3,92.30,9.78,,
354631,P,2000-11-03,23001,9,98.88,2.18,,
354632,P,2000-08-21,10704,4,16.58,1.99,,
354633,P,2000-04-12,97149,7,45.14,9.89,,
354634,P,2000-05-12,12321,9,20.70,3.91,,
354635,P,2001-11-30,8192,9,87.96,7.22,,
354636,P,2002-02-05,30551,3,60.03,1.07,,
354637,P,2002-04-26,66784,9,57.69,6.53,,
354638,P,2001-06-19,80353,4,10.66,0.71,,
354639,P,2000-08-10,55533,9,96.96,3.49,,
354640,P,2000-12-22,71251,9,15.24,6.48,,
354641,P,2002-06-10,86435,2,32.23,1.31,,
354642,P,2002-05-23,40248,9,92.57,8.27,,
354643,P,2002-06-16,34568,9,61.40,7.45,,
354644,P,2001-11-11,67870,7,29.77,5.12,,
354645,P,2001-04-01,82838,3,42.26,8.51,,
354646,P,2002-01-21,96392,10,16.43,2.20,,
354647,P,2000-07-28,28799,8,22.28,6.28,,
354648,P,2002-01-07,30495,8,94.70,8.36,,
354649,P,2001-01-14,20486,4,16.87,7.57,,
354650,P,2001-12-24,16795,9,40.08,5.83,,
354651,P,2001-01-10,88946,1,83.04,4.75,,
354652,P,2002-04-10,80897,4,10.26,9.18,,
354653,P,2002-08-03,15364,9,62.62,2.10,,
354654,P,2000-10-31,37718,9,72.38,6.34,,
354655,P,2001-04-25,71779,1,35.99,6.30,,
354656,P,2001-12-21,92114,1,47.45,5.39,,
354657,P,2000-02-01,8359,6,64.15,3.22,,
354658,P,2000-12-24,12707,5,94.82,8.59,,
354659,P,2001-01-08,9355,5,95.92,5.11,,
354660,P,2001-10-16,60477,6,7.33,2.78,,
354661,P,2001-06-06,14213,8,67.38,5.62,,
354662,P,2000-09-28,44694,8,91.50,4.48,,
354663,P,2000-04-13,13418,5,35.05,5.83,,
354664,P,2000-02-29,99890,7,45.22,2.17,,
354665,P,2001-02-15,98598,1,15.93,1.73,,
354666,P,2000-01-16,70349,7,56.95,7.03,,
