412989,P,2002-04-08,36946,5,94.23,2.73,,
412990,P,2002-03-29,72846,4,61.79,2.06,,
412991,P,2001-02-02,8136,10,21.76,4.31,,
412992,P,2001-07-30,30470,4,11.02,9.48,,
412993,P,2000-12-04,77971,7,18.24,1.53,,
412994,P,2000-10-31,9270,8,96.63,4.16,,
412995,P,2000-07-02,78806,3,81.14,3.03,,
412996,P,2000-10-13,86067,6,37.21,5.71,,
412997,P,2002-05-28,96101,5,90.11,0.70,,
412998,P,2002-02-15,48229,5,4.76,5.34,,
412999,P,2002-03-03,6488,4,84.88,0.88,,
413000,P,2001-06-19,87759,9,65.80,6.94,,
413001,P,2000-02-08,54664,7,31.06,1.49,,
413002,P,2002-03-29,66109,5,31.84,3.63,,
413003,P,2000-10-31,39364,6,3.79,3.93,,
413004,P,2001-07-18,61778,1,1.06,9.18,,
413005,P,2001-07-01,98099,10,90.59,7.10,,
413006,P,2000-11-10,56895,1,76.12,6.77,,
413007,P,2002-06-22,9720,2,20.49,1.37,,
413008,P,2000-07-18,81585,4,77.73,0.62,,
413009,P,2002-02-06,32255,9,15.82,4.04,,
413010,P,2002-03-29,60901,1,71.37,2.51,,
413011,P,2002-09-02,576,6,18.70,7.40,,
413012,P,2001-08-31,2225,3,1.67,6.31,,
413013,P,2001-12-06,16253,3,3.87,7.15,,
413014,P,2002-03-03,92851,9,82.42,8.06,,
413015,P,2000-05-19,32709,1,28.38,2.28,,
413016,P,2002-06-21,11575,8,78.31,0.71,,
413017,P,2001-12-23,28591,1,61.66,3.45,,
413018,P,2002-08-22,2523,7,75.04,3.93,,
413019,P,2001-05-05,5378,9,92.76,5.90,,
413020,P,2001-12-23,64524,10,11.30,7.15,,
413021,P,2001-11-18,86656,6,48.61,1.38,,
413022,P,2001-02-09,92705,3,25.78,5.50,,
413023,P,2000-03-24,73973,1,78.92,2.35,,
413024,P,2000-11-05,69901,5,1.11,6.31,,
413025,P,2000-01-12,44186,6,24.15,8.29,,
413026,P,2001-02-27,45773,2,18.48,9.95,,
413027,P,2001-08-19,61692,8,4.92,0.68,,
413028,P,2000-11-07,49749,2,47.33,5.86,,
413029,P,2000-06-05,56190,2,51.08,6.93,,
413030,P,2001-06-15,67364,7,29.06,6.50,,
413031,P,2002-02-18,20986,8,48.21,5.63,,
413032,P,2001-11-21,10355,4,94.76,8.35,,
413033,P,2001-02-06,5479,2,96.04,4.60,,
413034,P,2002-06-05,53615,4,36.44,4.14,,
413035,P,2002-05-20,42247,6,66.17,5.48,,
413036,P,2002-05-16,39774,10,32.62,3.90,,
413037,P,2000-12-25,3880,9,40.35,1.60,,
413038,P,2001-02-27,78900,3,87.97,9.61,,
413039,P,2002-05-11,9089,10,39.00,7.46,,
413040,P,2001-05-02,23124,10,77.84,5.99,,
413041,P,2000-04-03,54675,2,78.40,8.88,,
413042,P,2002-08-04,37694,3,87.62,1.57,,
413043,P,2000-01-24,27245,3,3.32,5.86,,
413044,P,2000-01-06,28434,10,24.49,3.45,,
413045,P,2001-06-19,67403,10,68.96,8.48,,
413046,P,2001-05-30,11727,4,41.72,7.42,,
413047,P,2001-02-06,62618,8,68.74,9.32,,
413048,P,2001-05-04,68254,5,50.96,5.65,,
413049,P,2000-11-29,96789,3,19.71,0.00,,
413050,P,2001-10-07,39469,1,84.01,0.43,,
413051,P,2001-06-09,52310,10,8.45,3.14,,
413052,P,2000-04-29,96794,1,81.59,5.96,,
413053,P,2001-01-15,60738,2,3.60,8.84,,
413054,P,2001-04-21,28814,8,87.75,3.14,,
413055,P,2002-01-17,47489,4,1.42,8.43,,
413056,P,2001-04-11,43972,6,64.55,5.24,,
413057,P,2000-08-19,19224,2,72.71,5.20,,
413058,P,2000-02-13,52069,2,81.44,4.47,,
413059,P,2000-11-11,98294,7,4.93,3.41,,
413060,P,2000-07-27,23719,3,95.25,8.99,,
413061,P,2000-03-28,97775,4,25.72,4.09,,
413062,P,2000-01-26,11120,9,52.03,4.97,,
413063,P,2002-01-15,86983,4,90.57,5.62,,
413064,P,2001-07-15,57940,8,55.63,8.26,,
413065,P,2002-08-19,88075,7,88.92,2.84,,
413066,P,2002-02-09,14096,1,2.07,6.75,,
413067,P,2001-11-27,23020,10,37.81,4.39,,
413068,P,2001-01-22,53792,7,86.60,1.82,,
413069,P,2000-04-12,26808,5,58.84,9.67,,
413070,P,2002-02-04,34795,10,54.71,4.07,,
413071,P,2001-03-27,41485,8,55.06,7.44,,
413072,P,2001-09-27,14256,3,57.07,1.80,,
413073,P,2002-01-06,67464,7,7.96,0.07,,
413074,P,2001-11-29,22028,6,57.51,5.57,,
413075,P,2002-04-30,52069,9,11.43,4.98,,
413076,P,2001-02-16,45835,5,85.99,1.41,,
413077,P,2001-03-21,33547,1,19.32,4.03,,
413078,P,2000-09-29,37185,8,52.86,6.47,,
413079,P,2001-12-14,65992,1,69.88,8.42,,
413080,P,2001-04-25,47977,7,71.80,0.92,,
413081,P,2000-08-08,67791,8,84.73,4.42,,
413082,P,2001-06-15,11037,5,48.30,3.36,,
413083,P,2002-01-10,4338,1,8.70,7.96,,
413084,P,2000-12-12,88211,6,90.45,9.92,,
413085,P,2002-03-03,57625,7,67.79,0.62,,
413086,P,2001-11-26,4941,3,8.70,1.07,,
413087,P,2000-04-11,63932,4,50.37,6.55,,
413088,P,2000-05-09,10233,6,0.77,7.57,,
413089,P,2000-08-15,59883,4,61.26,3.17,,
413090,P,2000-01-04,9782,1,10.93,5.62,,
413091,P,2000-08-10,77453,4,24.51,9.76,,
413092,P,2000-07-18,31056,1,59.33,9.99,,
413093,P,2002-05-26,57774,6,46.56,2.61,,
413094,P,2001-12-04,67663,4,0.26,1.75,,
413095,P,2002-04-27,22743,3,92.51,7.74,,
413096,P,2002-01-28,57327,9,65.95,8.22,,
413097,P,2000-08-16,4499,4,77.21,3.70,,
413098,P,2001-07-04,70047,7,73.18,1.65,,
413099,P,2000-01-03,41771,7,17.92,1.35,,
413100,P,2000-10-29,81198,9,42.33,9.64,,
413101,P,2000-06-12,73856,7,82.08,6.18,,
413102,P,2000-09-18,83554,4,25.86,8.96,,
413103,P,2000-05-05,50037,7,35.56,4.12,,
413104,P,2000-01-10,25941,9,60.75,7.90,,
413105,P,2001-03-07,64932,8,71.59,5.68,,
413106,P,2000-01-01,73998,6,17.24,4.52,,
413107,P,2001-05-04,41533,6,25.59,9.00,,
413108,P,2000-11-10,10823,1,91.54,4.53,,
413109,P,2000-12-05,5027,6,97.88,2.63,,
413110,P,2001-12-07,67608,10,66.84,2.10,,
413111,P,2000-02-21,98402,1,85.79,4.65,,
413112,P,2000-08-29,44163,1,10.36,8.33,,
413113,P,2000-11-16,28797,2,20.01,6.57,,
413114,P,2000-07-27,12474,10,1.06,0.39,,
413115,P,2000-09-28,7046,10,18.62,7.77,,
413116,P,2000-02-21,24222,1,89.74,2.30,,
413117,P,2001-03-04,10115,1,35.85,4.30,,
413118,P,2002-01-18,93374,4,43.83,4.44,,
413119,P,2000-01-20,56192,5,65.43,7.29,,
413120,P,2000-08-24,57994,2,60.78,4.30,,
413121,P,2001-11-08,97215,5,43.48,5.37,,
413122,P,2001-03-03,78506,6,79.31,4.35,,
413123,P,2002-09-12,35540,7,86.38,0.62,,
413124,P,2002-04-24,62907,5,40.56,5.78,,
413125,P,2002-09-04,10027,10,69.09,4.71,,
413126,P,2000-07-13,60875,5,92.05,7.20,,
413127,P,2001-07-11,76598,10,57.47,4.83,,
413128,P,2001-01-11,47057,6,45.45,6.98,,
413129,P,2001-12-08,26286,3,6.77,3.26,,
413130,P,2000-12-29,10525,3,52.21,3.96,,
413131,P,2001-10-14,8045,8,2.22,1.68,,
413132,P,2001-02-16,90850,3,98.31,5.27,,
413133,P,2000-06-15,96749,4,70.75,6.65,,
413134,P,2000-04-16,67734,3,86.36,1.53,,
413135,P,2001-06-23,49811,3,37.98,3.42,,
413136,P,2001-08-30,21773,8,76.47,2.44,,
413137,P,2000-09-29,34597,2,32.68,7.18,,
413138,P,2000-02-29,99643,8,39.16,2.96,,
413139,P,2000-05-23,69534,2,25.04,3.37,,
413140,P,2000-08-05,56908,8,14.86,6.42,,
413141,P,2000-01-22,16640,7,2.64,8.65,,
413142,P,2000-07-24,77102,2,20.60,1.64,,
413143,P,2001-06-30,92347,1,49.19,3.83,,
413144,P,2000-03-04,55680,9,31.28,9.38,,
413145,P,2000-12-31,89455,6,92.90,3.23,,
413146,P,2001-12-18,42931,1,35.89,5.65,,
413147,P,2000-04-10,11198,9,23.03,3.22,,
413148,P,2000-09-03,51640,6,60.21,0.98,,
413149,P,2001-02-12,37797,7,23.07,6.57,,
413150,P,2002-01-30,667,6,34.30,7.67,,
413151,P,2002-07-03,87405,6,43.24,6.20,,
413152,P,2002-05-10,15571,9,11.30,3.99,,
413153,P,2000-10-18,32503,1,61.04,1.33,,
413154,P,2001-05-26,68316,6,99.55,5.16,,
413155,P,2000-12-04,89936,1,8.52,6.93,,
413156,P,2000-06-21,61397,2,3.62,6.37,,
413157,P,2002-05-07,98448,4,44.26,1.64,,
413158,P,2001-03-08,66286,9,70.11,6.49,,
413159,P,2000-05-13,54194,9,37.70,4.94,,
413160,P,2002-09-08,68408,1,1.39,0.86,,
413161,P,2002-02-19,29206,9,52.53,8.70,,
413162,P,2000-11-03,16707,6,13.67,7.77,,
413163,P,2001-09-25,75468,1,70.90,3.87,,
413164,P,2001-10-22,23828,5,5.62,0.18,,
413165,P,2001-05-11,26985,1,4.72,7.69,,
413166,P,2000-10-21,5938,9,34.97,1.04,,
413167,P,2000-01-26,1791,4,84.44,6.82,,
413168,P,2000-02-06,33213,7,3.25,9.98,,
413169,P,2001-12-21,29593,10,63.72,7.11,,
413170,P,2000-10-29,44404,6,68.71,5.34,,
413171,P,2002-03-18,32550,6,90.10,6.41,,
413172,P,2001-09-08,93649,6,0.01,2.26,,
413173,P,2000-02-10,4191,2,59.50,3.27,,
413174,P,2001-11-20,78226,6,63.82,5.36,,
413175,P,2002-05-17,74278,8,11.30,8.24,,
413176,P,2000-07-23,4802,2,46.43,6.93,,
413177,P,2001-05-13,566,5,1.64,3.31,,
413178,P,2002-05-30,83623,9,35.63,9.81,,
413179,P,2000-08-03,47965,7,70.51,1.76,,
413180,P,2002-05-02,4310,2,30.81,4.21,,
413181,P,2001-03-21,16007,4,74.03,9.78,,
413182,P,2001-05-04,56592,1,48.47,7.66,,
413183,P,2000-05-10,39273,5,23.83,4.44,,
413184,P,2002-02-03,40440,2,47.71,7.92,,
413185,P,2000-01-04,18245,5,30.57,3.68,,
413186,P,2001-08-25,71968,9,68.12,5.22,,
413187,P,2001-06-21,54200,4,68.01,5.51,,
413188,P,2001-12-13,98671,6,15.47,6.71,,
413189,P,2001-03-08,98740,6,48.91,0.51,,
413190,P,2000-09-05,67173,3,9.85,1.34,,
413191,P,2001-12-21,42547,7,54.17,0.52,,
413192,P,2000-04-10,57998,4,67.13,0.61,,
413193,P,2000-06-01,25657,4,72.48,1.16,,
413194,P,2000-08-27,8410,3,30.88,2.45,,
413195,P,2002-05-02,31330,5,44.70,8.96,,
413196,P,2000-12-10,23055,4,29.56,2.61,,
413197,P,2001-12-11,22181,2,45.59,9.43,,
413198,P,2000-04-07,9168,10,75.81,0.65,,
413199,P,2001-04-04,55533,3,86.08,3.90,,
413200,P,2000-12-24,27121,2,30.39,2.71,,
413201,P,2002-04-01,43057,5,16.80,7.66,,
413202,P,2000-07-01,2008,8,16.20,3.49,,
413203,P,2001-12-15,9926,9,68.40,4.11,,
413204,P,2000-12-23,89457,10,40.76,1.17,,
413205,P,2000-01-28,68486,4,17.76,1.18,,
413206,P,2000-04-19,63946,10,74.48,6.02,,
413207,P,2000-06-30,70959,9,57.47,7.59,,
413208,P,2001-08-30,22433,8,53.97,9.71,,
413209,P,2001-01-18,72889,6,14.52,2.39,,
413210,P,2001-04-17,86951,10,94.70,6.01,,
413211,P,2001-02-08,88255,5,92.57,2.88,,
413212,P,2001-10-17,66963,5,34.42,4.53,,
413213,P,2000-01-04,22007,2,7.55,5.54,,
413214,P,2001-05-05,83598,4,43.03,8.15,,
413215,P,2000-04-15,46512,3,68.66,8.14,,
413216,P,2001-03-19,25830,2,59.96,0.47,,
413217,P,2001-12-23,4545,7,88.38,7.32,,
413218,P,2001-08-13,8530,1,82.64,9.64,,
413219,P,2000-02-14,97670,5,27.66,8.77,,
413220,P,2001-12-27,43210,3,79.99,3.74,,
413221,P,2001-06-08,31220,4,68.17,1.44,,
413222,P,2002-06-27,21256,6,15.95,3.55,,
413223,P,2001-07-13,54302,5,49.51,1.59,,
413224,P,2001-08-09,12867,2,33.77,5.02,,
413225,P,2002-09-04,62452,4,64.91,1.20,,
413226,P,2000-12-21,33597,8,7.80,8.79,,
413227,P,2000-07-22,43133,5,74.59,1.34,,
413228,P,2001-02-19,75421,2,10.06,2.87,,
413229,P,2002-03-05,4103,7,39.18,4.28,,
413230,P,2001-10-28,4045,6,82.13,4.36,,
413231,P,2002-05-05,5221,8,67.13,9.02,,
413232,P,2001-12-12,64180,4,45.92,1.41,,
413233,P,2000-03-04,93081,5,59.96,0.50,,
413234,P,2000-12-16,6699,6,72.58,8.81,,
413235,P,2001-12-24,44972,10,7.36,4.16,,
413236,P,2001-12-30,77390,6,4.85,6.07,,
413237,P,2000-01-10,59430,9,83.64,6.91,,
413238,P,2000-06-27,97437,8,20.98,9.40,,
413239,P,2001-04-03,67417,4,90.89,2.32,,
413240,P,2000-10-18,97207,1,33.82,0.32,,
413241,P,2001-07-11,59378,5,79.68,6.11,,
413242,P,2001-01-26,75193,3,38.88,2.38,,
413243,P,2000-11-16,11055,7,47.49,1.88,,
413244,P,2001-11-25,27232,9,8.54,6.01,,
413245,P,2001-07-21,43767,3,65.41,4.42,,
413246,P,2002-05-09,81411,10,27.68,6.98,,
413247,P,2000-06-11,75299,3,11.74,2.61,,
413248,P,2000-01-27,12256,10,50.42,8.68,,
413249,P,2000-12-07,68692,1,73.89,2.99,,
413250,P,2002-05-18,46578,6,79.28,3.58,,
413251,P,2002-03-09,82678,9,96.08,4.23,,
413252,P,2000-06-15,10054,6,46.31,9.10,,
413253,P,2000-09-03,36344,10,48.86,5.96,,
413254,P,2000-01-29,38440,3,72.27,4.44,,
413255,P,2001-10-01,99723,10,39.73,3.43,,
413256,P,2001-09-18,51654,3,91.03,4.75,,
413257,P,2000-08-25,84790,5,46.34,8.05,,
413258,P,2002-04-05,36362,4,10.72,1.42,,
413259,P,2002-06-16,61820,10,84.13,6.27,,
413260,P,2000-05-02,58077,6,20.37,8.72,,
413261,P,2001-12-30,45754,5,13.47,6.66,,
413262,P,2000-02-17,33649,2,29.90,2.85,,
413263,P,2000-01-14,57792,6,47.02,6.10,,
413264,P,2000-12-01,87984,5,23.36,5.72,,
413265,P,2001-06-14,42259,8,3.19,8.24,,
413266,P,2002-07-10,61178,5,68.80,5.14,,
413267,P,2002-08-19,99696,4,95.29,7.48,,
413268,P,2001-03-30,27198,9,51.19,4.86,,
413269,P,2000-01-08,59079,7,72.64,4.48,,
413270,P,2001-09-06,30683,7,82.69,8.29,,
413271,P,2000-01-03,78676,9,75.42,9.86,,
413272,P,2000-01-27,68509,1,17.54,9.46,,
413273,P,2000-01-06,93855,3,15.40,9.87,,
413274,P,2001-10-31,82325,7,29.87,6.31,,
413275,P,2001-03-28,81381,2,68.52,7.95,,
413276,P,2001-07-17,94762,10,16.01,5.00,,
413277,P,2002-04-09,8032,4,48.41,3.74,,
413278,P,2002-01-14,87014,1,83.96,1.94,,
413279,P,2002-09-03,98947,10,26.93,5.42,,
413280,P,2000-09-13,98495,1,17.77,6.38,,
413281,P,2001-11-06,74742,6,55.68,4.13,,
413282,P,2002-02-22,30847,5,45.71,0.02,,
413283,P,2001-07-25,15666,4,41.45,6.63,,
413284,P,2000-06-19,97200,4,8.81,8.30,,
413285,P,2002-01-11,6777,3,59.05,5.90,,
413286,P,2001-03-03,37815,3,33.92,6.33,,
413287,P,2000-06-04,91598,6,99.18,1.30,,
413288,P,2000-05-15,42193,8,3.05,5.53,,
413289,P,2002-08-30,40654,6,16.12,9.93,,
413290,P,2000-09-24,23585,10,50.16,2.44,,
413291,P,2000-01-24,41013,1,51.86,0.69,,
413292,P,2000-04-30,85177,5,91.83,4.19,,
413293,P,2001-10-12,91912,5,18.65,8.84,,
413294,P,2000-08-28,67637,4,64.78,4.26,,
413295,P,2002-04-05,93503,5,40.02,8.59,,
413296,P,2000-05-19,41367,9,43.83,2.24,,
413297,P,2001-10-23,16514,2,11.62,3.12,,
413298,P,2001-09-30,36708,9,58.22,6.95,,
413299,P,2000-08-08,7048,10,35.00,2.96,,
413300,P,2002-04-02,51408,7,74.44,7.63,,
413301,P,2000-03-05,91694,4,42.91,2.25,,
413302,P,2002-08-15,86869,6,81.25,9.73,,
413303,P,2001-03-06,9796,6,98.73,8.35,,
413304,P,2000-06-28,60127,10,61.24,5.13,,
413305,P,2002-04-23,51854,10,89.90,5.93,,
413306,P,2002-01-25,31701,4,23.43,5.84,,
413307,P,2000-03-23,40333,5,79.70,9.44,,
413308,P,2001-03-11,8589,8,83.95,6.59,,
413309,P,2001-07-03,5262,4,9.50,2.29,,
413310,P,2002-02-26,27184,7,87.29,0.83,,
413311,P,2002-01-25,88915,10,2.60,4.58,,
413312,P,2000-05-13,5658,4,90.11,5.81,,
413313,P,2000-12-17,12287,9,1.72,9.66,,
413314,P,2001-08-28,19104,3,24.96,8.55,,
413315,P,2000-08-19,23336,7,52.53,4.83,,
413316,P,2001-07-12,64766,5,64.25,1.43,,
413317,P,2000-10-11,90470,9,25.41,7.86,,
413318,P,2002-05-27,36680,3,7.29,6.11,,
413319,P,2000-10-15,68912,6,40.69,3.18,,
413320,P,2002-05-20,27628,4,39.45,2.30,,
413321,P,2000-09-03,36080,8,81.91,2.60,,
413322,P,2002-04-26,50898,9,64.28,3.01,,
413323,P,2000-08-12,6450,7,22.07,3.98,,
413324,P,2000-05-04,20741,2,19.12,0.84,,
413325,P,2000-03-30,9298,8,70.67,1.49,,
413326,P,2001-08-24,33464,7,58.19,7.51,,
413327,P,2002-04-30,61260,4,65.23,1.88,,
413328,P,2000-05-10,79656,1,51.82,3.92,,
413329,P,2001-12-06,54551,4,86.82,8.19,,
413330,P,2000-01-31,51398,8,66.18,5.58,,
413331,P,2001-03-22,95725,2,33.30,0.53,,
413332,P,2002-02-08,44317,1,39.43,5.48,,
413333,P,2001-10-18,21782,4,70.61,4.81,,
413334,P,2000-10-21,18686,7,12.64,1.34,,
413335,P,2002-04-28,10873,8,10.42,7.28,,
413336,P,2001-05-15,70665,5,88.01,0.64,,
413337,P,2001-05-04,65827,7,56.67,2.27,,
413338,P,2002-03-05,17314,1,39.28,0.49,,
413339,P,2001-05-06,67041,5,78.39,6.60,,
413340,P,2000-02-23,6389,1,62.03,7.49,,
413341,P,2000-02-14,69592,7,93.84,9.63,,
413342,P,2002-01-12,54630,9,21.55,9.10,,
413343,P,2001-02-02,238,9,88.02,1.23,,
413344,P,2001-05-23,89545,8,6.66,4.90,,
413345,P,2000-01-26,5710,8,18.35,2.58,,
413346,P,2001-07-21,79594,5,66.57,5.59,,
413347,P,2000-08-18,63718,2,26.73,3.48,,
413348,P,2001-05-26,76356,5,93.36,5.76,,
413349,P,2001-02-04,60796,8,0.61,8.78,,
413350,P,2002-07-03,47246,2,94.91,8.42,,
413351,P,2000-01-26,91166,6,53.06,3.77,,
413352,P,2000-04-15,35353,1,83.67,3.15,,
413353,P,2001-03-29,80333,1,75.14,7.62,,
413354,P,2002-09-16,87864,8,38.32,0.77,,
413355,P,2000-08-21,69018,2,5.87,5.47,,
413356,P,2000-07-06,98793,6,58.80,1.72,,
413357,P,2000-07-19,34606,3,68.27,3.29,,
413358,P,2001-08-13,75650,10,48.04,3.06,,
413359,P,2001-05-21,87157,1,60.36,8.10,,
413360,P,2002-05-02,27229,4,56.32,6.82,,
413361,P,2001-07-09,78267,1,46.66,0.42,,
413362,P,2001-12-01,71011,8,38.47,0.08,,
413363,P,2001-06-24,76583,3,24.00,9.06,,
413364,P,2001-06-01,85150,10,80.64,3.13,,
413365,P,2000-02-11,72703,8,51.25,6.30,,
413366,P,2000-12-26,17710,6,14.90,9.81,,
413367,P,2002-01-08,17437,5,68.97,0.94,,
413368,P,2002-02-05,48769,3,40.25,8.69,,
413369,P,2000-04-22,46578,3,67.30,7.98,,
413370,P,2000-03-30,34329,2,46.88,4.44,,
413371,P,2001-05-16,19527,2,92.39,3.07,,
413372,P,2001-09-15,88297,7,92.44,5.35,,
413373,P,2000-07-20,10868,1,31.05,6.50,,
413374,P,2001-05-29,65810,3,49.06,9.18,,
413375,P,2002-09-09,51792,10,76.41,5.75,,
413376,P,2002-01-29,16471,3,12.26,5.21,,
413377,P,2001-09-22,30499,4,50.46,3.84,,
413378,P,2000-01-02,6999,5,5.04,5.67,,
413379,P,2002-09-22,92877,1,61.14,2.12,,
413380,P,2001-03-06,85560,7,43.91,9.93,,
413381,P,2000-07-03,2288,1,89.92,7.41,,
413382,P,2001-12-21,18784,5,19.46,9.26,,
413383,P,2002-07-19,87116,10,5.43,4.74,,
413384,P,2000-02-08,30961,10,94.07,5.08,,
413385,P,2000-12-23,62848,6,12.73,5.12,,
413386,P,2000-05-10,40490,5,58.19,6.79,,
413387,P,2002-08-09,63303,6,68.85,4.64,,
413388,P,2002-02-10,25763,10,95.01,9.89,,
413389,P,2000-09-11,32477,3,71.08,5.32,,
413390,P,2000-10-14,39484,6,5.85,4.91,,
413391,P,2000-11-27,48506,8,66.65,5.30,,
413392,P,2000-11-01,90029,3,65.31,1.73,,
413393,P,2001-08-12,40765,9,7.10,7.53,,
413394,P,2002-03-28,4993,1,19.93,2.64,,
413395,P,2000-02-20,63227,10,69.98,6.80,,
413396,P,2000-01-23,97113,10,92.94,5.88,,
413397,P,2001-04-01,68414,4,72.28,1.96,,
413398,P,2002-07-30,9744,7,23.98,0.92,,
413399,P,2001-05-24,62272,5,93.15,4.52,,
413400,P,2001-02-25,44155,4,78.74,2.63,,
413401,P,2001-05-16,25366,3,1.43,9.36,,
413402,P,2002-01-06,85691,9,62.61,5.00,,
413403,P,2000-11-24,10367,2,77.32,6.30,,
413404,P,2000-01-09,44669,4,20.46,9.63,,
413405,P,2001-06-13,54388,8,61.15,9.14,,
413406,P,2000-03-11,29638,4,43.62,5.91,,
413407,P,2001-01-18,48871,1,48.50,7.15,,
413408,P,2000-02-06,42480,6,56.44,0.15,,
413409,P,2000-05-13,29246,7,12.35,7.04,,
413410,P,2001-02-24,61761,1,11.40,6.28,,
413411,P,2002-08-18,69686,1,99.81,9.81,,
413412,P,2002-01-31,67367,6,50.82,9.88,,
413413,P,2002-09-08,98064,1,21.36,5.38,,
413414,P,2001-09-26,39076,7,80.45,8.81,,
413415,P,2000-11-06,55454,10,52.59,5.51,,
413416,P,2000-06-07,51252,4,32.72,5.29,,
413417,P,2001-08-14,85208,1,5.73,3.63,,
413418,P,2001-08-25,56947,2,34.49,9.18,,
413419,P,2002-07-14,44687,1,75.48,4.28,,
413420,P,2001-03-11,93894,3,44.42,1.96,,
413421,P,2002-06-07,88663,9,96.84,9.24,,
413422,P,2002-09-10,43819,2,38.93,1.50,,
413423,P,2000-12-11,52438,10,19.62,3.59,,
413424,P,2002-09-20,56787,2,14.81,2.31,,
413425,P,2001-01-18,37429,7,31.69,2.26,,
413426,P,2002-03-23,79446,9,59.79,3.39,,
413427,P,2001-03-03,25911,7,77.84,5.07,,
413428,P,2001-03-01,35269,4,44.03,1.92,,
413429,P,2001-04-23,44130,9,30.24,1.55,,
413430,P,2002-01-18,4427,9,88.70,4.79,,
413431,P,2001-04-19,76201,4,49.66,6.60,,
413432,P,2001-10-27,47671,8,63.28,1.54,,
413433,P,2001-09-01,45081,4,63.81,6.19,,
413434,P,2000-02-29,20414,6,69.94,2.25,,
413435,P,2002-05-18,35634,5,57.56,3.97,,
413436,P,2002-08-24,53554,1,86.53,2.13,,
413437,P,2001-05-19,75331,7,95.92,4.18,,
413438,P,2001-04-27,79759,8,85.66,5.68,,
413439,P,2001-05-18,34949,6,65.92,4.58,,
413440,P,2002-03-15,37523,8,43.71,8.48,,
413441,P,2000-12-25,85503,5,42.35,7.71,,
413442,P,2002-02-18,97478,8,76.06,5.44,,
413443,P,2001-07-01,88832,3,41.11,3.10,,
413444,P,2002-03-30,84705,4,96.16,2.74,,
413445,P,2002-07-22,67522,9,7.57,3.59,,
413446,P,2000-10-05,24847,6,95.08,8.78,,
413447,P,2002-04-30,40403,9,26.64,2.74,,
413448,P,2001-06-29,5070,4,81.05,9.69,,
413449,P,2000-10-29,5762,4,5.89,1.69,,
413450,P,2001-11-21,81985,6,95.55,1.82,,
413451,P,2001-01-04,35432,4,36.50,8.90,,
413452,P,2001-09-02,92816,6,58.12,6.75,,
413453,P,2001-12-12,48760,10,0.32,2.97,,
413454,P,2001-01-21,6687,10,38.53,9.83,,
413455,P,2000-06-24,6534,8,32.23,6.04,,
413456,P,2000-03-01,28331,3,83.73,7.16,,
413457,P,2001-10-19,16112,8,55.86,6.92,,
413458,P,2001-12-18,50023,1,67.94,1.47,,
413459,P,2000-12-30,32436,9,84.82,6.76,,
413460,P,2002-04-23,95617,7,0.37,4.43,,
413461,P,2000-12-11,9401,4,61.08,8.72,,
413462,P,2000-04-05,34897,9,51.87,5.86,,
413463,P,2000-05-09,76940,4,41.20,7.26,,
413464,P,2001-01-13,22389,8,34.56,5.98,,
413465,P,2001-03-13,77415,3,18.83,6.49,,
413466,P,2001-12-12,50846,8,36.88,7.37,,
413467,P,2002-08-27,39466,8,94.55,4.19,,
413468,P,2000-09-05,398,5,66.78,6.57,,
413469,P,2001-02-21,13301,6,37.72,9.14,,
413470,P,2000-02-13,81936,5,79.93,0.26,,
413471,P,2000-01-02,80600,10,92.36,4.37,,
413472,P,2001-03-03,10859,1,86.33,8.89,,
413473,P,2000-05-08,12862,5,53.27,1.63,,
413474,P,2000-05-23,32220,4,15.72,6.37,,
413475,P,2001-03-12,46399,1,52.90,0.31,,
413476,P,2002-09-05,38487,3,90.06,3.67,,
413477,P,2001-08-11,86369,3,93.27,9.49,,
413478,P,2001-12-31,86354,8,9.53,4.25,,
413479,P,2001-03-28,54980,7,64.64,3.57,,
413480,P,2002-04-16,96027,8,93.10,6.50,,
413481,P,2000-08-24,23871,9,2.22,3.91,,
413482,P,2002-02-22,27875,9,2.85,1.95,,
413483,P,2000-08-21,56328,3,56.43,7.17,,
413484,P,2001-05-12,2951,5,79.66,8.85,,
413485,P,2000-01-07,76121,9,66.89,0.73,,
413486,P,2000-07-09,10194,10,46.79,7.56,,
413487,P,2001-03-14,39127,3,47.26,7.04,,
413488,P,2002-05-03,85467,6,32.14,2.92,,
413489,P,2000-07-17,58151,7,89.76,9.88,,
413490,P,2001-10-02,27085,10,50.26,7.75,,
413491,P,2002-03-07,72394,2,17.76,9.42,,
413492,P,2001-10-27,11798,1,71.15,9.46,,
413493,P,2001-05-29,79820,4,88.83,6.68,,
413494,P,2001-11-03,33151,1,5.07,7.54,,
413495,P,2000-05-17,26898,8,76.04,7.14,,
413496,P,2002-08-03,26093,2,23.61,7.15,,
413497,P,2001-03-19,84310,3,86.09,8.73,,
413498,P,2002-01-31,28396,7,80.24,8.47,,
413499,P,2001-01-17,40799,7,45.45,5.73,,
413500,P,2001-08-29,10606,9,23.44,9.65,,
413501,P,2002-04-28,80994,1,36.83,5.51,,
413502,P,2000-09-26,66715,9,82.03,6.57,,
413503,P,2002-01-27,4085,4,87.10,3.11,,
413504,P,2000-07-13,20880,2,23.57,9.27,,
413505,P,2001-07-16,75671,10,69.61,0.28,,
413506,P,2000-11-23,88135,8,90.72,1.78,,
413507,P,2000-10-20,10163,2,17.47,6.16,,
413508,P,2000-03-08,25921,8,61.07,5.68,,
413509,P,2000-12-04,59427,5,6.02,3.30,,
413510,P,2002-04-04,77140,3,67.63,6.45,,
413511,P,2000-10-14,1944,4,44.47,9.50,,
413512,P,2000-12-05,86341,9,62.80,5.60,,
413513,P,2001-08-17,95185,6,86.44,7.93,,
413514,P,2002-07-24,78298,4,88.87,2.26,,
413515,P,2000-11-14,26946,1,16.19,6.65,,
413516,P,2002-07-25,45191,10,98.23,1.58,,
413517,P,2000-09-12,27110,10,55.24,0.05,,
413518,P,2000-05-11,6336,1,21.66,8.20,,
413519,P,2000-06-26,10323,5,73.22,5.38,,
413520,P,2000-02-14,95896,5,77.03,3.44,,
413521,P,2001-05-21,84451,5,89.41,2.32,,
413522,P,2000-09-02,46318,5,15.87,0.16,,
413523,P,2000-04-09,35930,8,43.06,5.60,,
413524,P,2000-01-28,47026,7,9.10,9.31,,
413525,P,2000-04-24,38686,5,82.45,9.05,,
413526,P,2002-07-20,69790,9,19.09,5.69,,
413527,P,2001-03-19,81811,5,16.90,1.50,,
413528,P,2001-01-21,60793,5,38.09,3.63,,
413529,P,2002-05-22,13793,10,18.14,7.81,,
413530,P,2001-02-02,42762,5,93.44,3.85,,
413531,P,2000-03-15,22124,1,33.39,0.37,,
413532,P,2001-03-24,68536,5,90.32,3.48,,
413533,P,2002-09-09,53878,10,18.68,8.18,,
413534,P,2000-06-21,39613,9,19.32,3.16,,
413535,P,2001-05-26,96760,3,77.54,5.33,,
413536,P,2000-01-07,17737,1,20.24,1.29,,
413537,P,2000-08-22,93775,8,45.16,5.04,,
413538,P,2000-02-13,38293,9,49.35,7.12,,
413539,P,2001-07-05,12468,5,98.52,3.72,,
413540,P,2001-08-20,3046,3,52.50,5.26,,
413541,P,2002-05-03,43695,4,20.48,5.83,,
413542,P,2001-06-25,11857,3,70.15,7.45,,
413543,P,2000-10-16,2008,9,19.63,0.88,,
413544,P,2000-09-29,74609,3,62.98,4.93,,
413545,P,2001-01-12,23572,9,6.39,6.43,,
413546,P,2001-05-11,75277,4,95.80,0.89,,
413547,P,2001-01-26,42969,1,45.47,3.83,,
413548,P,2001-12-02,74086,9,28.01,4.70,,
413549,P,2002-05-08,72221,10,10.75,9.66,,
413550,P,2001-01-06,60146,4,15.37,5.28,,
413551,P,2000-04-02,35999,3,52.44,3.54,,
413552,P,2000-12-31,20595,7,42.23,2.65,,
413553,P,2001-06-03,82751,9,31.26,5.26,,
413554,P,2002-05-01,1359,3,82.83,2.22,,
413555,P,2001-08-16,17319,3,61.98,0.17,,
413556,P,2001-06-27,27126,10,91.01,3.34,,
413557,P,2000-09-01,33964,4,87.91,4.73,,
413558,P,2000-12-27,70929,7,4.33,7.46,,
413559,P,2001-07-05,87102,7,28.12,2.48,,
413560,P,2000-12-12,87863,6,49.25,0.85,,
413561,P,2002-07-14,54880,1,17.67,3.84,,
413562,P,2001-11-18,76506,3,15.88,2.28,,
413563,P,2000-06-01,34493,9,31.17,6.32,,
413564,P,2000-08-20,27294,6,72.27,7.16,,
413565,P,2000-04-20,751,6,55.68,4.93,,
413566,P,2000-05-19,92638,7,67.43,9.35,,
413567,P,2000-03-08,6247,3,52.80,5.90,,
413568,P,2000-06-04,81977,1,6.31,7.98,,
413569,P,2001-12-01,95104,7,25.64,0.32,,
413570,P,2002-04-02,53881,4,12.09,8.70,,
413571,P,2001-08-02,71205,10,17.07,0.80,,
413572,P,2000-09-20,3000,1,11.22,8.90,,
413573,P,2001-06-25,80219,10,45.00,8.54,,
413574,P,2001-10-04,77877,6,15.36,9.46,,
413575,P,2000-05-04,36279,2,74.38,6.15,,
413576,P,2000-12-13,30358,7,77.00,6.03,,
413577,P,2001-11-16,92780,8,64.64,3.73,,
413578,P,2001-09-25,98756,2,80.13,7.51,,
413579,P,2000-07-09,6355,1,9.42,9.74,,
413580,P,2000-05-17,31115,8,55.55,0.95,,
413581,P,2002-05-14,30334,4,23.06,5.13,,
413582,P,2001-12-20,36860,1,18.01,2.18,,
413583,P,2000-05-08,34465,9,93.25,1.08,,
413584,P,2001-07-12,96640,3,26.04,9.20,,
413585,P,2001-10-19,67315,4,88.28,3.51,,
413586,P,2001-06-29,32311,8,28.03,1.72,,
413587,P,2000-04-02,30461,5,31.90,7.65,,
413588,P,2001-02-19,41839,9,63.64,1.91,,
413589,P,2002-06-13,35481,5,12.60,4.04,,
413590,P,2002-03-15,43509,5,80.74,3.45,,
413591,P,2000-11-25,16565,4,97.01,6.29,,
413592,P,2002-03-14,95594,5,3.96,9.33,,
413593,P,2000-12-21,34100,9,24.66,1.69,,
413594,P,2001-07-04,3351,10,62.35,8.57,,
413595,P,2001-12-29,21733,2,62.06,5.39,,
413596,P,2002-03-07,21851,8,81.92,8.54,,
413597,P,2001-06-10,89414,2,74.61,2.15,,
413598,P,2002-06-04,82395,10,98.82,3.22,,
413599,P,2001-01-14,9700,8,16.70,7.07,,
413600,P,2001-01-20,32064,4,4.47,8.00,,
413601,P,2000-01-22,93128,7,39.49,5.77,,
413602,P,2001-03-11,23797,10,0.60,9.84,,
413603,P,2002-03-10,57741,1,40.51,5.01,,
413604,P,2000-12-07,16339,8,66.19,6.36,,
413605,P,2000-06-10,58453,8,73.11,9.69,,
413606,P,2002-04-15,2635,9,54.95,2.64,,
413607,P,2000-07-25,10240,8,71.48,5.42,,
413608,P,2002-01-29,94069,7,82.50,8.37,,
413609,P,2000-01-29,81818,4,5.81,3.33,,
413610,P,2001-03-01,68747,4,66.73,3.53,,
413611,P,2000-11-07,21735,4,13.67,1.10,,
413612,P,2000-11-20,67595,7,42.06,6.67,,
413613,P,2001-03-31,30330,5,57.58,1.59,,
413614,P,2000-11-29,42857,6,15.79,1.12,,
413615,P,2002-08-17,13613,1,60.68,9.42,,
413616,P,2001-11-07,17876,7,1.64,9.28,,
413617,P,2001-03-04,85388,7,51.88,4.72,,
413618,P,2001-07-25,13493,3,80.88,4.37,,
413619,P,2000-03-10,77596,7,16.38,0.74,,
413620,P,2001-08-30,72615,1,1.69,8.85,,
413621,P,2000-06-08,76334,2,0.85,6.84,,
413622,P,2000-07-07,66140,5,26.66,8.28,,
413623,P,2000-10-24,20289,6,6.06,9.97,,
413624,P,2000-04-28,14601,7,0.08,0.60,,
413625,P,2000-08-23,83498,5,28.28,4.25,,
413626,P,2000-03-29,2530,2,81.28,8.06,,
413627,P,2002-07-23,98219,7,86.59,1.80,,
413628,P,2000-06-07,64850,7,30.65,8.68,,
413629,P,2001-08-11,7335,4,66.50,2.71,,
413630,P,2002-06-01,45792,4,70.22,9.63,,
413631,P,2000-12-07,8168,8,24.53,9.97,,
413632,P,2001-11-11,10147,7,70.45,6.39,,
413633,P,2002-09-07,95902,9,1.09,2.40,,
413634,P,2000-02-09,47876,9,65.69,7.42,,
413635,P,2001-09-07,96819,10,53.31,3.44,,
413636,P,2001-06-08,2460,2,5.58,9.25,,
413637,P,2001-09-03,34498,1,27.97,6.42,,
413638,P,2000-02-27,65572,3,26.29,3.35,,
413639,P,2000-05-24,60960,6,31.44,3.01,,
413640,P,2000-06-10,48802,3,16.36,2.99,,
413641,P,2000-09-14,74341,4,0.02,2.58,,
413642,P,2001-09-14,99073,7,87.25,8.80,,
413643,P,2002-01-06,26466,9,73.22,0.02,,
413644,P,2001-03-21,49691,9,57.71,3.26,,
413645,P,2002-05-24,96813,9,82.08,3.76,,
413646,P,2002-09-10,85137,8,20.92,1.15,,
413647,P,2001-11-04,9336,7,82.52,0.87,,
413648,P,2001-04-09,19378,10,53.27,2.29,,
413649,P,2001-02-23,64725,2,16.26,5.79,,
413650,P,2002-08-28,38287,2,88.09,1.17,,
413651,P,2000-03-24,42740,10,92.21,3.75,,
413652,P,2001-05-27,5505,7,62.63,8.26,,
413653,P,2001-11-24,17989,9,29.99,2.88,,
413654,P,2002-06-26,66984,4,27.53,2.88,,
413655,P,2001-09-18,39948,8,93.03,8.42,,
413656,P,2001-09-10,79487,6,79.27,1.54,,
413657,P,2001-11-08,77254,10,43.45,8.08,,
413658,P,2000-02-09,94111,3,66.18,1.08,,
413659,P,2001-06-13,70854,3,18.12,3.39,,
413660,P,2002-07-05,15549,10,33.20,2.69,,
413661,P,2000-08-20,8814,8,14.98,0.84,,
413662,P,2000-08-26,8571,1,51.50,3.60,,
413663,P,2001-03-30,62412,6,37.12,8.78,,
413664,P,2001-05-19,2073,3,58.81,1.00,,
413665,P,2001-11-14,7979,4,83.01,9.82,,
413666,P,2000-06-28,82106,3,36.23,4.71,,
413667,P,2000-04-14,61467,7,27.46,3.89,,
413668,P,2001-03-07,58985,3,28.94,2.01,,
413669,P,2000-09-17,20580,5,93.40,9.29,,
413670,P,2001-04-04,46473,5,58.03,4.19,,
413671,P,2000-01-02,91585,7,87.62,1.90,,
413672,P,2000-07-14,61693,1,51.37,0.55,,
413673,P,2001-04-12,84219,5,15.57,0.33,,
413674,P,2001-04-23,11419,8,92.01,2.27,,
413675,P,2000-07-30,6763,6,22.79,2.67,,
413676,P,2000-12-24,68201,2,26.33,6.60,,
413677,P,2001-04-07,38091,3,27.85,9.89,,
413678,P,2001-10-29,49516,1,64.78,2.55,,
413679,P,2002-09-08,66094,9,41.34,4.02,,
413680,P,2002-07-21,80243,2,55.03,3.02,,
413681,P,2001-11-17,49418,4,67.30,6.52,,
413682,P,2001-12-13,53779,8,71.89,7.99,,
413683,P,2000-12-11,28908,8,54.35,6.93,,
413684,P,2000-09-21,99090,7,0.94,7.96,,
413685,P,2001-03-31,54284,3,74.64,0.35,,
413686,P,2001-03-18,2813,8,4.53,5.78,,
413687,P,2000-03-28,45587,4,81.88,5.46,,
413688,P,2002-06-11,71474,1,42.25,2.07,,
413689,P,2000-11-15,41476,4,62.71,4.38,,
413690,P,2002-08-06,78179,2,52.10,7.62,,
413691,P,2002-07-27,90189,6,87.54,2.70,,
413692,P,2002-02-23,32519,4,94.29,7.55,,
413693,P,2002-04-27,30795,7,33.40,9.68,,
413694,P,2001-07-15,62861,7,94.90,2.39,,
413695,P,2000-11-29,32518,10,7.12,7.90,,
413696,P,2001-05-03,41018,1,58.10,9.23,,
413697,P,2001-04-30,60186,8,93.41,0.89,,
413698,P,2002-08-05,76766,6,32.54,8.46,,
413699,P,2002-05-27,95340,4,2.55,9.25,,
413700,P,2000-03-02,51663,3,19.74,2.21,,
413701,P,2000-02-24,29526,8,34.42,4.36,,
413702,P,2000-07-16,43733,7,1.32,9.10,,
413703,P,2001-08-28,72522,6,74.30,2.36,,
413704,P,2000-02-16,44288,7,82.87,4.17,,
413705,P,2000-07-27,66990,5,76.44,4.01,,
413706,P,2000-05-07,10603,3,39.66,5.05,,
413707,P,2001-03-14,93971,2,94.75,6.68,,
413708,P,2000-10-11,40411,8,43.99,4.99,,
413709,P,2002-06-22,73708,4,63.44,3.66,,
413710,P,2001-12-01,4440,8,50.76,6.91,,
413711,P,2001-12-19,72273,5,93.24,1.68,,
413712,P,2000-03-26,9047,7,91.89,2.91,,
413713,P,2000-10-22,97766,9,79.57,6.21,,
413714,P,2002-03-24,92951,7,63.53,6.52,,
413715,P,2001-07-23,32743,3,31.00,1.68,,
413716,P,2001-04-07,5578,5,52.04,1.18,,
413717,P,2002-05-26,18705,6,36.35,6.20,,
413718,P,2000-03-07,61512,5,27.19,1.32,,
413719,P,2001-02-12,81726,1,70.34,4.69,,
413720,P,2000-10-18,7011,1,88.00,8.38,,
413721,P,2000-10-21,59762,7,12.51,5.36,,
413722,P,2002-03-18,96650,3,59.22,4.98,,
413723,P,2002-07-07,7881,8,35.86,3.09,,
413724,P,2001-09-18,43290,1,27.64,5.32,,
413725,P,2001-02-03,34355,9,7.52,5.94,,
413726,P,2001-08-31,38842,7,40.37,1.85,,
413727,P,2000-12-23,40830,2,16.84,1.07,,
413728,P,2001-02-05,15622,7,29.39,9.55,,
413729,P,2000-01-16,5738,6,77.77,0.76,,
413730,P,2000-01-28,48713,7,38.52,1.30,,
413731,P,2001-02-28,69779,8,86.00,8.76,,
413732,P,2001-10-02,24665,3,56.06,7.29,,
413733,P,2001-11-28,81477,6,0.06,6.26,,
413734,P,2001-12-08,26179,6,28.44,5.81,,
413735,P,2002-04-16,55518,3,10.55,0.99,,
413736,P,2000-09-27,23008,5,97.46,4.44,,
413737,P,2000-04-12,94883,4,22.82,5.94,,
413738,P,2002-01-09,16755,5,19.60,9.98,,
413739,P,2001-10-07,93080,7,29.62,5.05,,
413740,P,2002-05-16,47104,5,15.57,0.18,,
413741,P,2000-02-19,81160,9,24.90,6.94,,
413742,P,2002-07-26,85150,10,4.59,8.93,,
413743,P,2001-06-03,37137,2,44.60,4.87,,
413744,P,2001-06-25,86049,5,57.86,1.13,,
413745,P,2001-03-12,73887,2,98.86,0.82,,
413746,P,2002-04-19,35250,10,17.87,2.19,,
413747,P,2001-05-06,93932,4,3.93,1.80,,
413748,P,2002-07-01,6642,5,90.87,2.85,,
413749,P,2002-02-19,13862,4,6.56,0.64,,
413750,P,2002-01-27,73205,6,38.67,1.17,,
413751,P,2002-06-06,63478,3,19.95,2.96,,
413752,P,2001-12-28,53177,10,61.02,1.05,,
413753,P,2002-06-13,10201,10,92.57,3.10,,
413754,P,2001-03-18,72503,1,87.32,5.91,,
413755,P,2000-10-25,30430,2,92.74,5.08,,
413756,P,2002-07-27,93159,7,30.71,3.83,,
413757,P,2000-11-18,44245,3,57.78,0.64,,
413758,P,2002-09-05,73226,9,90.22,7.42,,
413759,P,2001-03-21,20411,7,96.45,5.53,,
413760,P,2001-03-08,51683,3,13.21,0.69,,
413761,P,2002-09-07,23827,3,18.72,1.28,,
413762,P,2001-05-22,40670,10,38.06,8.23,,
413763,P,2000-10-08,79684,9,68.47,4.20,,
413764,P,2001-11-12,89987,5,1.27,1.88,,
413765,P,2002-09-08,8271,8,54.48,5.16,,
413766,P,2002-09-03,69296,3,39.59,4.55,,
413767,P,2000-07-11,35102,8,11.75,3.65,,
413768,P,2001-11-29,71062,10,61.02,5.67,,
413769,P,2001-11-15,82539,6,40.67,8.53,,
413770,P,2001-08-28,71794,5,52.41,1.75,,
413771,P,2000-05-18,10008,6,76.02,5.23,,
413772,P,2002-01-29,97803,4,10.64,6.73,,
413773,P,2001-08-26,31227,5,17.85,4.33,,
413774,P,2002-09-07,7060,6,24.89,2.25,,
413775,P,2002-01-03,87956,5,67.34,8.44,,
413776,P,2000-04-09,58205,9,97.11,8.03,,
413777,P,2002-01-10,88870,8,81.17,7.55,,
413778,P,2000-10-03,24076,3,41.11,8.96,,
413779,P,2001-11-08,42506,3,46.51,3.35,,
413780,P,2001-11-05,84940,7,78.60,6.61,,
413781,P,2000-02-29,59366,8,12.02,2.31,,
413782,P,2000-08-28,54190,8,37.33,5.21,,
413783,P,2001-09-05,43624,7,35.37,6.08,,
413784,P,2002-06-14,76951,2,97.00,6.77,,
413785,P,2002-08-10,29146,1,72.25,1.03,,
413786,P,2001-06-29,766,6,0.03,5.25,,
413787,P,2001-01-14,26862,10,1.96,7.30,,
413788,P,2002-06-13,61080,9,18.33,5.92,,
413789,P,2002-03-26,77514,10,53.65,4.20,,
413790,P,2002-02-21,82072,4,8.66,6.08,,
413791,P,2002-06-25,76807,5,13.63,0.42,,
413792,P,2001-11-24,53336,7,55.54,4.11,,
413793,P,2000-02-28,28148,3,54.59,6.50,,
413794,P,2002-06-29,9851,7,62.53,2.82,,
413795,P,2000-07-03,73105,10,8.17,0.01,,
413796,P,2000-06-21,96085,10,25.59,6.07,,
413797,P,2001-02-11,78924,5,74.80,0.27,,
413798,P,2001-11-01,59882,9,53.98,6.78,,
413799,P,2000-05-22,43858,10,70.09,7.37,,
413800,P,2000-06-23,80994,10,58.11,3.58,,
413801,P,2001-03-30,12260,6,7.01,8.81,,
413802,P,2001-06-22,16147,4,9.43,0.54,,
413803,P,2001-12-07,21427,1,23.76,9.41,,
413804,P,2001-01-13,48432,9,41.86,0.55,,
413805,P,2000-01-21,22059,8,8.36,8.86,,
413806,P,2001-06-29,143,7,9.29,4.81,,
413807,P,2002-08-25,25656,6,78.20,1.88,,
413808,P,2001-07-27,28531,4,56.51,7.70,,
413809,P,2000-04-09,32591,1,68.64,0.58,,
413810,P,2002-03-08,54851,7,23.93,1.90,,
413811,P,2000-07-02,24905,3,48.75,1.85,,
413812,P,2000-01-02,70341,8,18.67,4.73,,
413813,P,2002-02-18,96350,3,93.82,9.27,,
413814,P,2000-10-28,95362,4,30.63,6.39,,
413815,P,2002-06-17,35827,7,6.16,9.43,,
413816,P,2000-09-07,83183,2,84.11,0.07,,
413817,P,2000-07-21,48210,2,15.24,3.09,,
413818,P,2002-06-11,49769,4,40.98,7.95,,
413819,P,2000-09-28,98327,8,48.78,4.33,,
413820,P,2002-04-09,24951,7,9.68,0.21,,
413821,P,2000-08-13,34873,2,31.10,1.04,,
413822,P,2001-04-23,37708,6,69.39,0.52,,
413823,P,2000-12-22,59830,3,28.04,1.41,,
413824,P,2002-08-03,571,10,23.50,2.88,,
413825,P,2000-07-21,81852,7,64.08,5.19,,
413826,P,2001-02-05,44490,5,8.74,8.83,,
413827,P,2002-02-28,34349,1,59.04,0.31,,
413828,P,2000-04-09,1237,8,67.79,2.69,,
413829,P,2000-07-27,3598,4,16.61,1.94,,
413830,P,2001-08-24,61287,10,1.83,2.53,,
413831,P,2001-11-02,61929,3,48.88,7.60,,
413832,P,2002-03-30,37280,7,14.42,5.84,,
413833,P,2002-09-10,41182,2,87.45,9.80,,
413834,P,2000-04-13,70835,9,65.06,4.89,,
413835,P,2001-12-07,19906,4,22.17,2.05,,
413836,P,2001-02-28,59706,4,84.88,3.07,,
413837,P,2001-11-13,29079,10,2.03,3.09,,
413838,P,2002-08-24,47041,1,29.69,3.43,,
413839,P,2001-02-27,26182,10,87.96,4.34,,
413840,P,2002-07-21,31043,7,83.42,5.63,,
413841,P,2000-09-18,32856,5,74.87,8.78,,
413842,P,2001-02-26,63974,4,43.03,3.35,,
413843,P,2001-04-09,66617,2,7.64,0.29,,
413844,P,2001-02-28,64809,9,80.14,5.64,,
413845,P,2002-02-09,62140,7,23.24,5.91,,
413846,P,2002-07-22,4588,6,3.50,6.54,,
413847,P,2001-04-16,48400,6,12.09,3.67,,
413848,P,2001-11-17,98387,2,82.08,9.81,,
413849,P,2000-10-10,41258,4,35.44,1.51,,
413850,P,2001-02-08,57729,4,17.90,9.00,,
413851,P,2000-11-22,10291,8,22.20,0.92,,
413852,P,2000-11-10,16612,7,70.55,5.44,,
413853,P,2000-06-21,63569,6,66.17,8.06,,
413854,P,2000-01-03,344,2,2.04,6.85,,
413855,P,2001-02-07,68089,9,2.18,5.27,,
413856,P,2001-03-04,4047,1,15.13,6.31,,
413857,P,2002-01-30,12192,5,22.31,1.74,,
413858,P,2001-09-03,8017,10,66.06,4.70,,
413859,P,2000-11-29,6788,8,76.05,3.22,,
413860,P,2001-04-22,46278,9,74.32,5.41,,
413861,P,2002-01-06,40671,6,80.44,2.72,,
413862,P,2002-03-31,51062,3,52.28,2.65,,
413863,P,2000-04-07,36645,8,8.37,6.88,,
413864,P,2000-09-08,51250,3,93.74,7.38,,
413865,P,2002-07-11,14622,10,50.94,2.09,,
413866,P,2000-08-13,10378,10,8.54,3.43,,
413867,P,2000-07-31,91636,6,58.07,5.21,,
413868,P,2001-06-24,9885,8,78.98,3.75,,
413869,P,2001-08-23,3129,4,84.17,1.58,,
413870,P,2002-05-22,74902,1,45.18,8.59,,
413871,P,2001-11-11,68484,2,50.16,7.74,,
413872,P,2002-06-03,84763,2,45.25,1.50,,
413873,P,2000-10-20,68412,2,62.15,3.98,,
413874,P,2001-04-03,5331,8,2.86,1.16,,
413875,P,2002-04-03,4061,10,37.47,3.58,,
413876,P,2000-05-11,63596,1,1.26,1.62,,
413877,P,2000-12-06,82459,6,31.61,5.35,,
413878,P,2000-12-29,37225,5,28.71,3.13,,
413879,P,2002-02-19,82470,8,38.46,0.46,,
413880,P,2000-11-21,84113,5,52.63,6.75,,
413881,P,2002-03-02,28647,10,73.16,1.75,,
413882,P,2001-12-22,46185,9,39.36,4.06,,
413883,P,2001-12-19,13373,2,19.89,6.21,,
413884,P,2002-09-25,81492,6,81.65,1.55,,
413885,P,2001-09-25,22850,6,54.82,6.46,,
413886,P,2000-02-10,83962,3,4.47,5.27,,
413887,P,2001-02-04,678,1,16.74,4.81,,
413888,P,2002-06-30,67762,8,48.69,6.65,,
413889,P,2001-04-10,88906,9,24.03,0.59,,
413890,P,2002-01-09,21525,7,0.98,2.77,,
413891,P,2000-11-02,6718,8,5.24,3.76,,
413892,P,2002-01-26,4992,8,95.44,1.43,,
413893,P,2001-10-21,92020,4,7.92,6.89,,
413894,P,2002-02-23,66698,10,20.75,4.46,,
413895,P,2000-03-24,58493,7,54.63,2.26,,
413896,P,2001-02-18,38730,4,56.47,6.95,,
413897,P,2000-01-19,83062,4,10.18,1.31,,
413898,P,2002-06-03,53664,7,25.91,9.64,,
413899,P,2001-06-16,48549,6,30.11,3.13,,
413900,P,2001-11-22,27316,6,84.81,6.93,,
413901,P,2002-08-20,59084,4,23.58,7.68,,
413902,P,2001-04-18,46786,8,16.45,4.79,,
413903,P,2001-11-12,35752,10,70.34,9.05,,
413904,P,2000-12-25,1871,8,14.55,7.17,,
413905,P,2002-08-16,11051,3,22.92,2.99,,
413906,P,2002-05-24,81587,6,62.92,3.16,,
413907,P,2001-09-09,73477,9,98.31,2.82,,
413908,P,2000-08-24,47613,3,8.30,5.45,,
413909,P,2002-01-21,22587,5,80.17,3.50,,
413910,P,2002-06-12,38724,2,79.73,9.27,,
413911,P,2000-12-08,94684,4,86.08,5.61,,
413912,P,2002-04-29,68524,6,21.35,0.64,,
413913,P,2002-02-26,79288,9,1.66,4.97,,
413914,P,2000-06-23,2347,6,21.65,6.56,,
413915,P,2000-08-20,20542,10,60.77,1.99,,
413916,P,2000-10-02,36612,4,16.97,0.26,,
413917,P,2001-11-21,17216,5,97.86,3.79,,
413918,P,2001-05-29,37191,6,85.33,2.31,,
413919,P,2001-12-07,98123,5,29.39,8.08,,
413920,P,2002-01-31,11908,4,77.47,8.97,,
413921,P,2001-01-08,61842,6,42.28,4.00,,
413922,P,2002-06-01,7290,5,24.70,9.37,,
413923,P,2001-08-12,6720,6,27.52,4.19,,
413924,P,2001-10-27,63671,3,37.02,7.37,,
413925,P,2001-10-16,65295,3,86.28,8.76,,
413926,P,2002-09-13,97339,3,6.79,1.89,,
413927,P,2000-09-26,44696,7,17.56,0.44,,
413928,P,2000-11-21,73158,6,61.11,5.53,,
413929,P,2000-09-26,76602,2,71.74,1.62,,
413930,P,2000-12-16,5426,9,92.58,6.84,,
413931,P,2000-12-10,54665,5,86.33,5.28,,
413932,P,2000-10-10,4223,8,0.63,2.91,,
413933,P,2001-08-29,29667,10,95.44,6.83,,
413934,P,2001-10-21,57510,3,74.42,8.57,,
413935,P,2001-01-04,49289,8,52.48,5.48,,
413936,P,2002-02-14,30616,6,62.75,4.90,,
413937,P,2000-08-20,69373,9,10.80,1.35,,
413938,P,2001-07-22,51737,8,65.97,4.52,,
413939,P,2000-01-10,43071,4,18.92,8.59,,
413940,P,2000-01-04,64320,9,53.47,5.15,,
413941,P,2000-09-01,60780,8,81.14,2.11,,
413942,P,2000-06-14,75327,9,25.75,2.44,,
413943,P,2001-04-12,3974,9,98.62,1.11,,
413944,P,2001-10-20,78923,3,58.86,8.42,,
413945,P,2000-08-05,92001,7,73.43,0.73,,
413946,P,2001-07-21,27446,4,57.40,8.12,,
413947,P,2001-09-15,95437,3,42.25,10.00,,
413948,P,2002-01-25,39890,10,67.53,4.01,,
413949,P,2000-09-06,97758,6,82.65,1.61,,
413950,P,2001-12-20,53853,6,32.24,3.97,,
413951,P,2000-11-18,46593,10,51.35,2.67,,
413952,P,2001-09-04,59655,4,39.74,8.51,,
413953,P,2000-07-18,73416,7,74.34,2.32,,
413954,P,2001-06-24,73478,7,98.90,9.87,,
413955,P,2001-10-18,50748,9,70.88,4.04,,
413956,P,2000-04-12,41579,2,21.55,4.54,,
413957,P,2001-03-11,73530,3,86.86,2.84,,
413958,P,2001-12-30,66212,8,22.61,0.22,,
413959,P,2002-09-24,92332,9,92.01,7.99,,
413960,P,2000-03-11,36828,9,85.96,7.60,,
413961,P,2000-04-24,60803,5,62.94,1.00,,
413962,P,2000-06-20,48510,2,26.38,1.02,,
413963,P,2002-05-01,52981,2,36.44,3.65,,
413964,P,2000-04-23,25214,9,84.83,6.07,,
413965,P,2002-06-21,85413,5,1.98,3.91,,
413966,P,2000-01-14,35514,10,14.16,4.19,,
413967,P,2000-07-10,29918,1,79.83,5.47,,
413968,P,2002-07-25,12823,2,44.71,5.69,,
413969,P,2001-06-18,83106,1,43.45,1.87,,
413970,P,2001-08-04,31404,7,48.35,7.49,,
413971,P,2001-07-08,51127,1,16.02,2.22,,
413972,P,2002-03-27,42382,5,2.71,9.74,,
413973,P,2000-10-27,62687,8,73.08,3.00,,
413974,P,2002-08-09,67499,6,73.12,0.38,,
413975,P,2001-04-14,17575,3,19.41,3.99,,
413976,P,2001-08-21,47386,7,27.38,2.83,,
413977,P,2000-09-10,61362,4,50.10,7.58,,
413978,P,2001-09-22,98634,10,7.07,6.25,,
413979,P,2002-08-26,75605,10,92.33,5.12,,
413980,P,2000-08-17,30774,5,55.76,4.40,,
413981,P,2000-11-24,55652,8,94.47,6.53,,
413982,P,2000-06-04,45212,10,73.38,0.96,,
413983,P,2001-09-29,76367,10,46.93,1.98,,
413984,P,2001-10-13,18279,5,45.72,5.39,,
413985,P,2000-03-03,32291,5,11.26,8.32,,
413986,P,2000-12-28,94439,1,83.86,1.74,,
413987,P,2001-06-18,34923,9,79.63,4.84,,
413988,P,2001-07-31,79774,5,92.50,7.87,,
413989,P,2002-09-14,42377,5,30.65,6.21,,
413990,P,2001-06-20,52635,5,90.72,6.54,,
413991,P,2002-08-15,47274,2,40.59,5.31,,
413992,P,2001-12-23,36908,9,17.89,9.78,,
413993,P,2001-04-27,29208,7,79.20,7.56,,
413994,P,2000-09-14,15292,3,3.94,7.49,,
413995,P,2001-10-13,14728,3,2.54,3.90,,
413996,P,2001-11-15,5278,10,82.91,4.77,,
413997,P,2002-05-02,9730,4,1.14,8.76,,
413998,P,2002-03-29,91186,9,18.29,3.11,,
413999,P,2001-06-12,42300,8,48.02,9.23,,
414000,P,2002-01-29,84471,8,65.95,5.77,,
414001,P,2002-03-21,16151,5,24.88,0.88,,
414002,P,2002-02-27,82004,7,80.34,9.62,,
414003,P,2002-01-19,52459,2,23.34,5.73,,
414004,P,2001-06-05,32449,10,86.62,3.35,,
414005,P,2001-02-28,65996,1,52.56,0.87,,
414006,P,2002-04-03,6953,3,66.32,4.37,,
414007,P,2000-12-04,59181,8,93.42,0.63,,
414008,P,2000-05-30,28210,4,30.08,1.00,,
414009,P,2001-03-19,97566,9,47.63,5.62,,
414010,P,2002-04-01,30829,1,53.80,8.10,,
414011,P,2002-07-22,40297,7,53.47,8.57,,
414012,P,2001-10-09,10095,3,28.18,8.39,,
414013,P,2000-05-06,528,10,23.76,9.25,,
414014,P,2000-07-26,6065,5,11.59,1.82,,
414015,P,2001-04-20,45833,5,39.87,3.49,,
414016,P,2001-09-01,60346,2,33.23,8.28,,
414017,P,2001-10-18,20319,10,94.39,7.20,,
414018,P,2000-09-26,58757,1,98.44,6.46,,
414019,P,2001-09-10,13493,7,10.00,3.43,,
414020,P,2001-05-05,70139,2,72.75,7.67,,
414021,P,2001-11-04,68407,9,55.74,6.90,,
414022,P,2000-09-28,14815,9,41.57,6.92,,
414023,P,2002-09-05,24921,3,3.61,2.61,,
414024,P,2000-08-05,37118,3,39.49,1.21,,
414025,P,2001-03-08,99504,8,14.12,2.12,,
414026,P,2001-12-12,61794,2,58.29,0.38,,
414027,P,2000-11-18,51571,5,5.57,1.90,,
414028,P,2002-05-28,29168,3,9.51,9.95,,
414029,P,2002-05-25,56614,8,19.35,8.72,,
414030,P,2002-04-30,80853,7,72.77,5.57,,
414031,P,2001-12-13,62043,9,12.54,8.39,,
414032,P,2000-02-12,93780,5,77.98,7.23,,
414033,P,2001-05-09,24011,7,92.52,7.14,,
414034,P,2002-04-18,93963,4,18.38,0.41,,
414035,P,2000-06-17,55631,5,5.80,1.43,,
414036,P,2002-02-27,8008,9,4.36,1.69,,
414037,P,2000-09-03,96211,6,65.81,1.31,,
414038,P,2000-05-10,11633,3,21.39,8.71,,
414039,P,2001-08-04,44832,4,42.44,1.61,,
414040,P,2002-07-17,42634,8,42.25,1.45,,
414041,P,2001-09-24,85253,6,90.17,4.22,,
414042,P,2001-04-21,68552,9,44.53,9.16,,
414043,P,2001-05-13,9737,3,87.22,2.41,,
414044,P,2000-10-05,98518,7,33.78,7.64,,
414045,P,2002-06-27,96940,1,40.86,5.55,,
414046,P,2002-09-04,76656,5,84.57,0.80,,
414047,P,2001-07-22,93048,6,1.24,4.35,,
414048,P,2001-01-14,55968,4,37.08,1.97,,
414049,P,2001-12-20,44847,4,26.72,6.44,,
414050,P,2000-10-16,29144,4,91.79,6.79,,
414051,P,2001-05-29,21722,7,66.96,5.29,,
414052,P,2000-02-28,9307,10,60.45,5.57,,
414053,P,2000-06-03,29143,10,10.49,5.48,,
414054,P,2002-09-10,81086,2,15.56,4.15,,
414055,P,2000-03-13,44661,3,23.42,6.78,,
414056,P,2001-12-17,98504,10,97.99,3.38,,
414057,P,2001-02-20,4501,6,98.14,2.37,,
414058,P,2000-05-30,50670,2,74.25,6.18,,
414059,P,2001-06-11,81444,5,58.14,2.96,,
414060,P,2001-12-17,65465,8,79.46,3.32,,
414061,P,2002-02-01,43293,8,73.42,7.26,,
414062,P,2001-07-08,68952,5,51.17,7.49,,
414063,P,2000-05-24,24537,2,59.13,6.24,,
414064,P,2000-11-17,56439,8,61.07,0.22,,
414065,P,2001-11-10,54306,6,87.66,3.87,,
414066,P,2002-03-26,62296,7,28.57,4.61,,
414067,P,2000-04-03,61294,2,93.00,0.10,,
414068,P,2002-07-22,31560,1,3.24,7.78,,
414069,P,2000-09-26,87311,9,0.46,7.70,,
414070,P,2002-01-01,43855,8,64.32,9.13,,
414071,P,2001-11-25,36841,1,21.75,1.70,,
414072,P,2001-05-31,80224,3,18.00,2.69,,
414073,P,2001-08-18,36984,8,64.47,7.61,,
414074,P,2002-04-30,32789,2,97.70,6.23,,
414075,P,2002-05-28,27952,4,67.16,5.09,,
414076,P,2001-11-11,92402,3,22.54,4.74,,
414077,P,2001-06-08,10001,3,96.89,2.66,,
414078,P,2000-11-21,15650,4,32.71,9.12,,
414079,P,2002-02-01,71382,6,66.31,2.85,,
414080,P,2001-03-10,13547,5,5.24,8.93,,
414081,P,2000-03-03,79246,8,6.44,3.90,,
414082,P,2001-12-21,2052,1,16.74,8.76,,
414083,P,2001-03-02,97004,6,99.08,1.12,,
414084,P,2000-04-06,99167,9,12.43,4.08,,
414085,P,2001-09-15,56159,3,99.98,6.70,,
414086,P,2002-08-03,93944,4,61.41,0.13,,
414087,P,2000-06-16,89619,8,61.02,6.39,,
414088,P,2001-08-09,11607,8,86.63,1.39,,
414089,P,2000-04-29,48179,6,44.17,9.38,,
414090,P,2000-01-19,61103,7,82.74,9.55,,
414091,P,2000-10-23,45677,9,19.60,7.44,,
414092,P,2001-09-26,9440,3,19.27,7.15,,
414093,P,2002-03-06,18606,10,43.72,8.28,,
414094,P,2001-11-05,60593,2,60.54,2.30,,
414095,P,2002-09-25,42882,1,54.89,9.22,,
414096,P,2001-07-01,70039,9,47.20,5.13,,
414097,P,2000-08-18,17830,2,11.02,4.70,,
414098,P,2002-06-19,65972,2,48.33,9.97,,
414099,P,2001-10-03,78421,8,68.76,4.28,,
414100,P,2001-02-01,68297,6,79.62,3.34,,
414101,P,2001-01-01,78159,7,18.21,2.22,,
414102,P,2001-12-23,27586,7,20.17,6.55,,
414103,P,2002-01-30,36512,3,89.87,1.09,,
414104,P,2002-01-23,20126,5,12.49,7.84,,
414105,P,2000-02-23,59781,10,16.05,5.59,,
414106,P,2000-05-14,6053,6,24.10,9.63,,
414107,P,2000-10-20,11122,5,11.51,1.78,,
414108,P,2000-11-06,50334,8,32.94,7.38,,
414109,P,2000-04-30,64163,3,62.73,3.56,,
414110,P,2000-04-25,71102,1,64.50,9.41,,
414111,P,2002-01-26,27083,5,1.23,0.66,,
414112,P,2001-09-03,18125,2,93.65,9.88,,
414113,P,2001-11-04,83579,9,56.26,5.75,,
414114,P,2002-06-14,26031,3,38.50,3.15,,
414115,P,2002-06-10,59867,1,84.14,9.61,,
414116,P,2001-05-16,12253,9,65.00,8.12,,
414117,P,2001-01-09,96188,3,27.03,5.69,,
414118,P,2002-06-27,4803,10,98.63,7.40,,
414119,P,2000-07-27,15748,4,34.34,0.87,,
414120,P,2001-08-04,31342,1,58.63,9.63,,
414121,P,2000-10-14,46671,3,15.07,3.68,,
414122,P,2000-07-06,84015,2,25.44,3.07,,
414123,P,2001-08-17,96830,3,69.13,4.88,,
414124,P,2000-05-20,83092,10,7.29,1.83,,
414125,P,2001-03-13,62387,3,94.46,7.70,,
414126,P,2000-08-18,50421,5,34.56,9.89,,
414127,P,2002-06-04,47851,3,67.93,9.35,,
414128,P,2002-08-01,89591,4,91.38,6.12,,
414129,P,2002-03-20,84924,9,71.00,6.52,,
414130,P,2000-10-16,29383,3,99.61,8.08,,
414131,P,2002-08-21,73291,7,99.77,9.28,,
414132,P,2002-09-12,15934,3,76.04,9.12,,
414133,P,2000-09-13,89453,3,26.77,5.04,,
414134,P,2002-09-05,44400,8,0.21,9.44,,
414135,P,2002-08-16,5835,8,26.69,2.84,,
414136,P,2001-10-21,69694,2,17.32,1.94,,
414137,P,2001-01-04,69724,5,97.61,8.35,,
414138,P,2001-01-31,34366,6,73.92,2.72,,
414139,P,2002-01-04,40492,1,52.64,4.09,,
414140,P,2001-02-12,10783,5,18.97,4.40,,
414141,P,2000-04-20,80046,8,91.96,5.83,,
414142,P,2002-04-18,91282,1,38.83,9.82,,
414143,P,2000-02-17,3428,5,95.33,9.71,,
414144,P,2000-02-10,32863,4,67.33,7.18,,
414145,P,2001-12-25,34297,4,46.37,0.96,,
414146,P,2001-12-12,43126,5,47.98,6.31,,
414147,P,2002-02-15,76647,8,24.95,4.11,,
414148,P,2001-10-28,10387,2,56.06,0.88,,
414149,P,2000-02-19,97508,5,59.05,8.99,,
414150,P,2001-02-21,79557,10,68.49,9.95,,
414151,P,2000-05-07,14428,1,9.82,6.20,,
414152,P,2002-03-02,11679,4,29.73,0.12,,
414153,P,2001-06-05,66509,2,67.02,5.40,,
414154,P,2000-10-31,26966,6,96.76,4.97,,
414155,P,2000-04-17,45574,5,15.52,4.56,,
414156,P,2002-03-18,97712,6,42.26,1.90,,
414157,P,2000-08-25,56485,8,39.44,1.93,,
414158,P,2002-02-04,38632,10,77.10,9.83,,
414159,P,2001-07-24,54473,8,64.67,8.33,,
414160,P,2001-09-15,22079,6,35.89,6.87,,
414161,P,2000-12-24,54779,5,54.56,0.64,,
414162,P,2002-08-12,43823,1,11.44,0.94,,
414163,P,2000-01-24,96949,1,95.96,5.16,,
414164,P,2000-04-03,73376,4,56.78,4.22,,
414165,P,2000-01-08,25706,8,86.12,1.08,,
414166,P,2001-10-03,85207,9,23.40,2.33,,
414167,P,2002-08-11,16646,6,24.75,8.26,,
414168,P,2001-03-13,2062,8,25.16,0.90,,
414169,P,2001-03-04,63045,5,75.53,8.74,,
414170,P,2001-07-09,59154,2,65.87,6.09,,
414171,P,2002-09-08,28402,8,58.88,3.09,,
414172,P,2000-07-23,44484,3,73.80,2.05,,
414173,P,2000-03-18,33237,9,65.74,0.44,,
414174,P,2001-05-08,3425,3,17.14,6.13,,
414175,P,2001-06-04,38048,4,80.81,0.08,,
414176,P,2001-09-17,43219,8,27.27,6.90,,
414177,P,2001-05-28,71422,3,51.58,8.35,,
414178,P,2000-08-31,2348,5,49.21,2.34,,
414179,P,2001-07-30,65500,9,67.60,3.93,,
414180,P,2001-12-13,80623,6,28.32,9.33,,
414181,P,2002-04-18,33644,3,64.49,0.72,,
414182,P,2000-05-10,39626,8,69.97,1.89,,
414183,P,2001-08-14,6264,10,25.61,6.70,,
414184,P,2001-01-06,55337,2,6.58,5.63,,
414185,P,2001-09-06,37582,3,29.67,7.67,,
414186,P,2001-01-27,60020,2,12.56,0.25,,
414187,P,2001-08-25,89225,2,47.17,4.70,,
414188,P,2001-07-25,9535,1,54.30,9.24,,
414189,P,2000-04-12,90757,5,29.12,5.67,,
414190,P,2001-06-14,59182,5,92.29,4.45,,
414191,P,2002-02-14,26432,10,81.82,7.97,,
414192,P,2001-09-11,20594,10,99.07,5.41,,
414193,P,2001-10-04,13521,10,16.16,5.34,,
414194,P,2001-08-14,97519,2,60.00,4.73,,
414195,P,2000-09-30,97499,8,79.29,7.73,,
414196,P,2001-02-07,22611,6,36.58,0.01,,
414197,P,2000-12-27,89809,7,39.90,6.24,,
414198,P,2000-06-03,18739,5,10.81,1.54,,
414199,P,2002-08-03,4544,4,79.67,3.19,,
414200,P,2000-06-12,74974,3,53.05,4.26,,
414201,P,2000-03-10,47876,2,3.83,3.85,,
414202,P,2000-08-23,25937,7,1.85,7.71,,
414203,P,2001-06-07,93793,2,83.35,0.55,,
414204,P,2000-05-17,73845,10,19.37,0.66,,
414205,P,2001-05-17,73730,9,47.37,8.95,,
414206,P,2000-06-21,1475,7,31.58,8.44,,
414207,P,2001-11-16,53579,1,58.60,6.87,,
414208,P,2001-12-10,91822,6,44.84,2.10,,
414209,P,2002-05-22,54204,4,17.42,9.21,,
414210,P,2001-03-01,86461,6,29.46,3.76,,
414211,P,2001-10-07,95238,10,62.26,0.02,,
414212,P,2002-02-02,9824,4,80.52,9.03,,
414213,P,2002-03-29,8686,10,56.19,4.39,,
414214,P,2000-11-30,98922,2,80.04,0.76,,
414215,P,2000-12-23,1761,1,8.29,1.83,,
414216,P,2000-11-12,47720,10,47.84,7.50,,
414217,P,2001-04-29,5380,9,4.39,0.84,,
414218,P,2000-11-14,83723,6,50.39,2.38,,
414219,P,2001-08-18,72895,10,54.44,0.96,,
414220,P,2000-05-10,26376,1,39.58,3.65,,
414221,P,2002-03-10,90603,10,71.72,8.99,,
414222,P,2001-05-21,8686,10,57.81,1.85,,
414223,P,2001-06-01,46256,7,43.48,6.71,,
414224,P,2000-09-09,63681,8,70.40,5.41,,
414225,P,2000-11-11,97268,2,16.56,3.16,,
414226,P,2001-10-11,25691,10,81.22,6.31,,
414227,P,2001-11-06,55830,6,15.75,5.36,,
414228,P,2001-03-13,74442,3,75.94,0.88,,
414229,P,2001-08-07,23746,3,34.63,6.26,,
414230,P,2002-07-21,54744,6,30.28,5.08,,
414231,P,2002-06-17,70284,4,5.48,6.80,,
414232,P,2000-06-30,50741,10,38.13,6.53,,
414233,P,2001-06-27,95846,9,66.56,8.52,,
414234,P,2000-02-28,65033,8,72.11,6.16,,
414235,P,2002-01-28,37748,8,4.25,1.08,,
414236,P,2001-04-12,64772,1,87.90,1.56,,
414237,P,2001-12-18,29087,8,51.09,7.02,,
414238,P,2001-02-23,53880,7,96.08,0.15,,
414239,P,2000-02-15,53043,5,46.95,8.52,,
414240,P,2000-02-17,1640,5,96.27,8.81,,
414241,P,2001-09-16,35260,9,33.68,9.63,,
414242,P,2002-09-21,6688,5,11.40,3.76,,
414243,P,2000-09-22,91,10,35.88,4.72,,
414244,P,2000-04-24,56513,1,30.48,6.31,,
414245,P,2002-01-18,32270,3,47.03,6.19,,
414246,P,2002-06-28,65439,3,17.70,6.41,,
414247,P,2001-04-02,37928,2,30.60,0.18,,
414248,P,2000-05-07,79230,8,91.02,7.66,,
414249,P,2002-04-10,13471,8,17.08,7.01,,
414250,P,2000-08-20,48050,2,51.52,4.67,,
414251,P,2001-07-06,68198,4,15.86,7.22,,
414252,P,2001-10-12,90732,5,19.32,6.58,,
414253,P,2000-09-24,46323,10,73.69,8.91,,
414254,P,2001-10-25,26567,8,92.45,6.30,,
414255,P,2000-10-31,9204,5,81.50,3.65,,
414256,P,2002-01-24,68616,4,36.77,0.76,,
414257,P,2002-03-29,78947,1,89.01,1.86,,
414258,P,2002-06-14,38571,4,21.82,1.70,,
414259,P,2000-10-24,42300,9,20.24,0.23,,
414260,P,2002-01-08,58675,8,96.67,1.96,,
414261,P,2000-08-13,57675,10,21.61,2.70,,
414262,P,2002-07-18,1764,10,11.45,6.12,,
414263,P,2000-01-21,20093,8,17.85,2.77,,
414264,P,2002-06-01,61476,3,94.18,0.05,,
