280286,P,2002-06-08,74806,8,45.86,0.72,,
280287,P,2000-02-03,18541,1,85.28,5.42,,
280288,P,2002-08-21,27297,2,64.08,2.53,,
280289,P,2001-10-07,87429,5,2.98,3.61,,
280290,P,2001-01-30,94686,3,56.18,2.78,,
280291,P,2001-11-23,41592,7,57.62,8.69,,
280292,P,2001-12-17,6862,1,96.95,9.50,,
280293,P,2001-08-06,621,10,32.33,7.95,,
280294,P,2000-04-03,46083,8,82.24,4.93,,
280295,P,2001-03-27,54219,10,71.39,7.84,,
280296,P,2000-05-31,92243,10,39.76,9.79,,
280297,P,2001-11-02,21782,6,91.03,4.49,,
280298,P,2000-12-29,48651,7,18.66,7.67,,
280299,P,2002-05-10,5477,4,71.81,5.44,,
280300,P,2001-04-08,71572,3,21.24,7.98,,
280301,P,2001-09-23,77760,2,35.53,1.28,,
280302,P,2001-02-22,84693,7,91.97,7.43,,
280303,P,2000-12-17,57117,6,80.02,7.81,,
280304,P,2000-08-07,75825,8,4.87,1.58,,
280305,P,2001-09-24,44225,1,14.29,9.23,,
280306,P,2000-01-03,47857,2,50.29,1.39,,
280307,P,2001-12-19,47200,7,12.62,2.01,,
280308,P,2001-12-07,12086,7,1.43,7.06,,
280309,P,2002-04-02,76579,6,59.60,5.74,,
280310,P,2002-08-19,32670,8,15.71,8.31,,
280311,P,2000-02-29,47748,2,57.23,5.33,,
280312,P,2002-05-07,8662,2,36.05,9.85,,
280313,P,2000-06-03,60065,9,13.55,9.81,,
280314,P,2002-01-17,21958,5,86.53,3.26,,
280315,P,2000-08-20,33024,6,67.69,3.35,,
280316,P,2002-09-03,41776,8,61.19,5.50,,
280317,P,2000-08-01,24814,6,91.05,1.34,,
280318,P,2000-08-27,56137,9,24.76,2.35,,
280319,P,2000-11-22,56680,9,96.10,3.44,,
280320,P,2001-07-11,87210,9,68.80,4.63,,
280321,P,2002-09-27,50740,2,48.40,5.36,,
280322,P,2000-06-16,94979,1,19.16,6.47,,
280323,P,2001-08-14,25371,6,94.39,9.03,,
280324,P,2002-05-31,91376,6,60.77,7.85,,
280325,P,2000-04-30,1009,3,72.79,9.85,,
280326,P,2000-11-29,37249,3,84.14,9.41,,
280327,P,2000-10-19,77244,2,1.52,4.07,,
280328,P,2000-08-14,35572,7,82.07,2.65,,
280329,P,2001-09-29,31767,9,92.56,6.02,,
280330,P,2002-08-05,59682,10,30.40,1.87,,
280331,P,2001-12-15,73980,5,59.79,4.32,,
280332,P,2000-09-24,63880,10,84.62,0.43,,
280333,P,2000-04-25,2047,6,38.15,9.42,,
280334,P,2002-05-25,37880,9,55.59,9.75,,
280335,P,2000-07-10,56409,8,37.09,1.98,,
280336,P,2000-09-29,93099,10,66.12,1.70,,
280337,P,2002-09-27,93086,3,21.35,9.36,,
280338,P,2001-12-27,52326,5,26.25,7.02,,
280339,P,2002-03-17,85131,8,42.64,7.86,,
280340,P,2000-03-23,88528,10,15.65,3.53,,
280341,P,2002-03-16,68226,1,23.18,1.65,,
280342,P,2001-01-16,48298,8,25.34,5.27,,
280343,P,2001-12-30,96193,7,81.46,2.83,,
280344,P,2000-05-20,55244,3,53.23,2.07,,
280345,P,2001-12-02,1357,3,42.31,6.13,,
280346,P,2000-05-03,48055,4,77.36,6.56,,
280347,P,2002-07-03,42533,3,70.56,2.28,,
280348,P,2000-08-09,20286,2,88.07,9.51,,
280349,P,2001-07-07,32750,8,18.61,7.43,,
280350,P,2002-07-07,35506,6,28.98,3.75,,
280351,P,2000-11-17,29119,2,97.21,7.41,,
280352,P,2001-01-17,5071,2,89.97,7.14,,
280353,P,2001-05-07,14486,3,94.69,6.53,,
280354,P,2001-08-25,31768,10,3.99,1.29,,
280355,P,2000-10-12,51912,1,69.74,3.24,,
280356,P,2001-01-26,98575,6,49.36,8.40,,
280357,P,2002-05-16,10443,10,28.65,2.28,,
280358,P,2001-08-28,48191,3,28.99,8.68,,
280359,P,2000-11-12,84792,1,53.97,7.54,,
280360,P,2001-05-11,81434,9,11.74,3.14,,
280361,P,2000-09-11,35235,2,71.14,5.86,,
280362,P,2000-05-22,53705,3,30.66,3.83,,
280363,P,2001-01-15,3519,2,11.24,5.91,,
280364,P,2001-05-18,89932,1,16.32,7.66,,
280365,P,2000-03-31,18413,5,24.33,9.81,,
280366,P,2000-05-26,88730,4,62.41,4.43,,
280367,P,2002-05-07,78471,7,38.90,8.98,,
280368,P,2002-02-03,79102,6,16.50,6.92,,
280369,P,2002-02-11,71429,8,65.01,5.19,,
280370,P,2001-07-26,19240,8,59.16,9.80,,
280371,P,2000-11-23,50618,9,93.26,0.23,,
280372,P,2001-02-19,93650,4,82.40,6.02,,
280373,P,2002-01-13,31479,6,23.00,9.10,,
280374,P,2001-07-21,41384,5,82.31,4.92,,
280375,P,2000-05-27,60660,9,84.74,2.98,,
280376,P,2002-01-31,28454,5,8.09,9.56,,
280377,P,2001-02-01,38066,9,42.61,0.37,,
280378,P,2000-07-25,13175,5,86.39,3.52,,
280379,P,2002-04-01,56862,4,72.56,8.90,,
280380,P,2001-01-07,91986,6,39.99,2.43,,
280381,P,2001-01-12,36168,7,96.61,4.41,,
280382,P,2002-06-06,96764,4,58.89,2.55,,
280383,P,2001-03-22,96034,3,58.20,4.49,,
280384,P,2002-06-03,21984,1,34.69,2.99,,
280385,P,2002-03-23,61306,1,71.79,4.36,,
280386,P,2001-06-27,58657,1,93.48,6.49,,
280387,P,2000-04-11,74950,2,35.38,1.00,,
280388,P,2000-05-22,81699,4,62.00,1.17,,
280389,P,2000-03-30,55425,7,0.06,5.95,,
280390,P,2001-01-16,6990,8,14.70,0.79,,
280391,P,2001-03-01,49588,8,16.81,3.09,,
280392,P,2001-01-30,7517,6,86.43,8.86,,
280393,P,2002-02-21,10732,8,8.57,4.02,,
280394,P,2001-09-07,77874,6,61.83,3.25,,
280395,P,2000-03-11,12866,1,95.95,9.53,,
280396,P,2001-05-10,79581,1,1.25,6.65,,
280397,P,2001-01-05,71746,2,26.78,5.17,,
280398,P,2000-07-01,85025,4,27.73,9.76,,
280399,P,2000-05-21,67517,1,92.88,3.34,,
280400,P,2000-04-12,85083,8,64.30,4.35,,
280401,P,2000-12-18,29782,4,45.70,6.80,,
280402,P,2000-05-05,90393,4,99.26,1.04,,
280403,P,2001-07-14,9538,3,63.57,3.55,,
280404,P,2000-01-14,9431,5,45.36,2.65,,
280405,P,2001-01-15,2155,6,16.67,7.36,,
280406,P,2000-05-24,88015,3,12.42,1.36,,
280407,P,2002-05-20,61560,10,47.77,5.35,,
280408,P,2001-10-02,60207,9,95.35,4.10,,
280409,P,2001-09-26,22610,3,53.65,2.43,,
280410,P,2002-09-05,64850,1,85.09,0.97,,
280411,P,2001-05-01,59296,8,88.38,7.31,,
280412,P,2000-03-09,74211,5,35.36,5.26,,
280413,P,2002-01-18,64218,10,80.76,9.50,,
280414,P,2002-06-19,1796,7,50.02,4.83,,
280415,P,2000-06-04,20519,3,0.06,2.44,,
280416,P,2001-09-08,99155,1,25.89,1.13,,
280417,P,2001-12-23,24810,9,27.81,3.32,,
280418,P,2000-06-12,96453,10,94.60,2.48,,
280419,P,2001-10-05,59190,6,20.56,6.80,,
280420,P,2002-02-19,45000,7,26.79,6.03,,
280421,P,2001-11-04,39604,7,15.30,3.45,,
280422,P,2000-11-17,94266,3,45.38,1.26,,
280423,P,2001-07-18,28220,7,18.00,0.95,,
280424,P,2000-07-29,24057,1,82.04,6.82,,
280425,P,2001-08-19,84743,2,95.00,7.54,,
280426,P,2000-07-10,84345,9,23.81,1.89,,
280427,P,2001-05-14,59501,4,50.98,0.60,,
280428,P,2002-02-25,48665,7,20.08,9.83,,
280429,P,2001-01-08,74275,6,49.57,9.38,,
280430,P,2001-03-08,80089,9,65.36,2.78,,
280431,P,2000-11-07,30803,8,18.09,1.49,,
280432,P,2001-04-26,51230,6,6.00,4.29,,
280433,P,2001-07-24,19280,7,83.86,8.84,,
280434,P,2001-10-24,56994,3,55.35,6.92,,
280435,P,2002-03-26,84004,5,32.54,9.94,,
280436,P,2000-08-09,25920,7,10.42,6.10,,
280437,P,2002-06-16,3827,9,63.64,0.39,,
280438,P,2002-07-23,93739,3,87.41,4.24,,
280439,P,2000-06-27,98546,9,63.57,4.40,,
280440,P,2001-09-14,30440,8,48.03,8.68,,
280441,P,2000-03-29,5948,1,81.21,7.31,,
280442,P,2000-02-05,7871,3,65.75,3.92,,
280443,P,2002-02-21,15559,5,10.03,9.66,,
280444,P,2000-07-09,54843,4,64.30,4.86,,
280445,P,2002-06-05,5198,1,93.88,6.16,,
280446,P,2001-05-07,23613,3,82.61,2.94,,
280447,P,2000-03-31,34146,10,20.33,8.73,,
280448,P,2000-10-23,56323,10,67.88,3.74,,
280449,P,2000-08-01,91061,1,89.24,5.83,,
280450,P,2000-10-03,73997,7,84.25,4.15,,
280451,P,2001-01-10,18717,9,74.94,8.91,,
280452,P,2000-01-29,77996,1,24.99,8.19,,
280453,P,2001-06-01,1685,7,11.92,7.14,,
280454,P,2002-03-17,98902,2,86.17,8.38,,
280455,P,2002-01-10,73347,8,22.75,9.71,,
280456,P,2001-06-03,7931,9,6.38,3.35,,
280457,P,2001-02-04,33134,2,39.63,7.83,,
280458,P,2001-02-02,18228,9,2.78,2.03,,
280459,P,2002-07-25,9509,10,72.68,0.99,,
280460,P,2002-05-22,1856,8,93.07,5.65,,
280461,P,2001-05-26,5071,7,3.00,2.64,,
280462,P,2000-06-24,9003,4,60.70,4.53,,
280463,P,2000-06-13,54917,1,95.40,7.15,,
280464,P,2000-10-16,29642,1,80.16,0.54,,
280465,P,2001-07-19,47881,6,25.80,5.04,,
280466,P,2002-02-12,66639,6,45.39,7.83,,
280467,P,2002-06-30,67232,10,77.91,9.76,,
280468,P,2001-03-01,76444,8,53.72,1.41,,
280469,P,2002-04-20,96014,6,52.16,2.19,,
280470,P,2000-03-03,53339,1,99.90,8.88,,
280471,P,2002-02-06,38163,9,9.54,1.62,,
280472,P,2000-05-06,83632,5,51.74,6.99,,
280473,P,2000-03-09,1682,4,72.22,8.30,,
280474,P,2001-04-14,36054,4,49.16,0.75,,
280475,P,2002-04-13,64097,3,64.50,6.43,,
280476,P,2001-05-04,77023,9,44.95,4.65,,
280477,P,2001-07-11,6030,9,41.46,2.29,,
280478,P,2002-04-22,75554,6,33.11,6.09,,
280479,P,2002-06-01,58594,4,9.60,8.70,,
280480,P,2001-08-08,57172,3,77.01,5.01,,
280481,P,2001-10-11,22851,4,71.78,2.01,,
280482,P,2000-06-01,18517,7,85.47,0.83,,
280483,P,2001-09-08,30555,5,41.04,4.82,,
280484,P,2001-09-20,25196,4,7.70,6.94,,
280485,P,2000-09-27,95631,5,47.68,4.31,,
280486,P,2002-08-12,75071,7,38.73,6.38,,
280487,P,2002-07-23,29777,1,72.57,3.10,,
280488,P,2002-01-16,82170,7,53.15,5.33,,
280489,P,2001-12-11,76428,2,5.61,8.47,,
280490,P,2001-01-24,27772,3,41.87,6.42,,
280491,P,2001-01-26,88778,5,91.30,9.01,,
280492,P,2000-08-11,80790,4,56.57,9.11,,
280493,P,2001-11-06,30384,2,60.39,0.82,,
280494,P,2000-05-01,63101,1,74.91,4.80,,
280495,P,2001-09-15,1594,4,90.00,4.05,,
280496,P,2000-12-03,80175,3,78.00,4.67,,
280497,P,2001-03-11,28792,1,99.86,1.84,,
280498,P,2002-05-10,49248,4,94.58,6.44,,
280499,P,2002-08-05,31868,7,57.33,5.55,,
280500,P,2001-07-25,85753,1,62.03,4.71,,
280501,P,2001-11-19,43517,4,41.83,1.41,,
280502,P,2001-10-17,76914,1,28.89,2.72,,
280503,P,2001-11-18,13039,10,23.55,9.05,,
280504,P,2002-02-09,11285,1,7.46,1.19,,
280505,P,2001-08-06,99750,9,2.89,6.90,,
280506,P,2001-05-04,12207,1,62.90,6.63,,
280507,P,2000-09-01,98153,3,66.77,8.85,,
280508,P,2001-03-22,93319,3,16.67,6.65,,
280509,P,2000-09-28,47062,9,31.85,2.55,,
280510,P,2000-06-17,88995,1,49.89,9.51,,
280511,P,2002-02-24,15464,1,58.75,8.43,,
280512,P,2000-06-18,20496,5,25.79,9.99,,
280513,P,2000-03-03,4807,6,88.83,6.46,,
280514,P,2000-01-08,27976,6,67.10,0.10,,
280515,P,2000-08-14,29848,7,34.39,4.05,,
280516,P,2000-12-22,32320,2,98.80,9.19,,
280517,P,2000-12-02,89688,5,88.47,6.27,,
280518,P,2000-01-19,56418,1,47.99,6.35,,
280519,P,2000-03-18,9574,8,30.57,5.76,,
280520,P,2002-03-17,82917,4,0.04,7.93,,
280521,P,2001-11-26,57113,9,49.10,1.16,,
280522,P,2001-07-23,88556,2,15.46,2.84,,
280523,P,2000-11-02,86210,2,90.70,1.18,,
280524,P,2002-08-28,72507,9,53.00,3.69,,
280525,P,2001-02-01,58252,6,47.86,5.58,,
280526,P,2002-01-17,94321,8,64.30,7.93,,
280527,P,2000-02-01,76064,4,55.14,7.78,,
280528,P,2002-04-23,16361,5,47.02,3.35,,
280529,P,2002-07-29,56454,7,34.21,9.24,,
280530,P,2001-07-04,15589,1,15.27,2.37,,
280531,P,2001-12-31,23165,8,83.81,7.76,,
280532,P,2000-06-21,24907,3,44.51,0.61,,
280533,P,2002-08-07,74117,5,93.95,9.58,,
280534,P,2002-03-16,53261,5,27.70,7.26,,
280535,P,2000-12-08,91068,4,7.67,2.52,,
280536,P,2001-04-23,85562,4,59.48,2.66,,
280537,P,2000-10-03,60214,8,98.14,9.06,,
280538,P,2001-09-20,40378,9,93.49,3.83,,
280539,P,2002-02-16,30305,7,31.37,0.32,,
280540,P,2000-03-11,44090,1,11.42,4.49,,
280541,P,2001-09-14,35415,8,39.69,7.57,,
280542,P,2000-08-04,86385,2,31.25,7.00,,
280543,P,2002-08-10,50393,2,61.20,2.70,,
280544,P,2000-01-20,50128,4,89.76,7.27,,
280545,P,2002-08-15,54584,2,0.54,4.66,,
280546,P,2000-11-10,61172,6,78.74,2.92,,
280547,P,2001-01-27,44738,8,89.71,8.67,,
280548,P,2002-05-23,31307,9,81.27,1.97,,
280549,P,2000-12-26,31162,4,59.61,8.52,,
280550,P,2002-07-03,46857,2,91.78,3.35,,
280551,P,2001-12-15,93691,8,15.40,3.62,,
280552,P,2002-06-13,27852,3,38.96,7.01,,
280553,P,2000-09-15,42008,1,39.29,9.26,,
280554,P,2000-09-06,19865,6,24.74,8.89,,
280555,P,2001-11-08,86195,10,27.62,8.41,,
280556,P,2001-12-26,88526,8,48.77,4.82,,
280557,P,2001-01-22,13655,4,41.38,3.33,,
280558,P,2000-05-10,79639,8,37.82,4.56,,
280559,P,2002-02-10,10146,4,72.23,9.15,,
280560,P,2000-04-22,6456,4,74.00,8.83,,
280561,P,2001-07-17,18280,6,40.14,1.66,,
280562,P,2000-07-21,32947,4,67.00,0.57,,
280563,P,2000-02-01,57275,2,73.24,0.96,,
280564,P,2001-01-03,50027,5,62.31,2.25,,
280565,P,2001-08-09,13641,8,12.27,8.09,,
280566,P,2002-06-06,70852,10,49.63,8.27,,
280567,P,2000-04-07,37098,4,77.92,7.97,,
280568,P,2001-11-24,60676,10,67.05,6.31,,
280569,P,2001-02-21,97948,2,41.85,3.74,,
280570,P,2002-07-27,62611,3,79.63,3.82,,
280571,P,2002-09-21,74274,3,52.71,0.89,,
280572,P,2000-11-12,6796,4,64.18,9.65,,
280573,P,2001-10-23,56073,6,77.03,5.02,,
280574,P,2002-05-10,76288,1,14.11,2.34,,
280575,P,2000-02-12,55368,9,72.32,8.72,,
280576,P,2000-08-18,81784,6,83.29,6.19,,
280577,P,2000-09-15,18486,4,71.67,5.79,,
280578,P,2002-01-12,40568,6,87.75,7.82,,
280579,P,2000-05-04,36192,5,99.85,3.09,,
280580,P,2002-07-03,30429,5,62.92,8.33,,
280581,P,2002-04-06,40128,1,7.67,4.12,,
280582,P,2000-04-24,18764,1,4.79,9.40,,
280583,P,2002-02-05,94687,1,36.50,1.25,,
280584,P,2000-10-15,19485,7,1.98,8.39,,
280585,P,2001-09-14,66194,5,22.66,8.12,,
280586,P,2002-03-30,49429,10,57.58,7.15,,
280587,P,2001-02-09,32003,2,46.01,2.36,,
280588,P,2001-07-01,37059,6,52.14,3.72,,
280589,P,2000-09-21,38322,7,8.43,2.38,,
280590,P,2002-09-12,65463,4,79.11,8.01,,
280591,P,2000-01-25,8392,5,7.48,5.06,,
280592,P,2001-10-24,65861,2,92.51,9.39,,
280593,P,2002-09-04,57750,4,84.83,9.95,,
280594,P,2000-01-19,82705,9,98.50,0.16,,
280595,P,2001-12-18,49841,1,32.63,6.30,,
280596,P,2001-11-18,24420,4,95.86,3.41,,
280597,P,2000-03-26,30119,3,22.24,2.98,,
280598,P,2000-12-19,67138,10,93.66,4.39,,
280599,P,2001-08-28,24870,4,84.48,9.06,,
280600,P,2002-08-09,46887,7,13.67,8.86,,
280601,P,2002-08-10,59055,3,78.25,4.69,,
280602,P,2001-12-25,63615,10,21.22,0.37,,
280603,P,2001-02-16,80231,1,15.89,1.76,,
280604,P,2001-07-01,76905,6,21.95,0.19,,
280605,P,2002-01-13,18454,3,16.69,2.78,,
280606,P,2000-05-13,53160,10,91.59,8.42,,
280607,P,2000-06-09,95859,10,39.10,9.70,,
280608,P,2001-12-04,12304,5,60.50,9.88,,
280609,P,2000-12-25,41029,10,94.17,7.11,,
280610,P,2001-01-30,21319,5,9.85,3.27,,
280611,P,2001-02-26,34749,3,26.26,2.00,,
280612,P,2002-01-02,86825,2,92.82,2.07,,
280613,P,2000-04-18,67535,10,11.83,0.16,,
280614,P,2000-08-12,90568,7,38.96,1.81,,
280615,P,2000-12-01,11348,6,20.84,5.47,,
280616,P,2000-05-20,54377,9,49.36,5.89,,
280617,P,2002-08-01,44901,6,93.56,6.93,,
280618,P,2002-02-28,3089,2,26.32,8.20,,
280619,P,2000-08-05,68818,6,96.62,0.47,,
280620,P,2001-04-15,62066,3,46.59,2.36,,
280621,P,2000-05-08,13928,6,7.97,9.67,,
280622,P,2001-04-25,57450,6,72.61,4.33,,
280623,P,2000-09-15,67541,2,36.07,3.46,,
280624,P,2000-03-28,34014,4,62.26,3.49,,
280625,P,2002-03-24,85112,7,38.25,8.58,,
280626,P,2001-03-17,44818,4,65.83,7.87,,
280627,P,2000-09-07,23852,5,98.00,4.72,,
280628,P,2001-12-03,42985,6,0.93,5.14,,
280629,P,2002-06-28,36530,4,62.93,6.64,,
280630,P,2001-11-03,18573,4,40.88,8.47,,
280631,P,2002-06-23,62252,9,27.42,2.69,,
280632,P,2002-01-19,78881,7,0.52,0.05,,
280633,P,2000-02-26,34650,10,18.92,5.14,,
280634,P,2001-03-13,8755,7,66.46,6.86,,
280635,P,2002-03-22,88035,6,39.52,1.84,,
280636,P,2002-06-10,10555,8,54.96,9.31,,
280637,P,2000-07-10,72087,5,68.04,4.61,,
280638,P,2000-07-01,89239,6,54.15,9.66,,
280639,P,2000-08-07,83664,3,5.12,7.56,,
280640,P,2000-05-23,52154,2,46.95,3.49,,
280641,P,2000-07-07,14008,3,30.72,9.95,,
280642,P,2001-03-15,54176,6,38.80,5.62,,
280643,P,2002-01-04,74669,9,67.25,4.65,,
280644,P,2001-02-14,41088,4,25.17,4.11,,
280645,P,2001-05-27,10575,3,33.51,7.56,,
280646,P,2002-07-05,8551,4,34.02,4.40,,
280647,P,2001-09-25,5818,1,4.68,3.26,,
280648,P,2001-05-26,66660,6,90.96,8.81,,
280649,P,2002-08-01,39799,8,60.65,7.87,,
280650,P,2001-08-06,49805,7,97.52,7.25,,
280651,P,2002-08-09,78261,5,38.34,0.87,,
280652,P,2001-11-23,95554,9,75.09,1.67,,
280653,P,2002-03-30,32103,10,82.10,1.48,,
280654,P,2001-10-11,6166,5,61.33,4.05,,
280655,P,2001-02-09,43571,7,81.05,8.79,,
280656,P,2002-02-03,37874,7,27.74,5.58,,
280657,P,2001-08-24,21766,10,12.10,1.25,,
280658,P,2002-04-24,40197,7,18.81,6.62,,
280659,P,2002-05-13,42933,4,86.07,9.09,,
280660,P,2000-04-14,17664,1,17.10,7.69,,
280661,P,2000-02-15,5118,2,35.81,9.15,,
280662,P,2002-01-14,15530,4,99.91,4.88,,
280663,P,2001-05-31,54500,8,10.58,7.48,,
280664,P,2000-04-02,70665,1,52.43,5.16,,
280665,P,2001-10-11,29627,5,90.93,4.11,,
280666,P,2002-03-06,58724,7,64.80,1.62,,
280667,P,2001-10-10,87660,5,63.38,3.23,,
280668,P,2001-07-18,82774,5,68.00,5.12,,
280669,P,2000-03-09,88782,3,2.16,8.51,,
280670,P,2000-07-03,33286,7,74.65,9.85,,
280671,P,2000-07-18,16134,10,68.05,1.91,,
280672,P,2000-02-10,88638,1,14.93,0.37,,
280673,P,2000-10-11,67505,2,62.97,8.78,,
280674,P,2001-08-24,1176,5,66.27,1.84,,
280675,P,2001-11-07,88397,5,31.30,1.78,,
280676,P,2000-05-12,97575,10,78.63,9.64,,
280677,P,2000-12-16,80158,6,34.77,5.25,,
280678,P,2000-09-03,76899,3,40.71,9.39,,
280679,P,2000-01-24,80940,1,96.62,9.86,,
280680,P,2000-04-01,72407,3,43.28,4.49,,
280681,P,2000-02-01,12700,5,39.03,7.38,,
280682,P,2001-07-03,14923,5,56.89,5.78,,
280683,P,2001-11-15,92868,3,9.23,4.43,,
280684,P,2000-12-25,45152,3,79.63,0.92,,
280685,P,2000-07-09,98816,1,19.60,9.06,,
280686,P,2000-09-20,51363,9,74.55,2.72,,
280687,P,2002-04-11,62255,2,63.03,2.07,,
280688,P,2002-05-08,28914,1,63.81,5.44,,
280689,P,2000-06-08,85791,3,12.02,8.72,,
280690,P,2000-03-05,47347,3,71.55,2.99,,
280691,P,2002-05-18,81009,10,71.67,0.75,,
280692,P,2001-03-07,92051,1,60.31,1.08,,
280693,P,2001-08-26,59727,2,55.73,1.93,,
280694,P,2000-11-14,25264,7,40.70,5.40,,
280695,P,2001-01-13,98484,1,50.47,9.12,,
280696,P,2000-08-20,98531,8,45.65,3.17,,
280697,P,2001-02-23,56384,10,27.19,9.73,,
280698,P,2000-11-03,99438,6,77.97,9.45,,
280699,P,2002-02-15,40917,5,75.43,9.69,,
280700,P,2002-01-03,22066,9,77.82,2.06,,
280701,P,2002-05-21,14847,9,89.21,6.27,,
280702,P,2001-09-15,41391,5,1.10,3.44,,
280703,P,2002-09-26,52222,4,34.80,6.14,,
280704,P,2001-01-06,53242,6,29.43,2.26,,
280705,P,2001-08-19,73777,7,60.07,1.90,,
280706,P,2001-05-17,29535,5,13.20,0.75,,
280707,P,2000-02-06,48151,6,2.86,1.19,,
280708,P,2000-08-02,95592,4,4.24,2.94,,
280709,P,2001-06-27,89551,2,2.07,9.31,,
280710,P,2001-06-13,22473,8,74.98,9.16,,
280711,P,2001-08-07,89254,8,96.59,3.51,,
280712,P,2001-12-09,16202,6,27.33,3.34,,
280713,P,2002-03-27,71849,6,58.23,3.18,,
280714,P,2000-12-23,84770,2,82.59,4.36,,
280715,P,2002-08-11,52224,7,93.62,1.38,,
280716,P,2002-09-26,76551,4,58.10,1.48,,
280717,P,2001-12-27,65592,5,41.43,8.67,,
280718,P,2000-05-01,99120,1,79.36,8.07,,
280719,P,2000-04-11,70024,2,77.99,3.40,,
280720,P,2000-08-25,37289,6,43.38,9.61,,
280721,P,2000-08-06,51393,1,6.31,3.05,,
280722,P,2000-08-07,75291,7,11.43,5.56,,
280723,P,2001-06-20,81539,6,85.95,5.34,,
280724,P,2000-07-18,32,6,35.80,4.34,,
280725,P,2002-05-20,96686,8,31.40,9.38,,
280726,P,2002-07-26,58390,6,71.25,0.19,,
280727,P,2000-05-13,42475,10,26.71,1.19,,
280728,P,2002-06-01,32752,4,66.23,5.20,,
280729,P,2001-09-20,46154,3,39.42,8.46,,
280730,P,2001-07-20,83972,6,67.75,5.85,,
280731,P,2000-04-17,1954,8,8.12,3.39,,
280732,P,2002-04-11,36253,8,77.45,4.66,,
280733,P,2002-01-01,45434,2,12.93,2.97,,
280734,P,2000-12-31,9825,5,51.13,2.60,,
280735,P,2002-09-06,68532,6,84.74,0.59,,
280736,P,2001-05-31,36030,6,23.76,1.27,,
280737,P,2000-10-30,73507,5,10.42,7.67,,
280738,P,2000-07-26,99952,4,52.61,3.50,,
280739,P,2002-06-14,87791,4,58.62,0.23,,
280740,P,2000-08-01,83762,7,29.40,3.92,,
280741,P,2002-08-17,98426,7,95.74,5.31,,
280742,P,2000-01-10,99452,4,80.52,9.10,,
280743,P,2001-05-04,38585,9,13.62,8.46,,
280744,P,2001-01-29,21500,8,83.39,2.84,,
280745,P,2001-06-12,27795,6,66.53,9.87,,
280746,P,2000-05-11,46438,6,57.01,7.84,,
280747,P,2002-02-02,22489,9,62.95,4.18,,
280748,P,2001-07-31,24959,7,57.04,9.75,,
280749,P,2000-06-03,70759,1,44.92,2.37,,
280750,P,2000-09-22,69639,5,17.04,8.31,,
280751,P,2000-08-22,4447,10,75.08,6.55,,
280752,P,2001-06-15,71281,10,63.95,5.33,,
280753,P,2001-04-18,98382,5,39.98,9.36,,
280754,P,2000-02-11,86148,2,43.07,2.28,,
280755,P,2002-03-25,45722,8,38.89,3.78,,
280756,P,2001-01-10,54592,2,94.49,5.93,,
280757,P,2000-03-06,35834,6,43.92,4.35,,
280758,P,2000-10-22,88217,1,83.72,3.10,,
280759,P,2001-02-13,32669,2,29.96,5.95,,
280760,P,2001-10-26,33300,4,69.17,5.61,,
280761,P,2001-12-16,887,2,5.54,0.01,,
280762,P,2000-07-19,79040,5,73.93,9.73,,
280763,P,2002-03-11,58061,2,48.59,3.76,,
280764,P,2001-11-15,68933,3,39.31,7.38,,
280765,P,2000-08-18,79055,4,12.32,4.67,,
280766,P,2002-08-14,71300,7,59.31,0.23,,
280767,P,2002-07-18,32996,10,40.88,3.60,,
280768,P,2000-03-20,85481,9,47.67,4.93,,
280769,P,2001-01-08,37308,6,23.94,0.39,,
280770,P,2002-03-30,43931,1,67.38,8.78,,
280771,P,2002-05-03,82384,1,69.47,3.66,,
280772,P,2002-05-02,30371,2,87.19,3.82,,
280773,P,2002-07-26,93285,4,78.03,8.29,,
280774,P,2001-08-31,89911,10,49.03,1.06,,
280775,P,2002-02-12,99581,1,72.86,6.02,,
280776,P,2002-03-09,74566,7,60.33,8.54,,
280777,P,2001-01-29,67454,6,33.20,7.30,,
280778,P,2001-07-05,6448,8,41.91,2.65,,
280779,P,2002-02-09,6193,3,88.43,1.19,,
280780,P,2002-06-28,34531,7,31.14,3.44,,
280781,P,2001-11-28,31662,10,35.30,8.85,,
280782,P,2000-04-06,79708,3,46.63,1.13,,
280783,P,2000-01-25,51731,5,61.83,7.52,,
280784,P,2000-05-11,57231,2,85.16,8.31,,
280785,P,2000-09-26,74476,6,87.40,7.62,,
280786,P,2002-08-12,6269,8,9.62,4.02,,
280787,P,2002-05-07,89625,1,84.13,8.18,,
280788,P,2000-02-22,5618,1,67.78,4.66,,
280789,P,2002-07-09,22601,4,41.25,0.14,,
280790,P,2002-02-15,71523,10,24.10,8.49,,
280791,P,2000-10-23,23048,10,75.69,8.42,,
280792,P,2002-09-10,17008,9,48.99,0.21,,
280793,P,2002-03-14,89747,1,31.18,0.86,,
280794,P,2002-05-13,96184,1,36.75,2.42,,
280795,P,2000-05-05,23740,2,72.12,9.01,,
280796,P,2001-01-08,10936,8,67.39,5.95,,
280797,P,2001-08-25,18838,2,85.60,9.61,,
280798,P,2002-08-29,16182,9,0.01,5.65,,
280799,P,2000-09-12,35175,8,60.90,8.65,,
280800,P,2001-06-03,64398,4,90.71,6.10,,
280801,P,2001-05-31,23874,7,35.60,8.54,,
280802,P,2002-05-31,8836,7,14.46,3.74,,
280803,P,2000-08-28,96259,3,98.78,6.51,,
280804,P,2000-01-19,12104,3,15.93,7.35,,
280805,P,2002-08-09,44240,5,30.23,9.19,,
280806,P,2000-01-13,4602,9,73.54,9.52,,
280807,P,2000-04-14,94345,7,9.47,0.67,,
280808,P,2000-10-15,18304,6,33.65,3.93,,
280809,P,2000-09-02,82822,5,52.64,1.32,,
280810,P,2000-12-22,33849,5,53.41,7.90,,
280811,P,2002-03-15,42780,6,64.90,3.68,,
280812,P,2001-03-17,87123,3,77.46,9.75,,
280813,P,2000-02-23,56366,5,56.47,8.81,,
280814,P,2000-05-26,19415,6,27.75,2.59,,
280815,P,2002-09-19,11565,1,85.57,3.40,,
280816,P,2002-09-21,60907,1,72.38,5.24,,
280817,P,2002-01-17,92740,2,38.65,4.70,,
280818,P,2000-12-30,13719,7,37.95,4.39,,
280819,P,2001-04-13,89923,5,45.07,6.97,,
280820,P,2000-04-24,50057,3,0.31,3.09,,
280821,P,2001-02-27,27492,4,37.81,1.15,,
280822,P,2002-08-19,88316,5,94.51,3.26,,
280823,P,2002-09-03,43887,6,83.65,4.61,,
280824,P,2000-11-26,95396,7,56.47,5.62,,
280825,P,2001-09-24,49041,1,3.14,4.35,,
280826,P,2000-12-17,74907,4,3.44,7.63,,
280827,P,2002-05-16,2906,8,44.93,9.61,,
280828,P,2000-07-14,57622,1,78.71,0.15,,
280829,P,2000-07-18,94154,8,9.10,8.36,,
280830,P,2001-02-26,54559,8,40.96,4.03,,
280831,P,2000-09-28,95098,3,61.83,7.10,,
280832,P,2000-04-11,24769,8,86.71,8.82,,
280833,P,2001-03-05,26903,1,70.44,8.84,,
280834,P,2000-06-17,11346,2,99.26,7.71,,
280835,P,2001-10-29,36394,3,27.80,6.21,,
280836,P,2001-10-25,16318,9,93.47,6.69,,
280837,P,2002-06-10,25886,10,47.28,0.50,,
280838,P,2001-04-06,87303,4,10.38,7.79,,
280839,P,2001-08-09,14815,9,77.73,0.22,,
280840,P,2002-05-25,2370,10,85.13,8.53,,
280841,P,2001-01-28,65200,8,54.36,5.86,,
280842,P,2000-08-01,60058,9,58.00,4.82,,
280843,P,2000-02-18,69849,8,84.02,0.92,,
280844,P,2002-02-28,71453,10,60.39,1.97,,
280845,P,2001-10-20,45958,8,50.42,0.04,,
280846,P,2000-01-11,18655,5,78.55,4.80,,
280847,P,2000-12-19,23186,6,81.13,7.18,,
280848,P,2000-11-02,56555,8,44.64,2.81,,
280849,P,2001-07-25,84669,4,10.97,7.25,,
280850,P,2002-01-23,65809,4,47.62,2.14,,
280851,P,2002-06-08,37075,9,65.73,8.78,,
280852,P,2001-02-18,24599,2,16.52,8.98,,
280853,P,2000-01-12,39092,7,56.71,8.07,,
280854,P,2001-02-24,64342,4,49.09,3.85,,
280855,P,2002-07-27,26539,1,71.36,6.29,,
280856,P,2000-07-05,23899,3,64.16,1.57,,
280857,P,2000-12-25,52063,9,52.66,6.38,,
280858,P,2002-02-22,33938,1,60.93,2.86,,
280859,P,2002-06-20,61053,1,31.37,3.96,,
280860,P,2001-06-16,84370,3,75.54,8.40,,
280861,P,2001-06-10,1548,2,68.20,4.71,,
280862,P,2002-08-06,60008,8,1.00,6.98,,
280863,P,2000-06-15,58593,6,95.22,3.32,,
280864,P,2001-07-20,44196,5,10.41,1.00,,
280865,P,2001-06-03,99241,9,63.27,5.46,,
280866,P,2002-09-02,97641,10,21.90,1.84,,
280867,P,2001-01-01,51405,7,47.52,2.12,,
280868,P,2000-09-30,15319,10,52.01,5.77,,
280869,P,2000-07-13,6390,10,1.88,8.09,,
280870,P,2000-09-11,39760,3,65.16,1.33,,
280871,P,2001-09-16,44179,7,15.03,1.18,,
280872,P,2000-05-17,69906,7,68.99,2.34,,
280873,P,2000-04-23,53305,1,97.96,2.04,,
280874,P,2001-11-27,9371,1,35.46,6.38,,
280875,P,2000-06-06,1135,5,91.93,5.63,,
280876,P,2000-12-08,97076,2,90.71,1.27,,
280877,P,2001-01-22,26761,2,99.86,5.90,,
280878,P,2001-11-18,86914,8,77.92,6.74,,
280879,P,2001-11-14,62975,8,41.05,2.59,,
280880,P,2001-04-26,97739,3,38.89,7.96,,
280881,P,2001-08-12,92653,6,20.39,8.46,,
280882,P,2000-05-18,542,8,26.68,1.70,,
280883,P,2000-06-16,88344,4,83.96,9.89,,
280884,P,2000-06-14,81496,2,8.40,3.29,,
280885,P,2001-11-22,56396,5,56.04,4.99,,
280886,P,2000-04-03,78875,4,99.31,7.91,,
280887,P,2002-08-01,81915,7,78.88,3.82,,
280888,P,2000-04-21,44989,10,92.05,9.45,,
280889,P,2001-12-16,54738,1,75.89,4.20,,
280890,P,2002-03-27,37954,1,31.91,6.44,,
280891,P,2000-01-04,10603,6,17.42,3.06,,
280892,P,2000-06-08,80926,10,74.80,9.50,,
280893,P,2000-03-16,75928,2,75.69,1.61,,
280894,P,2001-03-02,98224,1,18.66,7.18,,
280895,P,2000-03-18,83227,1,15.30,8.85,,
280896,P,2002-02-09,32867,2,74.17,8.32,,
280897,P,2002-01-02,63405,8,83.10,1.32,,
280898,P,2002-07-09,4078,4,46.16,3.57,,
280899,P,2002-01-25,97859,4,5.52,2.63,,
280900,P,2001-06-17,77961,6,12.54,9.90,,
280901,P,2000-01-04,33698,8,45.64,0.94,,
280902,P,2002-07-05,29289,7,3.56,5.15,,
280903,P,2000-11-24,69571,10,36.64,1.61,,
280904,P,2002-01-25,36817,1,30.44,4.77,,
280905,P,2001-03-18,65200,6,18.25,3.52,,
280906,P,2000-06-17,61373,5,61.12,0.33,,
280907,P,2000-04-07,73183,2,38.67,4.99,,
280908,P,2000-05-09,95961,8,34.96,0.21,,
280909,P,2000-02-22,38382,7,78.74,3.70,,
280910,P,2000-10-13,29703,1,57.20,3.15,,
280911,P,2000-07-01,253,4,9.13,7.24,,
280912,P,2002-07-28,35299,9,17.10,4.45,,
280913,P,2000-03-02,41554,1,62.66,5.32,,
280914,P,2000-08-29,31985,7,4.28,4.69,,
280915,P,2001-12-31,99447,5,85.44,0.75,,
280916,P,2001-05-16,13320,4,48.03,9.84,,
280917,P,2002-01-25,10686,1,61.51,5.12,,
280918,P,2002-02-02,69310,5,10.13,4.52,,
280919,P,2000-12-24,14474,7,7.96,8.87,,
280920,P,2000-08-03,22735,9,9.34,2.43,,
280921,P,2002-05-15,43501,4,15.79,5.71,,
280922,P,2002-08-07,20331,1,67.09,4.14,,
280923,P,2000-01-11,61374,3,95.90,2.88,,
280924,P,2002-03-03,9707,1,57.86,1.76,,
280925,P,2002-06-06,64235,8,77.19,2.34,,
280926,P,2002-08-03,56813,8,59.03,1.93,,
280927,P,2001-09-19,43436,10,70.13,0.90,,
280928,P,2001-10-06,33411,6,75.97,0.09,,
280929,P,2000-01-21,33950,5,42.68,2.39,,
280930,P,2001-10-08,1711,10,30.11,2.01,,
280931,P,2002-05-26,89211,1,73.66,8.54,,
280932,P,2000-08-10,86690,7,7.77,4.97,,
280933,P,2002-02-08,57492,6,48.50,2.87,,
280934,P,2002-06-15,85389,8,22.71,9.11,,
280935,P,2002-05-20,59785,4,60.29,0.82,,
280936,P,2001-03-14,75730,5,67.84,7.43,,
280937,P,2001-08-30,72626,2,1.67,3.75,,
280938,P,2000-11-11,46126,2,29.90,4.36,,
280939,P,2000-03-01,70304,3,82.53,5.48,,
280940,P,2002-08-24,95609,5,86.84,2.53,,
280941,P,2000-01-23,81199,7,5.39,7.59,,
280942,P,2001-09-28,39310,7,44.58,8.23,,
280943,P,2001-08-29,50601,2,75.42,7.73,,
280944,P,2001-09-02,82152,4,81.57,4.91,,
280945,P,2000-12-13,37073,8,6.68,9.49,,
280946,P,2000-08-08,66434,8,55.66,5.74,,
280947,P,2001-11-11,60840,2,88.56,5.15,,
280948,P,2002-09-25,28673,8,49.45,1.55,,
280949,P,2000-11-27,87984,1,26.60,9.77,,
280950,P,2000-06-07,97244,8,13.39,0.05,,
280951,P,2000-04-04,82764,7,80.69,2.61,,
280952,P,2001-12-20,5261,4,69.98,8.69,,
280953,P,2001-05-12,30452,8,3.02,8.80,,
280954,P,2000-05-11,23621,4,7.54,5.72,,
280955,P,2002-09-10,49540,3,79.07,4.52,,
280956,P,2002-05-31,83721,7,7.94,6.87,,
280957,P,2001-10-16,1221,9,60.14,2.82,,
280958,P,2000-01-21,35646,1,78.65,6.38,,
280959,P,2000-10-02,9722,8,11.35,6.84,,
280960,P,2002-02-25,85320,10,48.56,0.52,,
280961,P,2000-09-10,65287,8,69.47,0.20,,
280962,P,2001-04-13,12260,6,9.17,9.64,,
280963,P,2001-06-21,26227,3,26.58,9.72,,
280964,P,2000-10-15,27091,1,36.45,2.43,,
280965,P,2001-06-20,75844,1,19.19,0.70,,
280966,P,2000-03-06,3172,1,1.27,6.89,,
280967,P,2000-05-21,31428,8,10.94,0.18,,
280968,P,2002-09-18,18127,6,25.77,3.00,,
280969,P,2001-10-16,308,7,46.32,6.72,,
280970,P,2000-06-30,83961,8,99.81,1.35,,
280971,P,2000-07-09,40812,7,59.39,3.91,,
280972,P,2001-04-05,60963,3,8.61,6.90,,
280973,P,2002-08-24,76193,3,83.94,8.20,,
280974,P,2002-08-10,83153,4,18.08,2.06,,
280975,P,2001-09-04,78826,2,96.93,7.32,,
280976,P,2001-03-07,18237,7,87.97,4.10,,
280977,P,2001-08-23,23811,8,48.68,0.37,,
280978,P,2002-02-18,17067,5,16.17,0.86,,
280979,P,2002-02-06,89499,6,33.61,0.88,,
280980,P,2001-08-24,81035,9,16.36,2.49,,
280981,P,2002-05-13,82675,5,36.21,0.52,,
280982,P,2002-07-31,63637,7,99.55,7.64,,
280983,P,2002-07-11,66636,9,99.86,4.45,,
280984,P,2001-03-29,98585,7,12.35,8.46,,
280985,P,2001-05-22,69453,10,50.00,7.07,,
280986,P,2002-04-23,96606,1,99.85,9.08,,
280987,P,2001-06-23,86971,5,57.74,4.16,,
280988,P,2002-06-21,82303,1,32.20,2.65,,
280989,P,2000-05-31,58494,7,9.66,3.65,,
280990,P,2002-04-19,90918,10,42.35,5.41,,
280991,P,2002-04-25,68084,3,74.46,4.35,,
280992,P,2002-06-10,27924,4,41.70,7.43,,
280993,P,2000-05-12,6656,10,37.09,6.66,,
280994,P,2001-04-18,40088,5,63.39,0.98,,
280995,P,2000-08-23,76449,4,32.37,1.35,,
280996,P,2000-03-29,94990,9,70.89,2.07,,
280997,P,2001-12-24,24176,2,58.66,7.62,,
280998,P,2002-05-15,93798,5,71.37,5.08,,
280999,P,2000-12-26,43828,10,95.61,4.08,,
281000,P,2002-05-29,38327,6,22.18,5.69,,
281001,P,2000-07-04,29780,9,69.09,1.15,,
281002,P,2001-06-21,46531,5,67.00,0.17,,
281003,P,2000-06-24,2208,7,23.29,7.32,,
281004,P,2000-11-03,59231,10,16.06,3.60,,
281005,P,2000-05-04,6519,9,69.50,7.28,,
281006,P,2002-06-19,47446,10,74.35,8.25,,
281007,P,2000-04-20,77898,5,97.76,9.70,,
281008,P,2001-03-10,64388,9,54.94,5.07,,
281009,P,2000-03-21,2801,3,21.20,4.65,,
281010,P,2001-06-18,22344,7,68.85,2.59,,
281011,P,2001-03-19,62513,2,65.65,8.52,,
281012,P,2001-09-10,67715,4,83.07,6.99,,
281013,P,2000-05-09,64246,5,59.32,1.85,,
281014,P,2002-04-21,55741,5,97.92,8.57,,
281015,P,2001-12-11,21264,10,0.01,9.99,,
281016,P,2000-10-09,40644,4,29.60,7.93,,
281017,P,2000-10-31,88226,2,88.72,3.79,,
281018,P,2000-07-10,92793,4,77.73,0.26,,
281019,P,2000-12-02,90436,10,48.43,2.07,,
281020,P,2000-04-04,39711,4,59.17,0.02,,
281021,P,2002-04-29,76750,1,18.67,6.46,,
281022,P,2001-09-07,87213,1,87.70,3.54,,
281023,P,2002-03-18,6790,7,52.25,1.15,,
281024,P,2002-08-14,90935,6,31.37,3.70,,
281025,P,2000-02-07,30917,3,36.36,2.12,,
281026,P,2001-04-22,19707,7,61.05,2.70,,
281027,P,2000-06-02,70459,8,75.92,4.20,,
281028,P,2000-09-23,71899,8,85.55,4.49,,
281029,P,2002-07-14,23039,4,50.74,6.99,,
281030,P,2001-10-19,70669,2,46.94,8.74,,
281031,P,2001-12-01,74491,2,76.71,0.82,,
281032,P,2002-01-02,53596,10,91.50,2.20,,
281033,P,2002-01-19,62668,1,88.34,0.88,,
281034,P,2002-06-15,70010,8,38.35,8.05,,
281035,P,2001-11-28,85622,3,67.69,9.87,,
281036,P,2001-02-10,82526,3,90.13,2.59,,
281037,P,2001-06-11,99539,7,89.36,5.18,,
281038,P,2001-03-05,27136,1,67.63,9.36,,
281039,P,2001-05-09,14044,3,48.22,4.67,,
281040,P,2000-05-08,52901,1,58.01,0.02,,
281041,P,2000-03-29,24965,4,53.30,1.31,,
281042,P,2000-09-13,57826,1,22.70,0.43,,
281043,P,2002-08-09,46549,6,8.29,8.18,,
281044,P,2001-03-28,69711,6,62.56,3.21,,
281045,P,2000-11-20,43665,2,89.52,5.86,,
281046,P,2001-11-17,37602,8,35.05,5.48,,
281047,P,2001-11-20,72295,1,71.36,3.39,,
281048,P,2001-02-07,74208,3,57.78,9.19,,
281049,P,2002-07-07,16181,1,3.89,8.09,,
281050,P,2000-03-27,71433,4,86.12,0.09,,
281051,P,2001-02-08,96042,7,12.60,5.37,,
281052,P,2001-12-02,11686,5,76.12,5.02,,
281053,P,2001-10-15,37708,5,55.45,1.06,,
281054,P,2000-03-10,74052,6,38.38,2.62,,
281055,P,2000-12-03,40514,3,37.43,2.66,,
281056,P,2002-02-14,7361,10,30.15,8.75,,
281057,P,2000-08-06,87597,6,64.40,9.05,,
281058,P,2000-12-03,99174,8,41.90,8.74,,
281059,P,2000-05-13,81715,5,3.47,2.85,,
281060,P,2002-04-23,72105,9,52.52,1.20,,
281061,P,2002-06-12,8174,5,47.82,3.28,,
281062,P,2000-12-25,26204,2,12.66,3.69,,
281063,P,2001-03-13,78675,4,17.41,1.09,,
281064,P,2002-05-01,23301,10,38.50,4.16,,
281065,P,2001-08-14,29962,7,77.74,5.44,,
281066,P,2000-05-10,18118,6,46.92,4.95,,
281067,P,2001-03-04,16262,4,7.04,8.01,,
281068,P,2001-09-21,25968,3,71.35,0.84,,
281069,P,2001-03-03,33187,4,12.06,7.75,,
281070,P,2001-03-28,16012,1,36.86,8.12,,
281071,P,2000-12-28,17344,4,50.71,9.11,,
281072,P,2000-05-15,71325,4,62.69,2.17,,
281073,P,2001-11-03,66080,6,25.45,9.15,,
281074,P,2000-02-18,43326,10,96.66,9.91,,
281075,P,2002-02-17,74116,1,75.64,3.51,,
281076,P,2000-04-19,59139,1,81.11,5.84,,
281077,P,2001-06-07,13716,5,18.90,0.06,,
281078,P,2000-11-19,45009,8,46.82,5.56,,
281079,P,2002-02-28,65152,6,94.27,3.09,,
281080,P,2000-04-02,73067,10,52.80,9.93,,
281081,P,2002-02-04,95987,3,65.60,8.04,,
281082,P,2001-11-21,69004,6,0.71,8.47,,
281083,P,2001-06-14,60184,2,78.34,6.46,,
281084,P,2001-07-02,91244,1,12.39,9.39,,
281085,P,2000-03-20,2488,3,56.80,4.11,,
281086,P,2001-05-22,59909,1,67.20,4.77,,
281087,P,2001-10-17,50018,5,84.06,0.39,,
281088,P,2002-03-21,90584,7,65.55,5.83,,
281089,P,2000-11-02,36723,4,5.28,7.11,,
281090,P,2001-06-25,62600,6,89.25,6.07,,
281091,P,2001-03-20,7666,6,90.54,9.11,,
281092,P,2001-02-11,96044,6,20.12,9.77,,
281093,P,2000-08-12,36881,9,4.43,6.51,,
281094,P,2001-07-03,5586,4,85.24,9.28,,
281095,P,2002-09-24,3979,10,31.79,7.08,,
281096,P,2002-09-14,47122,7,39.88,4.16,,
281097,P,2002-03-10,39715,1,76.82,3.55,,
281098,P,2000-09-16,23455,6,42.54,8.02,,
281099,P,2001-05-07,33862,7,81.24,9.48,,
281100,P,2002-01-08,36174,3,7.70,9.75,,
281101,P,2001-10-25,49874,3,29.16,4.32,,
281102,P,2002-01-10,37015,3,19.90,7.81,,
281103,P,2000-09-03,46235,4,70.06,6.09,,
281104,P,2002-09-08,80086,1,82.15,6.89,,
281105,P,2001-07-25,81901,1,25.67,8.37,,
281106,P,2001-08-08,34763,7,16.62,5.31,,
281107,P,2002-04-27,32192,2,65.26,6.21,,
281108,P,2000-02-04,77604,5,61.57,3.64,,
281109,P,2000-08-27,41511,2,55.32,3.94,,
281110,P,2001-04-17,33622,8,42.09,0.05,,
281111,P,2000-06-21,65060,4,25.41,4.62,,
281112,P,2001-04-30,41866,1,74.77,4.83,,
281113,P,2001-07-31,7168,3,72.13,4.91,,
281114,P,2001-11-09,17357,6,39.92,9.32,,
281115,P,2001-08-23,68914,7,95.96,7.93,,
281116,P,2002-01-03,9848,8,48.86,7.54,,
281117,P,2000-06-19,42110,10,13.34,8.83,,
281118,P,2000-11-19,15950,10,55.76,9.17,,
281119,P,2001-04-02,79742,1,63.48,7.61,,
281120,P,2002-08-17,68688,3,83.24,2.99,,
281121,P,2000-06-03,45079,3,7.75,2.33,,
281122,P,2001-05-02,94830,4,5.19,0.96,,
281123,P,2002-06-25,65707,5,37.41,2.76,,
281124,P,2002-06-23,2952,3,86.55,9.59,,
281125,P,2002-07-08,38800,2,38.23,0.44,,
281126,P,2002-01-23,84032,8,32.16,6.35,,
281127,P,2001-11-01,50340,9,18.33,9.16,,
281128,P,2000-11-25,2119,7,54.24,2.93,,
281129,P,2001-10-19,40201,1,43.61,5.33,,
281130,P,2000-10-13,54687,1,53.40,4.58,,
281131,P,2000-01-30,30174,2,83.52,0.04,,
281132,P,2000-11-11,61366,10,8.07,9.83,,
281133,P,2000-05-24,98789,2,32.73,4.35,,
281134,P,2002-01-14,15709,10,41.92,1.06,,
281135,P,2000-04-01,29226,10,28.86,2.51,,
281136,P,2000-01-02,94875,6,40.25,7.43,,
281137,P,2002-05-04,54408,6,98.88,4.43,,
281138,P,2001-02-15,76308,7,94.95,4.00,,
281139,P,2000-04-24,63151,9,24.11,9.54,,
281140,P,2001-01-26,54642,10,92.50,0.31,,
281141,P,2001-06-16,75626,3,10.30,5.19,,
281142,P,2000-09-07,21700,9,6.00,9.86,,
281143,P,2000-01-18,92130,4,43.42,7.55,,
281144,P,2002-01-26,59128,2,83.54,5.99,,
281145,P,2000-06-13,87358,5,45.68,8.08,,
281146,P,2001-06-07,25588,7,28.04,1.10,,
281147,P,2001-11-19,15206,6,91.05,8.32,,
281148,P,2000-10-30,29934,1,65.42,7.75,,
281149,P,2001-10-16,52917,9,20.16,2.74,,
281150,P,2002-08-17,81895,6,69.98,5.49,,
281151,P,2002-01-06,24060,6,18.18,3.64,,
281152,P,2001-10-26,57255,5,66.93,8.36,,
281153,P,2001-12-23,53577,3,56.22,9.11,,
281154,P,2000-01-18,65457,1,95.31,6.40,,
281155,P,2002-03-13,530,8,38.23,7.02,,
281156,P,2000-06-11,1378,3,65.79,4.19,,
281157,P,2001-06-05,92824,1,99.79,0.31,,
281158,P,2002-03-28,63190,2,70.15,5.29,,
281159,P,2002-09-27,18360,3,30.28,0.42,,
281160,P,2001-10-06,76124,8,11.16,6.11,,
281161,P,2001-08-11,34805,5,98.60,9.00,,
281162,P,2002-03-20,48099,7,22.37,1.82,,
281163,P,2002-01-29,24241,6,33.07,4.12,,
281164,P,2001-12-01,82398,7,54.90,7.88,,
281165,P,2000-06-06,23211,9,10.98,4.63,,
281166,P,2002-05-29,75165,10,61.67,2.00,,
281167,P,2000-10-25,28639,3,45.01,4.56,,
281168,P,2002-05-27,92830,2,53.33,4.02,,
281169,P,2000-05-31,7428,2,80.62,7.86,,
281170,P,2001-05-07,4814,2,36.86,6.79,,
281171,P,2001-11-02,55410,6,27.67,9.47,,
281172,P,2002-05-22,88476,7,5.10,5.90,,
281173,P,2001-08-24,46246,6,69.78,6.90,,
281174,P,2000-10-27,82594,8,7.61,1.50,,
281175,P,2000-07-03,54754,1,57.02,6.68,,
281176,P,2000-06-15,56320,3,55.22,3.68,,
281177,P,2000-11-10,59656,7,67.35,6.97,,
281178,P,2000-11-03,677,9,85.47,1.45,,
281179,P,2000-08-06,56071,9,97.67,0.19,,
281180,P,2001-06-08,79827,7,78.36,7.01,,
281181,P,2001-07-09,31849,5,59.53,0.70,,
281182,P,2000-08-11,30310,2,61.72,8.01,,
281183,P,2001-01-30,13477,3,21.05,5.29,,
281184,P,2001-06-22,32486,2,35.91,2.05,,
281185,P,2001-09-09,31501,8,80.84,3.34,,
281186,P,2000-02-28,91821,4,2.10,0.53,,
281187,P,2002-01-16,42189,1,18.15,9.55,,
281188,P,2001-10-20,2132,7,87.91,2.31,,
281189,P,2002-06-20,16757,2,51.42,5.56,,
281190,P,2000-09-12,49617,6,62.34,2.66,,
281191,P,2001-04-06,44911,7,58.45,1.59,,
281192,P,2000-03-10,18454,1,4.97,0.50,,
281193,P,2001-04-17,35871,8,51.54,6.18,,
281194,P,2000-08-05,87897,1,21.75,5.94,,
281195,P,2001-02-24,75663,6,81.95,1.26,,
281196,P,2001-01-01,82872,6,56.70,8.08,,
281197,P,2000-11-13,82855,3,62.11,9.35,,
281198,P,2002-08-16,86781,8,90.09,0.42,,
281199,P,2001-12-26,51819,3,35.43,2.08,,
281200,P,2001-02-25,54814,6,0.89,6.16,,
281201,P,2000-12-30,47234,3,22.06,9.48,,
281202,P,2002-03-05,41763,8,15.98,5.91,,
281203,P,2001-01-15,32500,6,89.43,3.07,,
281204,P,2002-07-23,25323,8,89.24,7.72,,
281205,P,2000-02-10,67944,1,52.50,7.29,,
281206,P,2000-09-30,41989,9,27.54,5.10,,
281207,P,2001-10-23,73921,6,37.98,8.89,,
281208,P,2001-10-14,73747,6,31.47,2.65,,
281209,P,2002-05-06,73456,6,51.52,3.73,,
281210,P,2001-08-22,51663,8,38.86,6.42,,
281211,P,2001-05-19,20953,1,14.64,3.07,,
281212,P,2000-10-29,74168,6,69.65,4.02,,
281213,P,2002-09-02,96397,5,80.58,9.72,,
281214,P,2002-05-25,57468,6,21.05,8.42,,
281215,P,2001-02-03,1130,7,43.85,2.54,,
281216,P,2000-07-31,58528,1,44.65,8.20,,
281217,P,2002-06-15,21845,1,54.66,4.71,,
281218,P,2002-09-12,78366,5,62.42,6.19,,
281219,P,2002-06-11,20547,7,37.41,7.75,,
281220,P,2000-09-04,79258,6,50.44,4.42,,
281221,P,2000-04-20,24500,6,70.44,5.84,,
281222,P,2000-09-11,50847,2,36.19,5.32,,
281223,P,2002-09-12,38858,6,84.53,6.55,,
281224,P,2000-01-31,4681,8,14.17,8.25,,
281225,P,2001-09-20,51636,5,34.58,2.11,,
281226,P,2000-06-26,7673,1,50.85,7.58,,
281227,P,2001-12-18,22206,10,85.68,6.16,,
281228,P,2002-09-05,2825,3,35.61,9.69,,
281229,P,2000-10-08,40939,2,55.56,4.82,,
281230,P,2001-02-02,79841,7,17.06,7.97,,
281231,P,2002-02-23,45618,3,95.87,4.39,,
281232,P,2000-12-25,38443,1,10.68,7.31,,
281233,P,2002-06-23,73048,2,64.96,9.02,,
281234,P,2002-02-27,86089,5,50.65,2.03,,
281235,P,2000-08-01,66391,5,16.95,9.95,,
281236,P,2000-12-06,97938,4,40.33,8.91,,
281237,P,2002-06-06,92053,1,53.56,7.31,,
281238,P,2000-04-10,90326,1,19.40,0.16,,
281239,P,2002-05-05,65874,1,36.10,0.17,,
281240,P,2000-11-07,72644,10,27.86,7.74,,
281241,P,2000-09-01,17254,5,87.58,4.42,,
281242,P,2001-02-18,94831,8,8.29,4.47,,
281243,P,2001-08-14,37341,5,77.94,6.36,,
281244,P,2002-08-03,75789,7,72.66,7.19,,
281245,P,2000-09-07,84294,7,44.44,0.41,,
281246,P,2002-02-27,41834,2,53.47,8.88,,
281247,P,2002-07-12,90549,8,84.32,4.41,,
281248,P,2001-10-21,74160,8,32.41,7.46,,
281249,P,2002-09-21,91160,7,29.86,3.24,,
281250,P,2000-02-02,76173,10,41.80,5.61,,
281251,P,2001-03-18,94245,4,96.60,0.65,,
281252,P,2000-09-02,99317,6,74.94,0.81,,
281253,P,2002-04-19,63454,8,84.12,8.69,,
281254,P,2002-09-03,78770,1,38.61,3.26,,
281255,P,2000-05-14,68764,1,54.18,2.11,,
281256,P,2001-12-21,39251,2,72.44,6.36,,
281257,P,2002-04-04,22003,3,16.08,7.61,,
281258,P,2002-05-21,51322,3,22.63,7.76,,
281259,P,2001-09-11,75194,10,53.19,3.27,,
281260,P,2000-08-20,93319,7,93.01,3.01,,
281261,P,2001-08-28,65170,3,9.21,0.40,,
281262,P,2000-02-01,73044,7,30.34,7.44,,
281263,P,2002-08-09,20844,4,0.67,7.63,,
281264,P,2000-10-21,53053,7,63.21,2.84,,
281265,P,2001-11-19,26142,9,3.99,3.85,,
281266,P,2002-08-13,54910,9,35.59,7.11,,
281267,P,2001-03-30,56078,1,40.60,1.15,,
281268,P,2001-06-25,39861,2,24.17,5.16,,
281269,P,2001-03-30,24098,2,8.69,9.20,,
281270,P,2000-12-25,85662,3,89.54,8.02,,
281271,P,2002-03-05,7584,2,17.81,3.77,,
281272,P,2000-01-23,18414,8,7.99,8.03,,
281273,P,2000-11-06,56580,2,56.96,9.39,,
281274,P,2002-04-21,56793,4,31.61,7.41,,
281275,P,2002-05-23,55780,8,62.26,6.35,,
281276,P,2000-12-07,78955,9,80.96,3.02,,
281277,P,2002-01-04,79119,6,54.42,8.42,,
281278,P,2002-05-17,15176,4,76.76,2.86,,
281279,P,2001-05-11,75642,4,39.84,1.41,,
281280,P,2000-02-23,30539,3,46.67,9.68,,
281281,P,2000-09-09,65328,6,86.85,0.08,,
281282,P,2001-03-06,59130,7,52.17,9.03,,
281283,P,2001-09-13,53502,8,22.68,4.24,,
281284,P,2000-03-01,20289,1,63.21,9.53,,
281285,P,2000-02-29,50304,9,30.28,5.01,,
281286,P,2001-03-04,19778,5,57.65,5.78,,
281287,P,2001-01-02,88762,8,90.19,7.30,,
281288,P,2001-02-26,4956,6,67.10,0.92,,
281289,P,2002-06-03,33097,9,62.81,4.66,,
281290,P,2002-01-11,35041,1,62.36,2.68,,
281291,P,2001-03-25,34988,8,49.67,0.66,,
281292,P,2000-02-12,16368,7,65.60,8.39,,
281293,P,2000-06-27,40080,3,6.41,3.72,,
281294,P,2000-11-07,12714,3,54.54,1.14,,
281295,P,2000-04-21,88790,5,68.46,6.97,,
281296,P,2000-12-29,999,8,43.43,8.97,,
281297,P,2002-09-11,6265,2,67.13,9.18,,
281298,P,2001-07-12,69232,10,15.30,4.74,,
281299,P,2000-03-14,37114,5,89.62,2.62,,
281300,P,2002-01-06,89654,8,71.75,5.13,,
281301,P,2000-02-13,84287,3,72.91,5.57,,
281302,P,2002-03-19,29890,8,36.17,7.40,,
281303,P,2002-08-01,60999,5,43.67,1.73,,
281304,P,2001-12-05,52631,10,27.41,9.96,,
281305,P,2002-09-04,38891,2,92.75,1.97,,
281306,P,2002-06-24,42468,7,5.30,1.85,,
281307,P,2001-01-03,81744,2,37.96,5.14,,
281308,P,2001-03-01,67395,10,94.42,9.88,,
281309,P,2002-06-16,67023,10,77.20,4.22,,
281310,P,2001-10-18,34826,2,35.06,2.23,,
281311,P,2000-07-23,12215,8,66.52,1.11,,
281312,P,2002-07-04,92353,6,81.62,4.93,,
281313,P,2002-05-13,92978,10,42.55,4.41,,
281314,P,2000-03-23,22934,5,18.00,0.95,,
281315,P,2000-09-08,14508,5,32.72,9.51,,
281316,P,2002-09-08,90386,5,55.96,1.91,,
281317,P,2002-03-02,41742,2,65.24,3.60,,
281318,P,2001-05-14,65625,2,22.22,8.82,,
281319,P,2001-03-09,23306,5,10.12,3.83,,
281320,P,2000-11-29,10205,6,26.00,6.38,,
281321,P,2001-06-09,82527,6,23.82,2.52,,
281322,P,2000-06-12,95691,1,70.20,4.90,,
281323,P,2000-03-05,51677,4,39.00,6.43,,
281324,P,2002-04-23,37941,6,30.30,1.02,,
281325,P,2002-01-23,5056,10,93.02,6.19,,
281326,P,2001-07-26,98114,6,98.97,7.52,,
281327,P,2002-07-26,14793,10,88.24,5.69,,
281328,P,2000-11-11,3626,5,70.85,5.91,,
281329,P,2000-12-26,18286,9,86.18,0.40,,
281330,P,2001-02-09,38013,2,53.21,5.88,,
281331,P,2001-03-01,8672,8,35.25,3.52,,
281332,P,2000-07-14,46865,10,52.47,4.39,,
281333,P,2000-02-28,97563,7,28.12,2.34,,
281334,P,2002-09-10,99786,2,53.00,0.82,,
281335,P,2000-08-02,93996,10,37.73,1.24,,
281336,P,2000-07-11,32611,1,72.89,2.75,,
281337,P,2000-04-04,72921,5,70.60,6.24,,
281338,P,2002-09-06,41775,6,15.37,8.06,,
281339,P,2001-12-22,38941,5,25.62,3.38,,
281340,P,2000-07-15,60260,4,76.78,3.91,,
281341,P,2002-01-30,70759,3,8.46,0.17,,
281342,P,2000-07-17,48246,2,27.83,4.57,,
281343,P,2001-09-21,34864,9,68.98,3.68,,
281344,P,2002-02-18,57655,9,48.40,7.83,,
281345,P,2001-03-09,78644,3,95.97,6.58,,
281346,P,2000-12-20,7600,8,20.05,4.70,,
281347,P,2002-01-29,9820,2,15.46,9.77,,
281348,P,2000-06-13,68890,9,69.33,2.86,,
281349,P,2000-09-30,84862,3,10.83,6.87,,
281350,P,2000-11-09,57700,10,88.67,9.90,,
281351,P,2000-06-08,52028,10,92.64,7.28,,
281352,P,2002-03-08,9969,2,88.19,5.87,,
281353,P,2001-01-25,64764,6,55.74,3.54,,
281354,P,2000-05-12,31974,6,57.94,4.08,,
281355,P,2002-05-24,62402,3,48.13,9.47,,
281356,P,2001-02-21,1906,3,1.08,9.36,,
281357,P,2001-10-26,47252,1,36.33,9.30,,
281358,P,2002-03-26,78337,8,66.15,8.61,,
281359,P,2002-02-16,51082,4,20.40,7.61,,
281360,P,2002-02-19,19353,2,48.49,1.51,,
281361,P,2002-08-17,75930,4,76.65,2.41,,
281362,P,2001-04-08,28145,7,95.74,8.61,,
281363,P,2002-04-05,52209,2,37.12,1.87,,
281364,P,2000-05-09,60774,1,0.26,2.15,,
281365,P,2001-10-14,83512,2,51.48,3.63,,
281366,P,2000-02-25,36042,8,64.54,2.26,,
281367,P,2002-03-24,91086,5,76.68,3.77,,
281368,P,2002-03-17,5104,4,79.03,3.55,,
281369,P,2002-05-22,89233,8,76.35,2.43,,
281370,P,2000-02-23,86843,4,68.69,9.55,,
281371,P,2002-01-31,27096,8,15.91,7.21,,
281372,P,2002-08-14,8068,5,57.61,1.75,,
281373,P,2000-10-28,54582,7,66.73,7.27,,
281374,P,2000-01-25,60670,1,42.74,0.26,,
281375,P,2000-04-04,88091,2,73.74,3.24,,
281376,P,2001-03-24,44720,7,15.13,5.40,,
281377,P,2000-12-24,77108,5,65.42,1.62,,
281378,P,2000-12-25,7734,1,43.57,2.31,,
281379,P,2001-07-08,76421,4,36.40,9.83,,
281380,P,2000-08-07,77946,9,10.84,9.33,,
281381,P,2000-12-10,94035,3,71.43,3.73,,
281382,P,2000-01-30,40242,8,45.59,1.22,,
281383,P,2001-02-05,27951,6,93.00,8.56,,
281384,P,2001-07-25,14120,10,80.62,3.14,,
281385,P,2001-02-03,13950,9,14.02,5.04,,
281386,P,2000-06-27,92391,1,19.55,5.18,,
281387,P,2000-11-02,89557,6,82.11,4.18,,
281388,P,2000-12-18,3046,9,98.02,9.84,,
281389,P,2001-07-13,4519,6,32.27,1.46,,
281390,P,2001-03-07,52234,9,81.00,2.78,,
281391,P,2002-03-15,17580,1,42.27,1.87,,
281392,P,2001-12-13,96181,4,72.70,7.85,,
281393,P,2000-11-28,6459,8,54.33,1.92,,
281394,P,2001-09-02,43898,7,28.28,4.52,,
281395,P,2000-09-09,71592,10,40.48,1.97,,
281396,P,2001-03-14,76761,7,99.45,6.04,,
281397,P,2001-06-27,62848,10,39.56,7.80,,
281398,P,2002-02-16,87991,9,10.78,5.92,,
281399,P,2000-04-28,52611,6,3.13,4.28,,
281400,P,2000-07-10,73287,10,42.16,2.39,,
281401,P,2000-12-10,41542,10,83.43,0.30,,
281402,P,2001-04-18,96232,8,41.66,8.15,,
281403,P,2000-05-17,31374,3,95.07,9.13,,
281404,P,2002-02-24,93702,7,16.45,6.98,,
281405,P,2001-03-16,61458,9,56.32,5.01,,
281406,P,2001-02-27,81461,10,87.75,3.19,,
281407,P,2002-04-29,90154,5,95.93,9.17,,
281408,P,2001-09-24,33043,8,93.96,9.97,,
281409,P,2000-03-28,90522,10,16.10,8.46,,
281410,P,2000-08-28,70909,1,25.88,7.91,,
281411,P,2001-03-07,88737,7,25.98,5.03,,
281412,P,2002-04-19,47241,5,60.44,9.29,,
281413,P,2000-09-17,85109,9,79.90,4.51,,
281414,P,2002-05-02,48359,4,46.55,6.55,,
281415,P,2002-02-08,64257,5,11.01,3.62,,
281416,P,2002-07-27,26876,9,99.47,1.82,,
281417,P,2000-12-24,73397,5,49.15,6.04,,
281418,P,2001-05-29,1146,5,89.01,8.57,,
281419,P,2001-05-07,79617,3,82.02,0.00,,
281420,P,2000-10-03,62067,8,30.69,2.36,,
281421,P,2002-08-29,95198,8,52.82,0.47,,
281422,P,2001-01-07,18292,1,67.05,3.08,,
281423,P,2001-04-03,90578,3,63.09,6.68,,
281424,P,2002-07-22,94635,3,90.78,0.08,,
281425,P,2002-03-30,47451,9,77.60,0.68,,
281426,P,2001-10-02,22548,10,82.94,6.43,,
281427,P,2002-09-12,34765,1,18.96,9.79,,
281428,P,2000-09-03,974,5,65.98,3.88,,
281429,P,2002-04-24,59069,3,79.63,5.39,,
281430,P,2000-01-01,68646,9,12.88,2.55,,
281431,P,2002-06-14,94152,5,65.53,8.99,,
281432,P,2001-04-13,86572,9,59.45,7.41,,
281433,P,2001-06-06,68196,6,87.45,7.33,,
281434,P,2002-03-14,5404,3,91.97,8.32,,
281435,P,2000-06-13,94029,4,70.88,6.89,,
281436,P,2001-04-16,30566,1,46.94,1.18,,
281437,P,2000-06-06,26522,1,16.00,5.83,,
281438,P,2000-05-13,3248,8,27.40,6.56,,
281439,P,2001-04-16,60727,5,54.78,4.72,,
281440,P,2000-04-07,2752,9,4.76,8.72,,
281441,P,2001-05-07,52607,5,28.76,2.64,,
281442,P,2002-07-11,23840,5,83.53,6.95,,
281443,P,2001-09-25,6664,10,94.86,1.31,,
281444,P,2000-06-14,83547,9,24.87,8.57,,
281445,P,2000-02-09,63708,10,89.54,1.67,,
281446,P,2000-07-25,41610,4,60.01,4.76,,
281447,P,2001-09-01,95460,4,11.83,6.84,,
281448,P,2001-06-15,46437,7,34.91,4.81,,
281449,P,2002-01-21,86638,1,18.88,9.32,,
281450,P,2001-08-20,48023,5,3.55,5.70,,
281451,P,2000-08-16,54093,5,84.09,4.70,,
281452,P,2001-03-25,90254,4,30.42,2.97,,
281453,P,2000-03-30,21005,10,54.81,3.74,,
281454,P,2000-10-04,34963,6,34.41,4.38,,
281455,P,2001-07-04,56767,6,10.99,4.26,,
281456,P,2001-12-19,25061,10,10.90,2.41,,
281457,P,2000-05-11,42468,2,61.08,8.86,,
281458,P,2001-08-11,65752,6,5.23,3.75,,
281459,P,2002-01-27,23724,1,82.32,4.97,,
281460,P,2001-06-07,58419,6,94.35,4.93,,
281461,P,2001-03-18,53066,2,63.63,5.51,,
281462,P,2001-12-07,37501,6,31.58,4.39,,
281463,P,2001-03-28,52163,8,61.08,9.24,,
281464,P,2000-10-23,34086,9,68.44,6.46,,
281465,P,2001-09-28,10509,1,73.75,6.09,,
281466,P,2000-08-16,84190,2,7.24,6.69,,
281467,P,2002-09-11,92435,5,14.98,0.02,,
281468,P,2000-06-16,61964,4,44.04,0.57,,
281469,P,2000-06-12,59115,3,66.22,6.62,,
281470,P,2000-07-24,56686,7,24.14,3.12,,
281471,P,2001-03-18,53129,4,17.56,2.44,,
281472,P,2000-08-14,18842,1,69.22,9.04,,
281473,P,2002-08-21,80996,6,17.25,2.01,,
281474,P,2001-02-28,73356,1,42.29,4.96,,
281475,P,2002-03-06,22268,3,13.62,9.00,,
281476,P,2001-11-13,24997,7,82.12,4.85,,
281477,P,2000-05-01,24409,10,51.55,6.28,,
281478,P,2000-09-17,11621,8,77.85,3.64,,
281479,P,2000-07-23,631,3,11.69,2.28,,
281480,P,2002-08-29,18094,1,99.83,2.18,,
281481,P,2002-07-01,60541,6,40.15,4.89,,
281482,P,2001-11-02,39247,7,54.02,0.78,,
281483,P,2002-03-08,90661,10,78.57,3.50,,
281484,P,2002-08-11,59760,8,52.18,1.15,,
281485,P,2001-01-25,83999,8,79.99,7.14,,
281486,P,2001-10-05,97289,6,27.88,1.60,,
281487,P,2000-01-08,45183,7,52.06,5.12,,
281488,P,2001-11-25,69917,8,8.26,4.53,,
281489,P,2000-02-25,74730,7,55.63,5.44,,
281490,P,2000-12-19,7779,10,87.06,5.27,,
281491,P,2000-12-19,63103,3,37.29,8.45,,
281492,P,2000-01-11,91028,10,24.45,0.40,,
281493,P,2000-02-17,77024,2,53.40,1.98,,
281494,P,2002-03-11,56599,8,65.35,4.72,,
281495,P,2001-04-16,27573,8,67.26,5.49,,
281496,P,2000-11-06,68311,2,52.98,8.00,,
281497,P,2002-05-04,77446,1,43.04,8.90,,
281498,P,2001-11-06,91233,7,87.59,6.37,,
281499,P,2001-02-01,9370,8,88.46,5.05,,
281500,P,2001-04-23,34650,8,31.13,3.50,,
281501,P,2000-01-04,23733,4,98.19,3.55,,
281502,P,2000-11-24,83396,4,47.15,7.74,,
281503,P,2002-04-07,85558,2,14.10,2.05,,
281504,P,2002-01-06,82680,8,35.54,5.89,,
281505,P,2000-12-13,18920,5,51.22,4.39,,
281506,P,2002-06-14,3582,8,79.34,4.81,,
281507,P,2000-10-21,58195,5,44.90,3.09,,
281508,P,2000-09-24,36400,5,90.67,4.08,,
281509,P,2002-05-28,49579,5,11.24,9.31,,
281510,P,2000-01-29,26368,6,47.51,7.64,,
281511,P,2001-02-17,3970,8,5.73,4.69,,
281512,P,2001-05-20,9866,1,72.37,6.58,,
281513,P,2000-10-06,61869,2,94.03,6.15,,
281514,P,2002-06-18,53978,5,25.01,2.35,,
281515,P,2002-03-18,39942,7,46.42,7.89,,
281516,P,2001-03-24,38531,5,32.32,4.12,,
281517,P,2001-01-02,89762,10,80.34,7.87,,
281518,P,2001-08-27,11266,2,70.97,2.25,,
281519,P,2001-05-05,93091,8,23.43,9.97,,
281520,P,2000-02-02,51154,5,12.99,3.61,,
281521,P,2001-09-16,55000,3,4.28,1.16,,
281522,P,2002-03-30,36537,8,60.04,9.46,,
281523,P,2001-10-24,75301,7,68.84,1.29,,
281524,P,2001-04-17,29356,2,75.37,6.76,,
281525,P,2001-10-24,72880,9,43.87,0.23,,
281526,P,2002-08-28,35640,8,59.22,6.61,,
281527,P,2002-01-24,40094,7,84.17,5.20,,
281528,P,2000-03-01,60,1,90.69,2.90,,
281529,P,2001-12-12,56081,9,41.31,0.78,,
281530,P,2001-02-17,13666,2,63.99,7.92,,
281531,P,2000-10-29,44450,3,65.33,0.63,,
281532,P,2001-10-12,28332,7,20.19,2.90,,
281533,P,2000-12-12,83366,10,69.78,3.67,,
281534,P,2001-06-02,26518,9,94.12,0.42,,
281535,P,2001-04-15,58528,5,96.42,5.55,,
281536,P,2001-02-05,67548,7,79.87,3.18,,
281537,P,2001-10-19,38477,8,45.88,5.10,,
281538,P,2002-06-13,84903,6,45.40,0.57,,
281539,P,2002-02-23,418,8,61.57,4.47,,
281540,P,2001-11-04,58840,7,71.22,2.28,,
281541,P,2002-06-16,24329,5,75.74,8.65,,
281542,P,2001-12-11,31471,1,93.96,7.75,,
281543,P,2001-12-03,92511,4,70.53,6.11,,
281544,P,2002-04-17,98851,6,15.80,1.37,,
281545,P,2000-07-27,51349,9,93.65,0.28,,
281546,P,2001-12-13,55352,3,39.06,3.96,,
281547,P,2000-09-07,93567,2,98.20,9.54,,
281548,P,2001-11-01,77809,9,56.36,1.87,,
281549,P,2001-01-28,80277,2,97.08,0.57,,
281550,P,2000-06-12,65433,9,79.20,6.02,,
281551,P,2000-03-11,36813,6,19.18,0.39,,
281552,P,2000-01-21,376,6,81.50,6.21,,
281553,P,2001-03-17,97194,9,32.45,2.28,,
281554,P,2002-01-10,89787,6,21.02,2.79,,
281555,P,2000-10-20,21483,6,85.94,1.68,,
281556,P,2002-07-27,5492,8,68.50,2.57,,
281557,P,2002-01-03,62736,3,13.24,9.71,,
281558,P,2000-12-18,61236,3,48.66,2.00,,
281559,P,2001-08-22,43833,5,84.03,5.83,,
281560,P,2001-05-08,21370,4,99.20,6.48,,
281561,P,2000-12-02,44738,6,18.17,9.39,,
281562,P,2001-08-20,17065,1,80.10,4.69,,
281563,P,2002-01-21,27931,6,0.88,6.55,,
281564,P,2001-07-21,88990,1,79.24,7.21,,
281565,P,2002-01-15,87555,9,78.61,6.42,,
281566,P,2001-09-18,57949,6,26.82,3.25,,
281567,P,2001-09-24,48623,1,10.77,5.25,,
281568,P,2002-04-28,10824,9,51.70,9.39,,
281569,P,2001-12-07,98238,3,86.01,0.10,,
281570,P,2002-05-25,48354,10,26.01,0.75,,
281571,P,2002-09-05,16295,1,10.88,3.02,,
281572,P,2001-10-20,63840,10,96.00,8.48,,
281573,P,2002-04-09,56189,4,38.61,2.05,,
281574,P,2000-09-23,94635,5,77.33,9.83,,
281575,P,2002-07-05,5631,6,0.56,1.86,,
281576,P,2002-02-11,32110,9,6.72,2.43,,
281577,P,2002-09-03,95857,10,41.21,1.39,,
281578,P,2000-03-16,30820,10,26.23,0.23,,
281579,P,2000-04-04,81566,7,78.63,6.85,,
281580,P,2002-01-04,74456,2,83.05,7.21,,
281581,P,2001-01-08,55440,9,32.57,8.99,,
281582,P,2000-07-09,58156,1,97.25,1.45,,
281583,P,2001-12-02,19434,10,96.13,7.10,,
281584,P,2002-07-20,54689,2,3.92,2.30,,
281585,P,2000-08-13,95008,1,99.30,1.95,,
281586,P,2001-05-05,83877,10,76.54,9.67,,
281587,P,2000-11-06,42348,10,75.11,3.51,,
281588,P,2001-07-25,92581,10,19.36,9.72,,
281589,P,2001-12-06,62024,6,65.65,4.21,,
281590,P,2000-10-06,76226,8,50.61,7.89,,
281591,P,2000-07-30,24387,3,37.01,9.91,,
281592,P,2001-01-21,83058,2,54.22,1.26,,
281593,P,2001-10-11,74213,4,98.87,8.17,,
281594,P,2000-07-24,40354,6,26.75,6.75,,
281595,P,2000-04-06,620,10,20.80,6.22,,
281596,P,2000-10-25,9784,5,65.41,4.12,,
281597,P,2001-04-06,82335,1,89.65,4.41,,
281598,P,2002-04-01,76578,2,98.94,9.72,,
281599,P,2002-01-15,8434,9,90.52,9.60,,
281600,P,2000-02-07,95564,6,25.97,1.03,,
281601,P,2000-06-16,61448,9,1.96,0.42,,
281602,P,2001-03-07,58346,2,37.86,2.99,,
281603,P,2000-03-08,87263,5,92.06,8.89,,
