339846,P,2000-02-18,58055,9,65.55,0.29,,
339847,P,2001-09-16,10821,8,25.75,3.80,,
339848,P,2000-11-09,80284,5,18.74,4.54,,
339849,P,2001-04-11,15504,1,26.71,2.80,,
339850,P,2000-12-03,24251,1,30.56,2.81,,
339851,P,2002-03-15,69819,9,36.11,5.84,,
339852,P,2001-02-07,12005,8,66.18,7.77,,
339853,P,2001-02-02,37736,10,27.82,5.82,,
339854,P,2001-06-16,64032,2,4.41,9.35,,
339855,P,2001-04-08,5652,7,67.28,3.45,,
339856,P,2001-01-05,50286,5,43.10,3.56,,
339857,P,2001-01-24,7148,5,74.38,6.99,,
339858,P,2001-12-24,70613,2,37.01,0.87,,
339859,P,2002-01-26,10898,5,29.18,6.42,,
339860,P,2002-03-28,61688,10,45.12,2.49,,
339861,P,2000-04-04,78631,7,0.59,8.25,,
339862,P,2002-05-19,64129,4,14.26,1.98,,
339863,P,2001-07-20,61412,3,73.44,5.20,,
339864,P,2001-02-16,28624,1,56.66,6.93,,
339865,P,2000-08-19,98958,9,68.42,0.76,,
339866,P,2002-03-17,37571,3,15.20,8.76,,
339867,P,2001-09-27,89631,9,46.33,0.59,,
339868,P,2001-10-25,80641,2,34.20,0.96,,
339869,P,2002-07-18,68426,1,33.75,9.36,,
339870,P,2001-12-01,56512,3,70.16,5.71,,
339871,P,2000-12-04,10935,7,27.65,6.76,,
339872,P,2001-06-29,79669,8,81.32,9.50,,
339873,P,2000-08-22,68823,1,86.44,1.26,,
339874,P,2002-02-27,9207,6,55.84,8.07,,
339875,P,2000-08-01,91245,6,5.40,5.59,,
339876,P,2000-10-29,76942,10,27.34,5.13,,
339877,P,2001-11-18,17248,10,20.64,9.51,,
339878,P,2002-04-16,33156,5,19.73,3.82,,
339879,P,2001-07-04,95469,6,32.91,4.39,,
339880,P,2001-10-09,11973,5,16.28,9.77,,
339881,P,2000-12-30,38309,1,99.99,6.34,,
339882,P,2000-03-03,16651,8,98.94,3.85,,
339883,P,2000-10-31,48162,10,62.43,2.89,,
339884,P,2000-08-24,91325,7,2.57,8.08,,
339885,P,2002-02-19,52304,9,71.22,8.07,,
339886,P,2001-06-27,30472,4,4.01,9.25,,
339887,P,2001-05-11,97826,9,84.46,9.06,,
339888,P,2001-08-28,1415,2,52.41,2.11,,
339889,P,2000-01-01,95588,3,3.27,9.96,,
339890,P,2000-01-20,2007,7,23.01,7.78,,
339891,P,2001-06-24,32535,5,1.00,8.43,,
339892,P,2000-10-12,68110,4,80.73,5.93,,
339893,P,2002-06-25,37204,7,65.17,5.27,,
339894,P,2002-06-09,87213,9,60.68,6.58,,
339895,P,2000-03-19,94746,8,89.69,9.10,,
339896,P,2000-05-20,38008,6,32.26,7.70,,
339897,P,2001-04-22,52950,6,17.51,0.26,,
339898,P,2000-08-15,55597,1,88.52,0.37,,
339899,P,2001-02-16,75921,1,32.84,8.68,,
339900,P,2001-07-09,62778,8,92.84,0.82,,
339901,P,2001-12-17,84188,4,74.65,6.82,,
339902,P,2002-08-16,46797,10,95.12,7.85,,
339903,P,2000-07-17,71034,4,35.26,1.23,,
339904,P,2002-01-10,97263,5,11.69,0.29,,
339905,P,2002-07-25,38251,8,35.07,9.30,,
339906,P,2002-01-21,39258,5,82.57,6.75,,
339907,P,2001-12-13,9160,3,83.58,0.75,,
339908,P,2000-01-31,979,2,18.99,4.98,,
339909,P,2002-07-16,15991,6,0.87,4.33,,
339910,P,2001-11-18,97461,8,84.38,6.66,,
339911,P,2000-10-22,50162,3,17.54,7.64,,
339912,P,2000-11-04,38457,2,28.37,1.92,,
339913,P,2002-09-02,59520,7,17.96,5.63,,
339914,P,2001-06-03,5310,10,83.11,3.81,,
339915,P,2001-04-30,85756,7,36.55,4.43,,
339916,P,2001-01-14,46365,3,0.36,4.58,,
339917,P,2001-10-04,9971,6,81.46,0.02,,
339918,P,2001-05-26,62817,9,21.23,7.19,,
339919,P,2000-07-07,37801,8,7.15,3.98,,
339920,P,2001-09-23,51898,9,65.25,6.80,,
339921,P,2002-05-30,87909,10,80.65,4.30,,
339922,P,2000-07-30,81520,6,47.43,2.64,,
339923,P,2000-05-02,58821,10,70.18,5.47,,
339924,P,2001-10-22,40860,5,52.49,5.67,,
339925,P,2000-12-14,35565,4,46.31,7.78,,
339926,P,2000-01-06,57675,2,69.86,9.43,,
339927,P,2001-04-23,32610,6,21.02,1.67,,
339928,P,2000-04-12,82402,9,23.10,6.03,,
339929,P,2000-01-19,44258,9,77.84,0.95,,
339930,P,2001-03-06,89387,4,12.62,9.71,,
339931,P,2001-07-02,21435,2,85.00,6.93,,
339932,P,2001-04-19,3496,4,85.68,0.44,,
339933,P,2000-01-12,59809,2,5.94,7.75,,
339934,P,2000-06-29,95388,7,3.22,7.70,,
339935,P,2000-07-07,44354,3,80.47,4.65,,
339936,P,2001-05-15,68298,7,10.52,9.71,,
339937,P,2000-09-15,11511,10,93.34,3.21,,
339938,P,2000-12-09,89917,3,43.34,0.74,,
339939,P,2002-09-20,48682,8,15.15,2.79,,
339940,P,2002-08-09,92172,10,39.91,4.86,,
339941,P,2000-12-12,10405,10,83.93,3.34,,
339942,P,2001-12-29,6738,1,94.55,0.30,,
339943,P,2000-07-03,10627,3,5.26,0.89,,
339944,P,2000-08-27,61224,1,75.84,2.29,,
339945,P,2001-11-07,38782,10,12.88,4.97,,
339946,P,2000-06-11,57650,5,20.01,8.61,,
339947,P,2000-08-14,66833,2,37.09,7.74,,
339948,P,2002-09-20,69839,1,46.10,6.35,,
339949,P,2001-11-18,8164,2,28.14,6.22,,
339950,P,2002-01-14,5435,5,89.75,4.63,,
339951,P,2000-08-28,6297,9,46.23,1.91,,
339952,P,2002-08-21,81287,5,72.10,6.01,,
339953,P,2000-06-20,74090,6,26.90,9.23,,
339954,P,2001-05-21,36277,8,30.05,9.19,,
339955,P,2000-05-20,95780,1,65.18,1.03,,
339956,P,2002-01-01,98724,3,53.34,7.17,,
339957,P,2000-09-02,28001,4,40.82,0.65,,
339958,P,2000-11-26,6293,5,12.52,2.59,,
339959,P,2000-07-11,92807,1,25.84,2.90,,
339960,P,2002-08-15,87183,6,99.70,9.09,,
339961,P,2000-05-02,27508,4,79.20,7.70,,
339962,P,2000-05-01,40487,5,86.34,9.63,,
339963,P,2001-01-10,33736,9,16.49,0.96,,
339964,P,2002-05-31,62320,1,55.24,2.72,,
339965,P,2001-04-23,10274,8,56.00,6.98,,
339966,P,2001-07-13,82740,4,28.13,6.75,,
339967,P,2002-01-16,54811,3,76.84,3.57,,
339968,P,2001-01-23,95747,10,23.98,4.72,,
339969,P,2000-03-28,14246,9,6.95,8.96,,
339970,P,2001-06-14,97990,8,88.64,8.20,,
339971,P,2002-04-05,45563,3,80.75,9.03,,
339972,P,2000-08-09,66263,5,57.72,2.38,,
339973,P,2000-11-17,27040,4,32.18,7.03,,
339974,P,2001-12-19,65836,7,21.80,3.84,,
339975,P,2000-01-14,81909,10,82.16,6.21,,
339976,P,2002-02-13,56124,9,8.04,4.35,,
339977,P,2000-10-30,60328,5,73.13,0.50,,
339978,P,2001-03-05,32734,6,80.02,8.07,,
339979,P,2000-03-14,1434,10,95.54,6.56,,
339980,P,2000-07-16,60920,1,94.57,1.74,,
339981,P,2001-12-18,55615,3,20.18,7.87,,
339982,P,2000-04-30,86010,6,30.66,5.22,,
339983,P,2001-12-28,73795,6,71.63,8.11,,
339984,P,2001-07-12,77008,5,35.83,7.82,,
339985,P,2001-07-14,32526,1,70.89,0.25,,
339986,P,2002-01-21,8556,2,41.65,3.86,,
339987,P,2000-08-30,81941,6,20.88,3.02,,
339988,P,2001-07-25,77057,4,98.31,3.28,,
339989,P,2002-03-23,9044,8,14.27,2.33,,
339990,P,2001-05-14,90072,10,19.38,7.36,,
339991,P,2001-11-25,43269,5,62.77,6.83,,
339992,P,2001-06-11,26018,1,71.06,4.69,,
339993,P,2001-02-18,87821,5,53.87,2.81,,
339994,P,2000-11-29,96234,8,29.55,2.83,,
339995,P,2002-03-27,93382,8,37.40,5.27,,
339996,P,2002-08-25,55862,7,77.40,8.98,,
339997,P,2002-07-11,31263,3,94.11,1.54,,
339998,P,2002-08-09,46346,10,76.57,1.69,,
339999,P,2000-11-07,51107,5,11.69,3.23,,
340000,P,2002-01-02,74713,6,65.39,0.41,,
340001,P,2002-01-21,49359,5,64.65,9.92,,
340002,P,2001-11-10,56168,10,47.44,4.20,,
340003,P,2000-01-15,10427,10,32.39,5.64,,
340004,P,2000-06-15,93982,7,23.95,1.97,,
340005,P,2001-12-13,28705,7,7.06,4.30,,
340006,P,2000-06-09,48820,5,32.57,2.78,,
340007,P,2000-08-15,98193,3,79.70,8.75,,
340008,P,2000-05-04,86293,1,53.71,5.16,,
340009,P,2000-12-23,81169,10,70.15,7.88,,
340010,P,2001-12-25,12018,9,11.43,4.39,,
340011,P,2000-06-26,72277,8,23.05,9.77,,
340012,P,2001-09-17,10122,6,38.59,8.44,,
340013,P,2002-09-02,78544,4,72.73,4.81,,
340014,P,2000-12-20,85242,2,13.25,1.43,,
340015,P,2000-08-12,37817,6,78.34,0.09,,
340016,P,2002-05-12,84156,6,10.21,2.59,,
340017,P,2001-10-11,10035,10,48.48,3.61,,
340018,P,2000-11-20,80681,4,88.10,8.33,,
340019,P,2002-03-14,68719,3,58.67,1.33,,
340020,P,2000-11-21,17172,7,58.37,7.39,,
340021,P,2000-06-08,46681,8,16.02,5.23,,
340022,P,2000-02-28,98362,5,11.15,7.99,,
340023,P,2001-08-16,61107,8,89.43,3.93,,
340024,P,2002-07-07,46303,10,60.12,2.74,,
340025,P,2001-12-08,72032,7,93.13,9.95,,
340026,P,2000-12-22,58156,8,26.21,3.39,,
340027,P,2002-04-04,49810,2,88.71,8.02,,
340028,P,2000-09-04,12861,8,88.10,0.01,,
340029,P,2000-10-10,71627,10,55.72,6.44,,
340030,P,2000-09-23,96212,9,29.08,4.47,,
340031,P,2001-06-11,74279,7,24.26,5.33,,
340032,P,2000-06-21,28343,5,48.22,8.03,,
340033,P,2002-05-05,92362,8,22.16,7.64,,
340034,P,2002-03-24,6433,5,12.92,5.70,,
340035,P,2000-10-13,20869,9,99.66,0.71,,
340036,P,2001-09-19,37491,9,64.01,2.98,,
340037,P,2002-05-07,32985,6,15.68,4.45,,
340038,P,2001-01-11,75196,4,28.49,5.58,,
340039,P,2000-01-22,34758,1,59.03,0.35,,
340040,P,2002-03-02,65785,5,9.12,2.56,,
340041,P,2001-02-12,98782,2,25.60,8.16,,
340042,P,2001-12-04,9133,1,40.83,4.42,,
340043,P,2000-08-05,91708,7,23.53,9.34,,
340044,P,2000-06-23,97795,2,18.12,8.54,,
340045,P,2002-01-21,37819,9,79.70,5.88,,
340046,P,2001-12-29,18058,4,4.02,2.24,,
340047,P,2000-02-14,97864,10,98.67,3.21,,
340048,P,2001-10-30,45475,9,62.46,1.90,,
340049,P,2001-08-16,25762,1,5.79,4.10,,
340050,P,2002-06-02,28277,1,98.36,2.07,,
340051,P,2001-10-23,92541,3,89.25,2.31,,
340052,P,2001-02-23,21406,8,54.34,6.41,,
340053,P,2001-10-20,58913,6,34.98,4.18,,
340054,P,2000-11-12,25680,1,83.29,3.87,,
340055,P,2002-05-06,35037,9,98.13,9.00,,
340056,P,2001-01-30,26020,10,83.12,2.24,,
340057,P,2002-07-16,84002,3,34.64,6.10,,
340058,P,2000-05-03,39830,6,49.76,0.29,,
340059,P,2000-01-23,89283,7,66.68,4.12,,
340060,P,2001-07-01,99736,8,69.46,4.85,,
340061,P,2002-06-17,99660,8,42.80,4.96,,
340062,P,2000-04-25,95896,2,38.39,3.43,,
340063,P,2001-02-15,18442,4,60.21,1.27,,
340064,P,2002-06-07,53910,10,54.80,1.46,,
340065,P,2001-06-06,53178,3,28.60,1.52,,
340066,P,2001-09-03,72152,1,81.80,1.15,,
340067,P,2002-06-03,73633,5,50.11,9.18,,
340068,P,2001-03-02,30662,1,81.04,3.65,,
340069,P,2000-06-28,78575,5,39.69,3.82,,
340070,P,2002-03-28,28296,5,56.10,1.72,,
340071,P,2002-03-08,47444,4,37.84,1.84,,
340072,P,2002-06-15,93257,8,89.48,9.25,,
340073,P,2001-09-17,51534,3,56.50,3.29,,
340074,P,2002-07-04,23419,1,38.44,7.14,,
340075,P,2000-07-07,21266,7,32.70,3.99,,
340076,P,2001-10-18,19164,4,86.63,6.68,,
340077,P,2000-08-01,67503,9,66.08,8.44,,
340078,P,2000-03-18,1028,8,56.19,4.43,,
340079,P,2001-01-25,29226,5,29.93,7.74,,
340080,P,2001-12-04,64964,3,9.44,7.17,,
340081,P,2000-10-11,5893,4,39.85,5.17,,
340082,P,2000-07-29,37623,2,96.72,4.85,,
340083,P,2000-06-10,57523,2,36.64,8.73,,
340084,P,2001-04-18,63107,4,60.39,5.52,,
340085,P,2001-10-12,2075,4,3.23,8.59,,
340086,P,2001-08-17,84959,9,85.97,6.50,,
340087,P,2000-07-17,78755,9,51.12,5.55,,
340088,P,2002-08-31,45662,2,24.95,2.80,,
340089,P,2001-02-27,97988,3,32.00,1.26,,
340090,P,2001-12-25,30946,9,57.42,7.30,,
340091,P,2001-07-14,24728,6,74.78,6.78,,
340092,P,2000-12-04,6854,10,43.70,6.20,,
340093,P,2001-03-28,94049,3,87.23,3.25,,
340094,P,2000-05-12,14644,1,19.75,1.64,,
340095,P,2000-11-26,98771,10,88.31,7.81,,
340096,P,2001-02-04,72253,8,97.45,9.09,,
340097,P,2000-10-27,12,2,98.81,9.33,,
340098,P,2001-12-25,31181,6,1.20,6.77,,
340099,P,2000-04-05,36170,10,49.84,6.13,,
340100,P,2001-04-24,75546,5,90.73,8.65,,
340101,P,2000-11-14,92399,2,51.91,5.20,,
340102,P,2002-06-29,44461,3,92.02,8.17,,
340103,P,2001-05-20,21886,9,26.83,1.87,,
340104,P,2000-02-29,31507,6,67.94,4.89,,
340105,P,2000-07-02,62697,7,19.21,1.26,,
340106,P,2000-10-05,49297,5,59.73,2.97,,
340107,P,2001-12-21,52475,8,50.61,2.06,,
340108,P,2002-09-25,42937,1,64.62,5.63,,
340109,P,2000-12-10,27341,5,41.18,3.69,,
340110,P,2002-06-07,76235,2,5.68,1.50,,
340111,P,2000-03-03,69100,4,85.81,4.05,,
340112,P,2001-06-30,65369,8,26.52,7.96,,
340113,P,2000-11-22,56275,3,2.84,4.20,,
340114,P,2002-07-27,78106,6,94.55,8.59,,
340115,P,2000-10-07,61124,2,92.47,2.64,,
340116,P,2000-08-24,50441,9,6.81,7.94,,
340117,P,2001-05-06,77125,9,94.20,5.43,,
340118,P,2001-10-13,42377,10,95.25,5.06,,
340119,P,2001-08-12,78797,4,52.21,8.37,,
340120,P,2000-02-01,31595,7,38.00,8.90,,
340121,P,2001-03-18,54185,6,73.84,7.01,,
340122,P,2001-07-19,52358,9,38.14,5.28,,
340123,P,2002-01-08,71807,1,31.44,6.08,,
340124,P,2002-07-22,5774,9,7.47,5.93,,
340125,P,2000-11-24,54853,8,5.47,0.94,,
340126,P,2000-07-24,31344,6,91.05,1.81,,
340127,P,2001-10-09,19862,8,76.76,0.58,,
340128,P,2000-08-10,23606,1,26.25,2.65,,
340129,P,2000-08-30,72984,1,36.82,6.38,,
340130,P,2000-12-01,2731,5,70.14,9.86,,
340131,P,2002-04-17,8160,4,15.83,8.93,,
340132,P,2001-08-24,33536,1,85.07,2.16,,
340133,P,2000-09-27,63979,8,58.07,0.78,,
340134,P,2002-01-21,77741,1,53.83,1.39,,
340135,P,2002-07-10,37789,1,15.13,2.59,,
340136,P,2000-09-07,22341,7,49.64,2.41,,
340137,P,2000-10-07,45554,8,22.21,4.33,,
340138,P,2001-08-31,55163,1,97.65,7.53,,
340139,P,2001-03-20,63954,2,65.89,7.49,,
340140,P,2002-04-13,4607,4,87.84,3.90,,
340141,P,2002-07-19,84952,5,88.28,1.04,,
340142,P,2000-08-25,43024,3,33.14,0.60,,
340143,P,2002-03-27,16590,3,89.05,2.42,,
340144,P,2000-02-21,85738,9,9.15,1.56,,
340145,P,2002-04-14,35305,4,95.52,3.01,,
340146,P,2002-03-11,90703,9,12.83,9.23,,
340147,P,2000-11-07,2938,6,73.95,8.76,,
340148,P,2001-04-01,62538,7,64.29,0.36,,
340149,P,2000-01-09,49642,1,99.73,4.71,,
340150,P,2001-10-21,61911,4,87.31,9.32,,
340151,P,2001-12-11,89476,6,49.56,3.28,,
340152,P,2001-03-13,42661,6,58.78,2.46,,
340153,P,2002-04-13,80961,3,56.72,3.98,,
340154,P,2002-04-26,84611,6,60.33,0.40,,
340155,P,2001-12-31,85236,7,10.34,0.14,,
340156,P,2002-02-28,4554,6,15.97,4.16,,
340157,P,2002-09-24,72426,2,6.24,2.14,,
340158,P,2001-11-02,77284,9,33.34,4.14,,
340159,P,2001-10-17,62743,7,71.74,5.07,,
340160,P,2000-08-10,88125,5,79.02,7.70,,
340161,P,2002-08-06,85063,7,2.36,4.43,,
340162,P,2000-02-25,40747,7,30.93,3.67,,
340163,P,2001-12-17,46940,9,98.02,7.95,,
340164,P,2002-09-08,31845,2,4.18,5.16,,
340165,P,2000-06-28,22897,8,74.82,4.91,,
340166,P,2001-01-22,35206,8,77.57,0.21,,
340167,P,2001-05-01,72955,6,33.45,0.93,,
340168,P,2001-09-29,85754,5,90.97,8.93,,
340169,P,2000-06-05,54833,4,40.58,9.78,,
340170,P,2001-07-27,37995,7,75.74,4.84,,
340171,P,2000-09-14,85591,10,63.28,6.54,,
340172,P,2002-06-04,77065,3,24.63,7.96,,
340173,P,2000-04-11,59519,1,51.52,0.85,,
340174,P,2001-12-14,33301,10,73.47,1.66,,
340175,P,2000-11-22,64605,2,63.32,0.31,,
340176,P,2001-02-03,28368,8,64.56,7.54,,
340177,P,2001-08-13,77559,2,27.50,7.01,,
340178,P,2001-06-16,6948,6,41.02,2.45,,
340179,P,2001-09-19,41746,4,61.01,6.44,,
340180,P,2001-01-27,53479,6,25.70,3.87,,
340181,P,2002-06-13,81838,7,41.17,6.91,,
340182,P,2001-01-28,33244,9,47.34,7.07,,
340183,P,2001-10-20,73804,1,0.13,4.58,,
340184,P,2000-07-11,99162,1,25.96,5.53,,
340185,P,2000-11-29,22665,6,41.44,6.75,,
340186,P,2001-09-25,53845,10,99.94,6.27,,
340187,P,2001-08-12,92057,7,89.87,3.55,,
340188,P,2000-09-03,1058,2,4.12,7.69,,
340189,P,2002-07-31,37652,2,35.46,6.86,,
340190,P,2001-02-17,63405,2,2.47,2.98,,
340191,P,2001-06-19,87008,10,87.96,7.71,,
340192,P,2001-04-13,53886,1,37.63,4.94,,
340193,P,2000-11-03,4169,2,63.24,3.10,,
340194,P,2001-12-12,71232,1,45.64,4.36,,
340195,P,2001-05-08,51629,8,90.84,8.41,,
340196,P,2001-01-30,48408,5,34.53,8.06,,
340197,P,2001-08-12,26941,10,91.04,1.38,,
340198,P,2002-02-20,42486,8,85.59,5.47,,
340199,P,2000-10-14,62592,9,59.17,4.89,,
340200,P,2002-09-12,76403,8,82.77,9.52,,
340201,P,2002-08-12,62437,8,16.01,5.60,,
340202,P,2000-03-14,41655,7,76.32,5.26,,
340203,P,2002-06-20,56292,4,97.64,6.41,,
340204,P,2001-09-05,94394,10,68.51,7.72,,
340205,P,2001-09-03,11265,10,30.17,8.04,,
340206,P,2000-04-03,30813,8,53.46,7.21,,
340207,P,2000-08-20,77565,1,32.88,0.29,,
340208,P,2000-03-12,94430,2,41.45,4.84,,
340209,P,2002-02-24,78101,4,15.94,0.76,,
340210,P,2001-03-23,11831,10,44.56,4.79,,
340211,P,2002-01-19,24559,4,77.42,0.79,,
340212,P,2000-06-26,14094,5,75.10,8.60,,
340213,P,2000-04-09,47437,8,0.15,9.13,,
340214,P,2002-02-12,23895,10,51.12,2.32,,
340215,P,2001-05-03,52675,8,3.98,3.29,,
340216,P,2002-06-28,97448,7,78.42,0.40,,
340217,P,2001-10-29,11532,5,88.55,8.61,,
340218,P,2002-08-24,79670,6,40.71,8.62,,
340219,P,2000-02-01,46905,10,49.05,7.79,,
340220,P,2001-08-10,41566,9,52.25,3.06,,
340221,P,2000-11-15,72719,8,12.64,6.75,,
340222,P,2002-09-21,88022,2,41.74,3.72,,
340223,P,2000-10-12,83592,7,90.49,3.55,,
340224,P,2000-10-05,96182,4,18.34,5.96,,
340225,P,2002-07-10,99697,5,19.04,6.16,,
340226,P,2001-06-07,50355,7,54.77,4.34,,
340227,P,2001-09-17,89593,9,4.97,7.52,,
340228,P,2002-02-25,98990,8,82.14,2.03,,
340229,P,2000-05-17,11524,4,45.54,0.59,,
340230,P,2000-04-12,34555,9,47.72,7.91,,
340231,P,2001-07-28,62213,7,1.63,5.51,,
340232,P,2000-12-23,33248,2,64.45,5.80,,
340233,P,2000-04-30,26526,5,16.04,9.83,,
340234,P,2000-08-03,723,5,90.21,4.29,,
340235,P,2000-08-28,101,1,30.26,2.69,,
340236,P,2000-05-05,72095,1,24.60,6.73,,
340237,P,2002-02-03,84466,1,11.63,1.31,,
340238,P,2000-04-04,5520,8,50.41,1.34,,
340239,P,2002-04-30,19633,7,13.05,8.36,,
340240,P,2002-03-19,97422,3,68.58,7.92,,
340241,P,2002-08-20,41134,7,63.64,9.13,,
340242,P,2000-07-18,50738,5,60.32,8.75,,
340243,P,2001-05-02,18888,4,39.67,8.11,,
340244,P,2002-09-11,15668,4,65.45,1.15,,
340245,P,2001-12-14,60362,5,59.27,8.54,,
340246,P,2000-06-01,96951,3,45.85,6.78,,
340247,P,2002-09-19,80885,1,47.83,0.46,,
340248,P,2001-12-10,99480,10,21.64,2.90,,
340249,P,2002-03-19,30661,3,30.52,5.15,,
340250,P,2001-02-12,42829,10,81.78,6.41,,
340251,P,2000-08-08,10895,5,68.29,8.29,,
340252,P,2000-11-13,90508,1,54.86,9.96,,
340253,P,2001-09-25,147,10,60.76,3.09,,
340254,P,2002-09-16,50518,4,16.25,2.22,,
340255,P,2001-05-27,56582,6,42.66,1.58,,
340256,P,2001-03-02,58298,10,52.99,6.28,,
340257,P,2001-12-05,70888,8,46.28,9.89,,
340258,P,2000-11-03,24535,8,95.24,1.44,,
340259,P,2002-01-06,4011,10,1.63,2.82,,
340260,P,2001-11-15,76752,5,52.68,6.15,,
340261,P,2000-09-28,50630,10,80.83,5.22,,
340262,P,2002-09-21,64825,8,25.31,6.07,,
340263,P,2002-07-18,17155,4,30.01,4.55,,
340264,P,2002-05-31,89306,3,52.77,1.87,,
340265,P,2002-07-09,25262,9,7.41,2.50,,
340266,P,2002-02-28,89445,1,19.19,7.52,,
340267,P,2000-05-22,37759,8,77.92,4.89,,
340268,P,2001-10-20,51904,3,38.85,0.61,,
340269,P,2000-09-16,94324,2,36.42,4.21,,
340270,P,2001-05-19,44471,5,67.74,3.17,,
340271,P,2000-01-04,30086,2,49.20,8.16,,
340272,P,2000-07-04,16955,9,36.34,1.36,,
340273,P,2002-01-31,8193,9,83.07,3.38,,
340274,P,2000-05-17,3047,6,76.56,0.32,,
340275,P,2001-01-18,64465,2,15.46,5.24,,
340276,P,2002-06-19,72778,7,65.86,9.73,,
340277,P,2000-03-18,21584,6,79.89,6.60,,
340278,P,2001-07-21,82262,3,32.99,0.86,,
340279,P,2000-10-19,21094,3,94.50,6.04,,
340280,P,2002-04-22,92473,1,52.36,1.90,,
340281,P,2002-07-02,83848,8,35.86,6.60,,
340282,P,2000-10-29,51023,6,32.28,0.47,,
340283,P,2001-01-13,65548,5,93.90,5.43,,
340284,P,2000-04-11,98932,3,99.36,5.44,,
340285,P,2000-07-25,67600,4,80.07,1.40,,
340286,P,2001-09-07,2353,9,75.78,8.17,,
340287,P,2001-07-15,97915,4,0.97,3.78,,
340288,P,2001-03-16,10462,2,28.27,0.10,,
340289,P,2002-04-16,91142,10,87.82,2.04,,
340290,P,2002-06-17,45328,4,46.06,7.22,,
340291,P,2001-04-04,43200,10,1.36,9.46,,
340292,P,2000-10-10,42434,9,24.02,3.12,,
340293,P,2000-05-11,82386,4,46.57,4.26,,
340294,P,2002-04-26,22044,3,23.21,5.74,,
340295,P,2000-02-14,55561,1,23.01,0.72,,
340296,P,2000-12-20,18317,2,61.97,9.49,,
340297,P,2002-06-29,95307,9,0.06,2.35,,
340298,P,2001-12-09,61573,6,23.35,5.65,,
340299,P,2001-02-06,73501,6,26.79,2.98,,
340300,P,2000-09-24,12628,2,23.84,1.44,,
340301,P,2002-04-21,19188,2,18.49,6.91,,
340302,P,2000-07-07,50402,4,85.14,7.23,,
340303,P,2000-04-20,68491,2,35.33,1.13,,
340304,P,2001-12-02,61458,7,29.72,2.99,,
340305,P,2002-07-22,8554,8,69.08,9.49,,
340306,P,2001-09-25,89620,3,25.76,1.49,,
340307,P,2002-03-01,95956,5,93.90,0.70,,
340308,P,2000-02-25,94194,3,51.91,9.50,,
340309,P,2000-08-20,905,9,6.08,6.89,,
340310,P,2001-12-30,29216,10,62.16,9.56,,
340311,P,2002-05-15,65738,3,95.73,5.41,,
340312,P,2001-12-18,6264,3,4.43,9.30,,
340313,P,2000-07-12,47132,5,99.10,1.54,,
340314,P,2001-01-14,63208,1,53.38,8.52,,
340315,P,2001-12-21,49104,10,17.85,1.11,,
340316,P,2001-01-25,61754,9,76.76,8.77,,
340317,P,2000-01-24,29251,1,87.16,1.44,,
340318,P,2002-02-24,20671,6,72.64,6.24,,
340319,P,2002-09-26,55570,1,69.86,6.67,,
340320,P,2001-05-17,81272,3,65.64,4.69,,
340321,P,2001-07-16,76397,8,25.82,2.16,,
340322,P,2001-08-10,52267,3,80.58,7.41,,
340323,P,2002-08-07,20116,1,15.18,1.73,,
340324,P,2002-06-24,41584,10,59.33,6.79,,
340325,P,2000-02-04,88447,4,73.12,0.09,,
340326,P,2002-03-05,72909,5,76.07,2.84,,
340327,P,2000-05-22,66701,6,82.78,2.59,,
340328,P,2000-08-18,24329,3,94.17,4.85,,
340329,P,2002-07-24,72599,5,49.94,5.23,,
340330,P,2002-09-06,78220,9,73.63,5.91,,
340331,P,2000-03-30,42935,1,20.56,6.08,,
340332,P,2001-04-17,10021,9,80.57,2.47,,
340333,P,2000-07-31,70833,4,1.73,7.57,,
340334,P,2002-08-17,60774,4,43.70,3.44,,
340335,P,2001-02-04,83750,1,20.03,2.62,,
340336,P,2000-10-15,46471,9,78.41,0.91,,
340337,P,2001-10-05,21686,6,41.10,6.64,,
340338,P,2000-06-02,61596,5,26.83,8.34,,
340339,P,2002-05-10,59280,4,58.85,2.29,,
340340,P,2000-03-16,21689,3,26.60,7.01,,
340341,P,2000-02-24,2405,5,66.00,0.74,,
340342,P,2000-02-08,1082,9,39.65,9.70,,
340343,P,2001-12-10,41165,7,68.00,5.96,,
340344,P,2001-01-14,76477,4,74.77,7.23,,
340345,P,2000-05-12,28824,6,86.98,7.60,,
340346,P,2001-02-20,74709,2,92.05,8.13,,
340347,P,2000-08-04,91376,9,57.61,1.55,,
340348,P,2002-09-22,52437,7,82.19,6.44,,
340349,P,2002-05-18,47742,6,1.67,5.97,,
340350,P,2000-09-13,76960,3,96.03,9.15,,
340351,P,2001-07-31,60496,6,76.93,6.58,,
340352,P,2001-11-06,36658,6,0.20,7.98,,
340353,P,2001-10-13,68178,6,52.20,7.86,,
340354,P,2000-09-09,14503,5,32.73,5.37,,
340355,P,2000-07-07,48514,7,70.24,2.92,,
340356,P,2001-06-28,74387,8,74.81,8.66,,
340357,P,2000-08-11,50629,1,56.92,0.57,,
340358,P,2001-12-24,67543,7,96.57,5.05,,
340359,P,2002-04-14,65701,10,63.37,3.36,,
340360,P,2002-09-11,80055,1,37.92,1.37,,
340361,P,2000-07-08,71893,4,50.05,8.14,,
340362,P,2002-01-10,77087,3,10.74,8.36,,
340363,P,2000-05-13,44703,2,27.06,8.33,,
340364,P,2002-01-11,98020,10,60.13,9.74,,
340365,P,2002-08-29,55122,6,14.93,6.05,,
340366,P,2000-01-16,11734,8,74.85,7.97,,
340367,P,2002-08-31,71254,4,85.69,3.77,,
340368,P,2001-12-07,1366,8,49.31,5.47,,
340369,P,2002-06-13,11446,1,42.70,6.83,,
340370,P,2002-06-09,73959,2,29.94,0.81,,
340371,P,2002-03-18,98118,9,13.60,7.62,,
340372,P,2002-03-31,62183,3,32.12,1.58,,
340373,P,2001-10-27,46833,7,94.99,8.87,,
340374,P,2000-06-28,12634,1,7.52,2.64,,
340375,P,2002-03-14,23547,8,23.85,5.13,,
340376,P,2002-07-25,36551,4,57.74,0.07,,
340377,P,2000-12-06,5235,8,16.69,9.27,,
340378,P,2000-03-24,6830,2,6.01,6.78,,
340379,P,2000-06-06,76955,8,66.79,9.64,,
340380,P,2001-01-13,53178,2,89.92,2.67,,
340381,P,2000-01-30,821,3,89.94,7.75,,
340382,P,2001-04-17,27287,10,71.35,0.02,,
340383,P,2000-08-12,67530,8,1.10,6.50,,
340384,P,2000-06-25,71027,3,73.57,9.86,,
340385,P,2001-06-08,81011,9,71.56,8.57,,
340386,P,2000-07-03,92993,5,31.99,9.15,,
340387,P,2002-04-01,74240,10,13.18,1.36,,
340388,P,2002-04-29,76441,5,46.62,3.76,,
340389,P,2000-12-18,29632,8,71.49,8.57,,
340390,P,2002-09-12,5035,7,7.92,9.82,,
340391,P,2000-04-04,50587,8,58.43,1.34,,
340392,P,2000-11-19,91884,2,56.18,1.87,,
340393,P,2002-04-04,16202,4,18.08,5.36,,
340394,P,2002-02-02,58077,9,8.92,5.74,,
340395,P,2000-04-04,12135,7,47.49,9.24,,
340396,P,2001-06-01,76055,10,97.34,8.78,,
340397,P,2000-11-03,21196,2,77.75,0.22,,
340398,P,2002-09-22,12519,7,11.24,7.08,,
340399,P,2001-04-21,6209,10,5.44,8.50,,
340400,P,2002-04-01,65053,4,17.70,1.64,,
340401,P,2002-03-26,61724,7,59.83,3.87,,
340402,P,2000-05-11,42089,7,17.34,2.02,,
340403,P,2001-01-15,58259,6,16.55,5.16,,
340404,P,2001-10-16,22306,3,79.73,6.13,,
340405,P,2000-06-09,79420,3,45.00,4.91,,
340406,P,2002-06-15,96930,1,18.70,4.59,,
340407,P,2000-06-19,82038,3,42.62,7.19,,
340408,P,2002-01-26,32345,1,7.30,6.12,,
340409,P,2000-01-01,99794,2,8.36,8.64,,
340410,P,2001-03-30,25243,10,20.74,8.67,,
340411,P,2002-08-04,38394,3,37.97,7.95,,
340412,P,2001-03-19,14101,10,45.37,4.76,,
340413,P,2000-12-31,60638,6,34.67,2.66,,
340414,P,2001-11-09,84958,5,59.19,0.41,,
340415,P,2002-02-17,53309,9,97.56,8.76,,
340416,P,2000-03-07,17288,9,85.14,8.47,,
340417,P,2002-03-08,22171,8,25.30,0.30,,
340418,P,2000-08-24,46716,2,16.86,9.71,,
340419,P,2001-12-09,32629,4,43.88,5.25,,
340420,P,2000-06-11,15090,9,70.54,2.39,,
340421,P,2000-03-08,12267,4,13.46,3.66,,
340422,P,2001-01-25,57706,5,87.30,4.02,,
340423,P,2001-05-30,11658,9,18.93,5.08,,
340424,P,2000-08-22,5942,7,78.53,2.36,,
340425,P,2000-04-01,58561,4,72.27,6.87,,
340426,P,2000-12-17,25342,4,24.92,4.10,,
340427,P,2002-01-02,48743,3,6.31,6.66,,
340428,P,2002-05-17,68605,4,58.78,8.51,,
340429,P,2001-11-08,8342,6,57.30,8.58,,
340430,P,2001-11-29,86152,8,81.21,8.25,,
340431,P,2000-04-22,80250,6,90.25,6.98,,
340432,P,2001-05-19,79517,2,16.57,8.37,,
340433,P,2000-07-15,85016,9,66.95,1.48,,
340434,P,2002-07-15,79633,10,15.18,6.90,,
340435,P,2000-08-29,99003,9,32.62,4.64,,
340436,P,2001-12-08,82139,6,79.46,6.95,,
340437,P,2000-01-24,5932,8,70.73,9.28,,
340438,P,2001-12-22,12908,9,92.51,2.55,,
340439,P,2001-04-22,18704,8,46.15,9.63,,
340440,P,2002-08-14,66245,9,30.76,6.12,,
340441,P,2001-03-25,28398,6,44.41,9.34,,
340442,P,2002-08-16,71169,6,49.22,7.01,,
340443,P,2000-11-01,41158,5,69.73,8.34,,
340444,P,2000-04-10,32401,3,86.45,4.09,,
340445,P,2001-04-14,16441,8,63.90,8.29,,
340446,P,2000-02-11,23064,7,43.29,2.11,,
340447,P,2000-06-21,31983,9,16.13,7.98,,
340448,P,2000-01-14,73501,9,30.49,7.54,,
340449,P,2002-01-03,67543,8,61.69,4.15,,
340450,P,2002-06-16,70536,8,56.77,5.63,,
340451,P,2000-05-19,67817,6,67.15,4.60,,
340452,P,2000-08-09,3162,9,25.79,4.99,,
340453,P,2001-03-29,53470,10,28.56,4.12,,
340454,P,2002-06-08,95458,9,36.97,7.89,,
340455,P,2002-06-28,63377,2,48.80,8.17,,
340456,P,2001-09-02,27032,6,90.18,2.53,,
340457,P,2002-01-26,66123,8,1.87,5.09,,
340458,P,2002-01-20,70626,8,72.67,7.31,,
340459,P,2001-10-11,54672,2,98.39,6.99,,
340460,P,2000-03-15,62608,10,59.69,9.42,,
340461,P,2001-01-16,2101,9,3.65,1.09,,
340462,P,2001-01-28,46646,9,69.58,0.22,,
340463,P,2002-01-09,94051,2,5.62,0.43,,
340464,P,2002-07-12,97744,10,35.51,9.43,,
340465,P,2002-08-03,11680,2,7.38,5.07,,
340466,P,2000-10-01,99364,1,24.37,1.56,,
340467,P,2001-07-13,78822,6,46.55,7.44,,
340468,P,2002-04-12,9369,6,93.95,1.17,,
340469,P,2000-05-29,73503,3,37.66,9.00,,
340470,P,2000-04-23,21897,1,42.97,6.48,,
340471,P,2001-01-15,73954,8,5.43,8.67,,
340472,P,2000-10-02,6144,2,88.77,0.27,,
340473,P,2001-05-18,65468,3,94.35,0.80,,
340474,P,2002-03-10,32735,3,32.50,4.54,,
340475,P,2002-01-12,9225,5,96.67,1.75,,
340476,P,2001-08-08,17327,5,55.17,3.75,,
340477,P,2002-02-23,27698,8,55.12,7.65,,
340478,P,2000-02-06,88663,4,69.03,3.92,,
340479,P,2000-04-29,1306,4,46.37,2.88,,
340480,P,2000-06-08,28031,1,3.72,9.67,,
340481,P,2002-02-17,67093,8,46.18,8.76,,
340482,P,2002-05-07,41515,6,93.76,9.10,,
340483,P,2000-03-01,60875,7,98.51,7.60,,
340484,P,2001-02-22,84710,9,49.04,6.54,,
340485,P,2002-08-09,72441,6,43.32,6.83,,
340486,P,2000-05-19,39107,4,49.18,3.54,,
340487,P,2000-09-29,88633,5,30.99,8.76,,
340488,P,2002-08-10,1489,10,10.43,0.80,,
340489,P,2002-03-28,38940,6,60.12,5.06,,
340490,P,2001-06-21,60995,3,43.53,3.43,,
340491,P,2001-10-13,41762,8,54.62,6.14,,
340492,P,2001-04-21,28104,1,71.25,2.83,,
340493,P,2000-09-18,65836,10,83.13,7.90,,
340494,P,2000-12-15,4048,6,38.17,8.30,,
340495,P,2000-05-16,22665,8,87.57,6.43,,
340496,P,2000-09-15,93699,5,95.71,8.80,,
340497,P,2001-02-26,33795,6,74.59,9.20,,
340498,P,2000-08-08,40897,7,18.48,7.78,,
340499,P,2001-03-04,91383,2,79.64,0.94,,
340500,P,2001-04-15,97350,8,50.24,2.50,,
340501,P,2001-11-27,86703,9,83.19,8.05,,
340502,P,2001-08-16,2041,10,13.20,3.72,,
340503,P,2002-04-28,15393,5,31.80,0.47,,
340504,P,2000-06-09,84260,3,0.35,0.17,,
340505,P,2002-03-19,92660,6,87.94,8.32,,
340506,P,2001-09-24,38562,4,11.71,2.78,,
340507,P,2002-02-03,6569,4,10.64,6.46,,
340508,P,2001-01-24,49911,1,90.88,6.82,,
340509,P,2000-09-03,15934,1,14.57,5.71,,
340510,P,2002-08-16,60963,8,41.62,5.80,,
340511,P,2001-03-24,82631,4,33.52,5.18,,
340512,P,2000-01-11,92029,2,20.09,8.94,,
340513,P,2000-11-16,85212,6,6.72,7.56,,
340514,P,2002-04-21,70115,9,89.91,1.27,,
340515,P,2000-04-11,70008,1,25.95,8.59,,
340516,P,2002-09-27,23753,6,69.68,2.06,,
340517,P,2001-08-11,56202,6,29.46,0.81,,
340518,P,2001-12-28,41784,7,22.10,8.77,,
340519,P,2001-09-25,974,7,0.16,1.27,,
340520,P,2000-01-16,13628,1,48.67,4.51,,
340521,P,2002-04-04,5061,10,59.35,7.30,,
340522,P,2002-01-15,11085,6,18.73,6.95,,
340523,P,2000-01-14,47625,6,94.27,9.36,,
340524,P,2000-02-22,29785,5,64.79,6.09,,
340525,P,2001-09-27,33590,1,66.10,3.71,,
340526,P,2001-03-07,24580,7,83.25,5.61,,
340527,P,2001-11-13,89973,3,66.44,8.27,,
340528,P,2002-05-06,83170,8,67.45,9.03,,
340529,P,2001-09-18,22000,5,74.35,9.02,,
340530,P,2001-01-29,57067,3,8.59,7.40,,
340531,P,2000-05-13,93597,10,46.01,2.30,,
340532,P,2000-04-28,67116,3,29.24,2.88,,
340533,P,2000-08-23,42675,6,12.69,2.32,,
340534,P,2000-11-24,18637,1,92.63,9.21,,
340535,P,2001-05-03,68067,6,99.37,8.06,,
340536,P,2000-12-11,19814,9,31.25,4.55,,
340537,P,2000-02-14,42400,1,12.96,5.39,,
340538,P,2000-06-04,42113,1,41.91,5.24,,
340539,P,2001-05-20,76527,2,61.52,4.07,,
340540,P,2001-08-30,3638,2,72.90,7.85,,
340541,P,2001-05-05,12482,3,34.48,1.84,,
340542,P,2000-09-11,84969,3,97.35,2.06,,
340543,P,2001-07-14,19676,9,56.41,4.34,,
340544,P,2001-07-01,98652,1,87.70,7.41,,
340545,P,2000-09-30,96268,1,81.45,6.26,,
340546,P,2000-02-23,61740,10,93.54,7.53,,
340547,P,2000-09-18,49696,5,19.63,3.36,,
340548,P,2002-09-17,8923,4,74.63,0.05,,
340549,P,2001-05-13,81821,5,43.26,8.48,,
340550,P,2000-04-20,38228,7,22.02,9.99,,
340551,P,2001-07-17,2864,8,56.00,2.98,,
340552,P,2000-03-31,6741,1,93.16,2.21,,
340553,P,2000-10-03,56558,9,51.17,3.16,,
340554,P,2002-04-20,60271,3,97.99,6.26,,
340555,P,2002-05-10,30158,7,18.98,4.76,,
340556,P,2000-02-26,38496,6,8.68,9.44,,
340557,P,2001-08-17,3772,8,32.37,3.08,,
340558,P,2001-05-13,83253,5,10.61,7.06,,
340559,P,2000-01-20,61445,2,48.36,1.75,,
340560,P,2000-11-26,60172,2,81.73,7.55,,
340561,P,2000-02-27,5006,8,95.89,1.93,,
340562,P,2002-06-06,64988,1,56.02,6.02,,
340563,P,2002-07-08,6007,10,82.79,4.94,,
340564,P,2000-02-12,99894,3,59.74,9.45,,
340565,P,2000-03-18,17883,2,12.46,5.93,,
340566,P,2000-12-18,6767,8,12.70,0.84,,
340567,P,2001-02-22,7881,3,20.52,5.39,,
340568,P,2000-01-31,10449,10,33.88,8.77,,
340569,P,2001-06-15,88931,1,53.45,3.50,,
340570,P,2002-02-08,81436,1,85.75,2.21,,
340571,P,2001-04-05,18824,3,77.09,8.93,,
340572,P,2002-01-17,57383,3,33.26,0.18,,
340573,P,2000-05-08,6851,4,43.01,7.03,,
340574,P,2000-10-09,85444,8,80.51,8.99,,
340575,P,2001-09-24,52443,6,44.36,0.20,,
340576,P,2000-09-20,11918,10,19.21,3.52,,
340577,P,2001-03-13,78617,5,91.72,9.57,,
340578,P,2001-05-21,44448,9,27.74,5.44,,
340579,P,2002-06-03,41746,7,33.48,7.39,,
340580,P,2002-01-05,24141,7,53.46,2.06,,
340581,P,2000-01-25,20336,10,26.99,9.88,,
340582,P,2001-06-29,9414,4,91.01,5.93,,
340583,P,2000-07-07,52005,3,75.96,3.15,,
340584,P,2000-09-20,92555,2,21.15,0.89,,
340585,P,2001-12-22,97346,8,72.47,5.02,,
340586,P,2001-01-13,53235,10,27.84,9.04,,
340587,P,2001-04-11,5541,3,14.16,7.14,,
340588,P,2002-01-03,75031,8,94.40,1.23,,
340589,P,2001-11-27,3307,4,96.53,1.06,,
340590,P,2002-07-01,2284,6,90.30,3.15,,
340591,P,2000-02-13,3801,5,98.68,5.92,,
340592,P,2001-08-08,55838,7,90.08,7.39,,
340593,P,2001-12-01,75166,8,87.99,1.13,,
340594,P,2002-09-21,37855,6,25.12,7.71,,
340595,P,2000-07-08,47647,8,57.07,9.59,,
340596,P,2000-08-10,51082,4,10.93,2.77,,
340597,P,2000-02-17,71809,9,71.51,4.65,,
340598,P,2002-02-25,54117,3,86.21,3.68,,
340599,P,2002-06-13,35844,7,29.68,7.87,,
340600,P,2002-04-05,4329,9,79.20,7.96,,
340601,P,2002-01-07,12676,10,76.37,4.95,,
340602,P,2001-08-16,95002,10,90.43,5.01,,
340603,P,2002-08-31,76110,7,72.45,8.04,,
340604,P,2001-12-16,76046,6,83.40,7.13,,
340605,P,2000-08-27,46342,4,56.88,1.76,,
340606,P,2001-06-05,37268,9,92.28,6.88,,
340607,P,2001-04-14,94918,3,71.04,5.39,,
340608,P,2000-08-27,68350,6,24.84,7.74,,
340609,P,2001-05-01,53312,8,41.63,0.07,,
340610,P,2001-03-13,529,1,71.17,8.87,,
340611,P,2001-06-26,87195,8,29.99,4.80,,
340612,P,2000-01-06,89309,6,28.93,0.42,,
340613,P,2002-07-03,92258,7,44.23,8.09,,
340614,P,2000-01-03,91132,3,20.70,8.02,,
340615,P,2001-11-11,71774,1,82.12,6.70,,
340616,P,2000-12-16,56159,8,37.42,2.94,,
340617,P,2002-07-10,68351,5,35.17,9.44,,
340618,P,2002-09-04,57668,3,44.09,4.41,,
340619,P,2000-02-12,78648,3,64.60,6.60,,
340620,P,2001-12-05,90006,4,69.28,7.24,,
340621,P,2001-04-14,77514,6,37.11,7.91,,
340622,P,2002-03-19,55363,9,42.05,8.10,,
340623,P,2001-09-30,40526,9,44.71,1.72,,
340624,P,2000-12-08,9204,7,43.00,6.38,,
340625,P,2000-07-11,96200,1,8.33,0.93,,
340626,P,2001-12-21,1000,6,80.88,7.54,,
340627,P,2000-03-09,24447,10,96.94,5.15,,
340628,P,2002-07-15,51904,6,37.78,5.35,,
340629,P,2000-07-09,79058,8,46.75,9.74,,
340630,P,2002-09-02,15606,2,30.80,6.19,,
340631,P,2001-11-12,30262,6,65.45,2.61,,
340632,P,2000-08-10,93979,3,29.25,8.47,,
340633,P,2000-08-05,83571,7,19.17,2.84,,
340634,P,2002-06-07,2082,8,14.87,9.52,,
340635,P,2001-02-11,86747,7,70.39,6.68,,
340636,P,2002-01-08,13259,8,25.22,2.64,,
340637,P,2000-06-18,6770,8,78.42,0.16,,
340638,P,2002-09-09,97610,7,38.01,2.65,,
340639,P,2001-05-29,91463,8,42.49,1.83,,
340640,P,2001-04-29,72593,10,25.63,0.49,,
340641,P,2000-06-02,35478,9,46.19,6.31,,
340642,P,2001-02-17,61929,10,6.61,0.86,,
340643,P,2002-08-01,29939,4,26.06,3.72,,
340644,P,2000-12-23,88619,2,70.41,0.50,,
340645,P,2001-07-03,27458,5,41.66,2.69,,
340646,P,2000-06-13,81887,2,62.18,0.51,,
340647,P,2001-02-18,20897,7,14.04,5.90,,
340648,P,2002-02-27,3943,9,41.57,2.56,,
340649,P,2000-06-15,8313,3,69.42,7.37,,
340650,P,2000-06-21,74721,2,1.67,2.31,,
340651,P,2001-07-13,35219,2,56.67,5.71,,
340652,P,2001-11-02,31296,8,25.43,9.71,,
340653,P,2002-02-27,31741,1,13.94,2.18,,
340654,P,2000-02-23,18889,1,50.59,4.68,,
340655,P,2000-09-28,33921,8,55.28,1.56,,
340656,P,2002-04-01,97495,6,16.51,5.32,,
340657,P,2000-07-09,7450,2,54.25,2.79,,
340658,P,2000-06-06,42368,1,95.20,1.76,,
340659,P,2001-01-15,65124,5,92.33,5.59,,
340660,P,2000-03-06,46738,9,10.38,4.22,,
340661,P,2001-08-08,70568,4,49.47,7.79,,
340662,P,2002-05-06,35932,7,83.25,8.61,,
340663,P,2000-10-22,46231,7,16.51,7.35,,
340664,P,2002-04-17,25063,9,46.95,3.18,,
340665,P,2001-09-07,14882,10,65.44,7.44,,
340666,P,2002-06-01,82096,3,9.24,7.41,,
340667,P,2002-07-21,9606,10,26.38,0.40,,
340668,P,2002-07-30,69377,5,61.31,7.32,,
340669,P,2001-08-09,43264,6,14.24,4.40,,
340670,P,2000-09-30,56636,3,45.90,2.41,,
340671,P,2001-06-07,95855,5,51.10,4.61,,
340672,P,2001-11-23,7027,4,45.97,2.14,,
340673,P,2001-09-02,34209,6,73.50,6.06,,
340674,P,2002-08-09,87756,4,2.33,4.52,,
340675,P,2002-05-22,4959,6,50.51,7.64,,
340676,P,2001-04-02,80348,1,33.12,5.08,,
340677,P,2000-08-21,97559,3,88.89,4.87,,
340678,P,2000-08-04,76866,10,74.71,8.58,,
340679,P,2000-09-13,78889,5,91.41,9.79,,
340680,P,2001-02-11,68944,10,79.25,9.07,,
340681,P,2001-07-06,21024,6,40.90,0.02,,
340682,P,2001-12-04,88668,6,16.11,8.76,,
340683,P,2002-04-23,41895,2,37.30,7.29,,
340684,P,2001-05-13,6669,10,47.19,7.20,,
340685,P,2001-07-23,88151,10,57.62,9.14,,
340686,P,2000-03-08,34275,9,19.08,3.56,,
340687,P,2001-12-20,77549,7,25.21,3.42,,
340688,P,2001-12-07,58880,5,62.33,9.40,,
340689,P,2001-04-02,31634,4,87.64,4.56,,
340690,P,2000-02-01,21859,4,28.48,2.49,,
340691,P,2000-01-25,76314,4,12.86,2.55,,
340692,P,2002-04-07,3262,4,7.42,0.26,,
340693,P,2001-07-07,57982,10,59.80,9.49,,
340694,P,2001-01-28,71582,10,62.98,5.23,,
340695,P,2001-01-03,27292,10,39.37,5.41,,
340696,P,2001-09-10,11147,9,90.36,3.42,,
340697,P,2002-09-03,54002,5,11.25,1.73,,
340698,P,2001-10-03,92308,5,97.14,3.41,,
340699,P,2000-11-22,86914,4,20.58,5.95,,
340700,P,2000-12-03,96559,7,31.75,7.09,,
340701,P,2002-06-11,24737,7,69.25,8.84,,
340702,P,2000-10-08,55956,7,24.43,8.18,,
340703,P,2000-03-07,47832,6,86.70,9.98,,
340704,P,2000-06-24,13029,4,36.28,3.64,,
340705,P,2002-02-12,6691,7,55.16,5.79,,
340706,P,2000-01-07,37938,4,37.83,9.52,,
340707,P,2000-12-07,65381,8,84.11,5.06,,
340708,P,2001-07-01,58795,1,41.88,1.07,,
340709,P,2001-12-06,49009,3,6.29,4.59,,
340710,P,2001-03-19,71242,4,98.83,7.34,,
340711,P,2002-05-16,73661,9,48.08,1.46,,
340712,P,2001-11-16,79605,10,25.93,5.16,,
340713,P,2000-10-07,94292,4,52.44,7.27,,
340714,P,2002-02-06,10350,4,61.97,5.89,,
340715,P,2001-12-15,53216,2,17.67,8.18,,
340716,P,2002-03-29,56290,6,77.21,9.52,,
340717,P,2000-11-12,16971,9,78.89,2.76,,
340718,P,2000-09-05,80456,9,24.86,6.20,,
340719,P,2002-03-09,70001,2,13.08,0.38,,
340720,P,2001-07-09,38907,10,71.71,0.24,,
340721,P,2002-09-03,39718,9,95.92,1.68,,
340722,P,2000-04-04,31207,3,76.26,2.56,,
340723,P,2002-03-06,679,10,0.19,3.28,,
340724,P,2000-12-14,32946,3,5.74,3.34,,
340725,P,2000-04-30,51104,3,55.85,8.03,,
340726,P,2001-11-05,89770,3,19.81,9.43,,
340727,P,2000-12-18,37687,3,60.05,8.01,,
340728,P,2000-09-17,66295,8,28.70,2.56,,
340729,P,2000-03-04,10509,9,35.24,7.06,,
340730,P,2000-09-20,84777,4,55.01,8.97,,
340731,P,2002-01-04,68891,9,43.20,1.45,,
340732,P,2001-10-16,91391,1,16.23,7.23,,
340733,P,2001-04-05,58309,4,30.04,9.03,,
340734,P,2000-04-27,65464,10,27.52,6.26,,
340735,P,2001-06-15,40871,6,30.00,6.77,,
340736,P,2001-11-23,13835,1,93.16,1.00,,
340737,P,2002-09-13,13768,7,50.78,6.10,,
340738,P,2002-02-03,46617,2,97.28,8.39,,
340739,P,2000-02-07,38907,9,84.71,0.45,,
340740,P,2000-09-03,91473,3,26.59,6.55,,
340741,P,2000-08-01,70996,5,23.57,2.92,,
340742,P,2002-06-04,5662,5,65.72,1.13,,
340743,P,2001-11-17,39248,6,55.41,0.07,,
340744,P,2002-02-02,30078,7,72.80,6.01,,
340745,P,2000-04-27,63499,5,65.49,4.31,,
340746,P,2002-06-16,37237,8,86.51,1.16,,
340747,P,2000-03-25,36832,8,38.98,6.74,,
340748,P,2002-02-11,45595,2,77.91,0.68,,
340749,P,2002-02-25,73267,4,20.19,9.76,,
340750,P,2002-04-24,15025,9,20.49,8.32,,
340751,P,2002-08-20,28704,9,38.51,5.03,,
340752,P,2001-12-21,53047,2,30.16,8.76,,
340753,P,2002-07-31,60747,5,57.01,2.71,,
340754,P,2001-11-21,12488,9,74.67,1.22,,
340755,P,2001-05-01,13089,7,83.99,1.75,,
340756,P,2002-08-19,61415,3,89.70,6.94,,
340757,P,2001-07-10,21018,5,77.66,4.24,,
340758,P,2000-08-06,26035,4,41.49,9.45,,
340759,P,2002-06-08,55378,4,27.39,5.31,,
340760,P,2002-06-06,85002,9,15.97,7.12,,
340761,P,2001-11-07,53020,8,26.67,6.52,,
340762,P,2002-06-19,67791,4,24.42,9.51,,
340763,P,2001-11-13,86694,3,37.23,5.96,,
340764,P,2001-10-21,70265,4,6.56,5.68,,
340765,P,2001-12-07,38402,7,65.67,8.70,,
340766,P,2000-01-25,62815,9,83.60,7.39,,
340767,P,2002-05-21,83751,3,42.06,6.88,,
340768,P,2001-04-13,79031,4,71.27,9.67,,
340769,P,2002-02-21,59450,7,44.77,2.03,,
340770,P,2001-06-23,95757,10,54.77,9.40,,
340771,P,2001-11-27,19054,8,59.52,0.94,,
340772,P,2001-12-17,27737,10,79.86,3.45,,
340773,P,2000-12-25,4425,1,8.66,2.37,,
340774,P,2001-03-25,78904,10,98.86,1.48,,
340775,P,2001-07-28,8187,4,90.93,6.29,,
340776,P,2002-02-05,19390,3,48.43,6.54,,
340777,P,2001-07-10,93732,7,72.91,2.03,,
340778,P,2002-08-31,42288,3,37.31,4.63,,
340779,P,2001-04-03,37842,3,96.59,1.04,,
340780,P,2002-04-27,17386,5,98.79,4.09,,
340781,P,2001-06-27,11165,4,98.79,5.70,,
340782,P,2001-05-31,11730,2,26.59,6.12,,
340783,P,2002-01-24,78593,4,79.53,5.28,,
340784,P,2001-06-24,40639,7,85.21,3.34,,
340785,P,2002-06-11,14615,3,63.68,3.59,,
340786,P,2000-11-13,2786,4,97.60,2.16,,
340787,P,2000-04-01,28473,6,58.97,1.81,,
340788,P,2000-04-04,37231,7,83.70,2.12,,
340789,P,2000-09-24,19194,9,75.13,6.96,,
340790,P,2001-12-14,24762,7,52.32,2.18,,
340791,P,2001-06-30,62747,2,52.85,6.23,,
340792,P,2000-06-08,6477,1,14.62,0.14,,
340793,P,2001-12-08,64455,10,3.06,3.19,,
340794,P,2000-11-11,39914,9,79.69,9.02,,
340795,P,2001-02-24,33889,2,79.39,8.70,,
340796,P,2002-04-25,31399,4,69.42,6.28,,
340797,P,2001-10-24,92660,10,87.60,5.76,,
340798,P,2002-01-16,4618,3,47.83,3.68,,
340799,P,2000-03-06,21124,6,59.71,2.53,,
340800,P,2000-02-06,15632,6,54.51,2.74,,
340801,P,2000-04-24,2947,4,28.76,5.32,,
340802,P,2000-10-08,39435,4,97.30,6.23,,
340803,P,2001-03-19,21195,4,53.86,9.29,,
340804,P,2000-02-11,433,2,52.97,9.04,,
340805,P,2001-03-31,36936,3,28.40,5.21,,
340806,P,2000-08-20,17042,10,4.75,1.81,,
340807,P,2001-07-15,79509,3,81.16,0.65,,
340808,P,2001-12-03,56629,5,63.00,0.70,,
340809,P,2001-10-18,21436,4,26.46,2.72,,
340810,P,2002-06-25,59052,8,79.12,7.46,,
340811,P,2000-05-08,82654,2,88.64,7.67,,
340812,P,2000-01-23,98090,7,24.69,5.91,,
340813,P,2002-01-04,44646,3,14.69,5.25,,
340814,P,2000-10-05,65623,8,71.07,3.21,,
340815,P,2000-01-10,69314,2,53.31,0.50,,
340816,P,2002-08-12,92130,1,54.13,8.41,,
340817,P,2001-02-06,71634,9,50.66,7.93,,
340818,P,2000-06-18,74774,6,92.40,0.63,,
340819,P,2001-03-28,72992,2,9.62,3.31,,
340820,P,2002-04-29,35321,6,48.62,7.95,,
340821,P,2001-07-06,44164,10,12.21,5.42,,
340822,P,2001-09-15,72568,7,66.82,3.55,,
340823,P,2001-12-12,26414,8,61.18,9.34,,
340824,P,2001-09-06,47021,10,28.89,0.61,,
340825,P,2000-11-22,30019,9,41.09,7.48,,
340826,P,2001-02-23,54042,1,14.33,9.96,,
340827,P,2000-08-02,86893,1,93.40,4.81,,
340828,P,2000-09-01,56183,10,99.05,7.14,,
340829,P,2000-11-09,17109,6,15.96,7.03,,
340830,P,2001-12-01,74474,8,73.73,8.41,,
340831,P,2001-08-29,13994,4,25.32,9.72,,
340832,P,2000-04-26,16060,4,7.45,4.54,,
340833,P,2000-06-02,9985,2,93.65,3.70,,
340834,P,2002-05-23,33162,8,96.02,1.73,,
340835,P,2002-08-06,86550,4,31.85,9.20,,
340836,P,2001-04-12,71709,9,56.69,7.80,,
340837,P,2002-01-17,44185,10,21.64,2.37,,
340838,P,2000-12-19,69408,1,10.93,1.12,,
340839,P,2001-07-27,43812,5,51.28,2.02,,
340840,P,2002-05-11,15506,3,11.99,2.63,,
340841,P,2001-04-17,73950,7,73.54,8.11,,
340842,P,2001-06-05,63825,1,88.96,6.32,,
340843,P,2002-05-01,2595,6,69.02,2.30,,
340844,P,2002-02-01,94777,5,31.12,8.58,,
340845,P,2000-11-02,16909,3,44.66,1.23,,
340846,P,2002-02-04,91227,3,95.04,0.69,,
340847,P,2000-03-27,66859,1,17.51,2.95,,
340848,P,2002-07-13,55058,4,6.23,8.71,,
340849,P,2001-07-02,62629,10,87.52,8.05,,
340850,P,2001-04-19,55216,7,12.19,4.45,,
340851,P,2001-02-17,557,5,25.70,0.44,,
340852,P,2002-01-02,17537,6,75.77,5.16,,
340853,P,2000-08-16,79995,7,57.26,2.68,,
340854,P,2002-03-10,18214,10,45.79,1.83,,
340855,P,2001-09-12,80870,1,15.79,2.73,,
340856,P,2000-08-14,3537,8,7.38,5.58,,
340857,P,2000-03-13,15772,7,71.48,6.86,,
340858,P,2000-12-07,98196,3,60.38,9.90,,
340859,P,2001-12-13,94879,6,41.99,5.81,,
340860,P,2001-12-29,8286,9,41.45,1.71,,
340861,P,2000-11-10,31330,2,13.96,5.83,,
340862,P,2001-06-16,21961,3,23.64,2.38,,
340863,P,2000-01-31,31783,2,40.42,7.08,,
340864,P,2000-11-02,62168,2,83.33,6.27,,
340865,P,2001-03-26,95851,3,61.54,5.88,,
340866,P,2002-07-29,4601,7,41.72,8.04,,
340867,P,2001-10-05,89500,1,30.60,2.66,,
340868,P,2001-01-11,32580,7,65.52,2.65,,
340869,P,2001-05-03,63449,4,69.22,4.38,,
340870,P,2002-01-02,63228,4,54.80,9.06,,
340871,P,2002-06-08,45532,3,45.66,4.49,,
340872,P,2000-04-22,5687,7,52.52,2.10,,
340873,P,2000-08-03,67457,3,3.16,7.11,,
340874,P,2000-03-01,26336,8,0.01,5.73,,
340875,P,2002-05-20,12628,1,68.68,8.55,,
340876,P,2000-10-20,27864,2,91.38,6.64,,
340877,P,2001-01-06,99696,6,74.16,4.62,,
340878,P,2002-07-13,18996,6,42.05,7.32,,
340879,P,2002-04-29,92310,3,87.92,9.78,,
340880,P,2000-02-12,42156,3,63.57,1.09,,
340881,P,2000-07-04,17128,6,91.18,1.28,,
340882,P,2001-12-04,80648,8,29.36,3.69,,
340883,P,2001-03-20,55222,10,84.50,5.92,,
340884,P,2000-08-03,41306,1,71.21,7.17,,
340885,P,2000-04-05,30106,10,37.01,1.59,,
340886,P,2001-06-12,66413,10,42.84,4.72,,
340887,P,2002-05-04,33785,6,41.36,2.14,,
340888,P,2000-01-17,51790,3,75.62,3.47,,
340889,P,2002-07-29,64321,10,28.42,1.86,,
340890,P,2000-08-15,63698,7,70.83,6.98,,
340891,P,2000-10-21,95922,3,49.68,9.22,,
340892,P,2002-06-07,10833,8,14.07,2.70,,
340893,P,2001-02-24,9653,6,32.87,2.15,,
340894,P,2000-03-23,92702,4,62.63,8.50,,
340895,P,2002-04-27,94164,4,62.94,8.74,,
340896,P,2001-11-15,2309,10,99.47,1.69,,
340897,P,2000-06-03,82842,3,63.63,2.87,,
340898,P,2001-07-08,66653,8,61.52,6.01,,
340899,P,2001-09-10,48566,3,60.34,1.53,,
340900,P,2001-07-04,13413,9,49.41,1.49,,
340901,P,2000-09-07,41341,10,18.88,9.01,,
340902,P,2002-01-17,81674,4,69.49,8.81,,
340903,P,2001-05-13,51795,3,40.25,9.49,,
340904,P,2000-05-01,10935,3,56.41,2.93,,
340905,P,2001-05-12,43149,10,12.47,7.44,,
340906,P,2001-07-21,39520,10,2.83,0.75,,
340907,P,2001-04-02,24179,6,30.85,3.46,,
340908,P,2002-03-31,99528,7,76.36,2.95,,
340909,P,2000-09-22,37165,3,60.72,4.75,,
340910,P,2002-04-10,84203,8,75.64,7.04,,
340911,P,2000-07-08,47788,1,79.41,3.57,,
340912,P,2001-03-29,54179,1,83.98,4.54,,
340913,P,2002-09-12,42583,9,11.64,7.39,,
340914,P,2002-01-23,8119,4,91.92,6.10,,
340915,P,2002-03-03,85953,6,40.57,6.10,,
340916,P,2000-10-20,5304,6,50.60,0.16,,
340917,P,2000-09-24,6933,3,61.82,4.22,,
340918,P,2001-05-05,76400,10,67.93,3.75,,
340919,P,2002-04-28,97781,9,88.04,6.74,,
340920,P,2000-06-07,36101,9,39.32,5.14,,
340921,P,2002-07-11,54333,6,90.26,5.46,,
340922,P,2001-08-12,38421,8,4.48,6.01,,
340923,P,2001-09-02,51902,7,22.45,7.35,,
340924,P,2001-12-27,24820,9,9.05,0.23,,
340925,P,2001-01-17,91662,10,27.80,9.79,,
340926,P,2001-06-24,48575,4,85.12,1.54,,
340927,P,2001-02-24,22835,4,1.88,3.54,,
340928,P,2000-10-07,27726,10,86.77,8.10,,
340929,P,2000-11-16,69208,1,88.14,3.50,,
340930,P,2000-05-16,40723,3,28.57,7.39,,
340931,P,2000-07-22,86876,8,91.47,5.42,,
340932,P,2000-10-14,55220,4,40.40,2.51,,
340933,P,2001-12-05,73716,4,76.33,8.02,,
340934,P,2001-09-17,70737,2,31.21,3.22,,
340935,P,2001-09-01,41811,5,12.13,5.87,,
340936,P,2002-05-09,84410,7,18.20,8.61,,
340937,P,2002-01-05,21992,7,12.54,7.06,,
340938,P,2002-09-12,32236,1,42.47,1.11,,
340939,P,2001-05-12,6020,4,7.64,8.68,,
340940,P,2001-07-25,77237,4,70.28,1.37,,
340941,P,2000-11-01,32463,6,31.81,8.42,,
340942,P,2000-12-05,66754,6,98.13,1.92,,
340943,P,2002-02-19,69500,6,35.68,9.82,,
340944,P,2000-09-27,85507,6,10.92,5.53,,
340945,P,2000-02-20,18778,2,81.11,2.03,,
340946,P,2001-04-15,94292,2,54.13,0.32,,
340947,P,2000-12-25,73607,1,90.31,1.45,,
340948,P,2000-01-06,28912,10,12.02,8.82,,
340949,P,2002-03-17,93744,4,83.26,2.43,,
340950,P,2001-06-30,92047,1,0.06,6.01,,
340951,P,2000-10-15,55071,10,64.30,1.61,,
340952,P,2002-09-15,40997,9,26.07,4.66,,
340953,P,2001-02-16,73131,8,32.87,6.34,,
340954,P,2000-01-06,2069,8,8.24,3.33,,
340955,P,2001-08-30,34713,9,37.28,5.78,,
340956,P,2001-08-04,49781,9,35.55,9.45,,
340957,P,2000-05-20,78209,1,25.99,1.50,,
340958,P,2000-01-18,23107,5,99.17,2.71,,
340959,P,2001-08-02,14949,8,95.91,7.98,,
340960,P,2000-10-26,6441,8,49.72,2.05,,
340961,P,2000-03-23,51641,1,63.73,1.40,,
340962,P,2001-12-17,14597,10,24.80,9.78,,
340963,P,2001-02-09,20482,1,20.36,8.72,,
340964,P,2001-06-09,34889,8,19.52,9.21,,
340965,P,2000-10-15,68860,10,8.13,4.18,,
340966,P,2001-04-05,86851,9,65.72,4.35,,
340967,P,2001-06-20,17210,8,55.17,5.62,,
340968,P,2001-12-17,52999,4,41.55,3.41,,
340969,P,2002-04-24,72561,2,26.99,1.85,,
340970,P,2002-04-27,96459,8,67.38,3.98,,
340971,P,2000-01-21,99574,4,93.63,5.63,,
340972,P,2002-06-08,7812,8,26.00,8.09,,
340973,P,2002-01-10,6047,7,30.74,6.66,,
340974,P,2001-02-02,50635,10,82.55,1.47,,
340975,P,2000-03-20,77428,7,17.96,0.30,,
340976,P,2000-12-13,56205,4,52.22,3.99,,
340977,P,2000-12-05,84057,2,1.87,4.95,,
340978,P,2002-05-21,69860,2,60.92,6.91,,
340979,P,2001-01-30,69650,8,87.86,7.22,,
340980,P,2001-03-16,27959,4,82.62,4.82,,
340981,P,2001-04-09,31375,5,62.97,6.53,,
340982,P,2000-03-09,49793,9,81.38,4.70,,
340983,P,2001-01-25,69513,2,43.31,5.35,,
340984,P,2001-01-05,28228,9,85.03,7.49,,
340985,P,2000-01-30,33117,10,91.08,4.41,,
340986,P,2002-06-15,84160,10,21.71,9.79,,
340987,P,2000-06-30,13968,1,92.06,9.23,,
340988,P,2000-09-23,21616,4,99.56,0.30,,
340989,P,2000-03-31,39361,2,10.73,1.42,,
340990,P,2002-06-16,15925,6,63.40,9.12,,
340991,P,2001-06-08,80260,10,6.38,5.31,,
340992,P,2002-03-13,73970,4,28.77,7.27,,
340993,P,2001-01-30,83921,3,67.89,9.29,,
340994,P,2000-04-03,84338,3,60.02,3.17,,
340995,P,2001-01-08,92778,7,34.30,8.95,,
340996,P,2001-09-18,56539,8,21.26,7.47,,
340997,P,2001-06-13,25072,1,26.91,6.58,,
340998,P,2001-08-11,95181,3,37.58,4.10,,
340999,P,2002-05-26,84531,10,73.46,5.30,,
341000,P,2002-06-05,67889,3,71.30,6.31,,
341001,P,2001-01-03,69513,8,46.94,5.57,,
341002,P,2002-05-22,66763,5,4.16,3.54,,
341003,P,2001-03-19,65133,1,37.31,1.16,,
341004,P,2000-11-17,78617,10,4.50,1.77,,
341005,P,2001-01-19,67560,9,14.51,4.32,,
341006,P,2001-06-04,18616,2,69.47,4.72,,
341007,P,2001-06-05,6287,10,31.70,1.39,,
341008,P,2002-01-06,37417,8,5.85,9.85,,
341009,P,2001-11-16,58072,7,39.30,7.77,,
341010,P,2002-05-20,97285,5,70.59,4.72,,
341011,P,2001-02-28,8717,1,94.62,0.26,,
341012,P,2002-08-16,44633,2,85.69,9.59,,
341013,P,2000-05-12,40989,1,84.17,8.08,,
341014,P,2001-11-16,6552,9,47.44,1.37,,
341015,P,2000-04-04,59531,9,79.01,8.71,,
341016,P,2002-04-20,94247,9,21.23,2.50,,
341017,P,2000-02-27,35897,3,29.41,8.67,,
341018,P,2000-10-18,92677,8,13.60,7.32,,
341019,P,2001-09-30,66618,7,56.65,7.27,,
341020,P,2000-01-19,15681,3,12.82,5.83,,
341021,P,2002-04-28,24243,9,33.76,8.16,,
341022,P,2001-05-19,3732,1,37.60,1.59,,
341023,P,2000-09-30,55343,1,31.34,9.49,,
341024,P,2000-04-05,29824,7,27.74,9.06,,
341025,P,2000-10-10,82922,3,22.84,9.03,,
341026,P,2001-08-08,88734,4,70.90,6.68,,
341027,P,2001-05-05,36274,7,71.24,1.73,,
341028,P,2001-05-28,35043,2,88.94,9.33,,
341029,P,2000-10-09,33515,1,36.57,8.58,,
341030,P,2000-02-23,68120,4,91.82,3.32,,
341031,P,2000-05-20,582,4,46.16,8.86,,
341032,P,2002-07-21,20354,10,11.15,7.97,,
341033,P,2000-08-07,20946,10,97.85,6.06,,
341034,P,2000-01-24,33258,4,14.04,7.22,,
341035,P,2001-09-17,16074,9,32.11,6.31,,
341036,P,2000-09-24,21845,3,10.54,1.93,,
341037,P,2002-05-18,93581,5,66.40,7.03,,
341038,P,2001-06-25,73061,6,7.29,9.85,,
341039,P,2002-05-11,86687,4,31.51,7.26,,
341040,P,2001-10-09,64831,8,3.53,7.99,,
341041,P,2001-08-05,47477,9,38.93,1.19,,
341042,P,2000-10-10,2538,6,26.60,9.45,,
341043,P,2000-10-19,7880,2,55.49,9.36,,
341044,P,2001-12-29,9560,3,44.15,5.38,,
341045,P,2001-10-24,10831,6,4.10,6.51,,
341046,P,2000-06-01,52966,10,9.10,1.19,,
341047,P,2000-01-21,53040,3,17.04,7.07,,
341048,P,2000-11-01,28928,9,11.54,3.14,,
341049,P,2002-06-16,12784,9,93.33,7.61,,
341050,P,2001-01-31,28018,7,43.67,9.09,,
341051,P,2000-04-12,16261,4,40.14,5.13,,
341052,P,2000-08-10,51205,4,50.33,4.98,,
341053,P,2000-02-16,73794,10,23.25,7.23,,
341054,P,2000-08-19,93359,8,71.86,3.98,,
341055,P,2000-09-02,12575,6,94.39,6.88,,
341056,P,2000-08-13,59459,7,46.56,6.95,,
341057,P,2002-08-01,40741,6,47.04,3.81,,
341058,P,2000-03-18,95660,4,58.68,0.55,,
341059,P,2001-10-18,21825,1,96.40,7.50,,
341060,P,2002-03-17,68154,8,32.58,7.94,,
341061,P,2002-09-25,28230,5,32.10,9.91,,
341062,P,2001-06-12,55382,8,55.20,9.74,,
341063,P,2002-07-23,9759,9,31.01,0.27,,
341064,P,2001-04-16,50480,5,6.76,2.27,,
341065,P,2000-01-01,37851,4,6.73,4.35,,
341066,P,2000-03-09,33963,7,76.40,1.65,,
341067,P,2001-04-21,61018,8,85.52,8.35,,
341068,P,2002-09-15,72978,9,16.20,3.78,,
341069,P,2002-04-05,42309,10,62.37,7.82,,
341070,P,2001-01-01,9362,4,41.33,6.16,,
341071,P,2001-03-18,61108,8,0.43,3.31,,
341072,P,2002-09-22,56560,2,84.39,5.10,,
341073,P,2002-08-12,33102,7,43.98,1.94,,
341074,P,2002-03-10,95136,1,31.84,3.87,,
341075,P,2001-03-03,53411,10,38.92,1.50,,
341076,P,2001-09-07,21415,10,46.74,1.82,,
341077,P,2000-03-26,77196,9,35.06,6.30,,
341078,P,2000-04-18,58002,8,66.40,0.77,,
341079,P,2000-02-01,79528,7,48.80,3.44,,
341080,P,2001-03-11,8452,10,39.39,2.47,,
341081,P,2002-09-24,97615,8,8.35,4.79,,
341082,P,2001-03-12,50219,6,48.03,1.20,,
341083,P,2001-07-10,71689,6,71.82,7.75,,
341084,P,2000-07-30,46459,2,41.13,9.81,,
341085,P,2001-08-04,29087,9,18.92,3.30,,
341086,P,2002-03-04,67965,2,15.92,5.42,,
341087,P,2002-06-24,55534,3,69.37,7.30,,
341088,P,2000-07-12,21230,8,57.26,7.16,,
341089,P,2002-09-26,75729,6,97.13,2.94,,
341090,P,2000-09-19,47433,6,33.00,8.60,,
341091,P,2000-09-10,6101,2,87.70,4.03,,
341092,P,2001-05-15,1382,1,0.62,5.57,,
341093,P,2000-08-05,69933,10,85.48,8.31,,
341094,P,2000-01-17,52812,5,95.30,1.32,,
341095,P,2001-11-20,15425,8,92.01,4.09,,
341096,P,2000-03-03,14130,5,11.58,8.43,,
341097,P,2001-01-09,81634,4,35.93,8.17,,
341098,P,2001-01-18,21977,1,44.08,3.60,,
341099,P,2001-11-13,40199,5,60.08,3.57,,
341100,P,2001-06-19,48692,4,90.82,9.26,,
341101,P,2000-07-23,41692,4,61.38,0.61,,
341102,P,2002-02-03,31809,10,64.80,6.73,,
341103,P,2001-11-21,2180,9,94.69,3.48,,
341104,P,2002-09-25,81779,9,13.90,7.08,,
341105,P,2002-06-19,3267,8,53.40,2.17,,
341106,P,2002-04-29,97085,3,21.78,1.42,,
341107,P,2000-03-13,80447,4,32.93,1.08,,
341108,P,2001-06-30,67546,9,92.55,8.71,,
341109,P,2000-11-10,15446,5,39.20,5.98,,
341110,P,2001-10-22,61428,6,1.53,0.17,,
341111,P,2000-08-29,58293,5,36.99,6.01,,
341112,P,2001-11-14,22291,4,73.72,8.00,,
341113,P,2001-02-04,87104,6,14.14,3.49,,
341114,P,2000-04-14,65234,3,37.38,5.57,,
341115,P,2000-02-07,49026,4,35.62,9.40,,
341116,P,2002-06-27,32604,6,49.28,1.80,,
341117,P,2002-09-07,98054,8,2.55,7.15,,
341118,P,2001-07-14,70125,3,46.36,4.47,,
341119,P,2002-04-22,23929,3,96.16,9.27,,
341120,P,2001-02-27,33848,5,65.78,8.41,,
341121,P,2000-03-13,2703,7,30.84,2.78,,
341122,P,2001-12-14,40846,8,38.43,4.24,,
341123,P,2002-03-21,85349,1,11.36,4.80,,
341124,P,2002-08-26,32188,7,34.07,1.91,,
341125,P,2000-01-19,14959,4,9.07,5.18,,
341126,P,2001-12-23,64584,1,58.34,8.96,,
341127,P,2001-02-22,60465,3,67.21,6.08,,
341128,P,2001-05-09,19112,2,9.57,8.83,,
341129,P,2000-12-01,76903,7,48.11,8.44,,
341130,P,2000-09-24,3621,3,70.51,5.86,,
341131,P,2002-09-13,93494,2,84.83,0.24,,
341132,P,2001-12-19,54596,6,48.07,7.51,,
341133,P,2000-06-04,3327,10,83.48,6.50,,
341134,P,2000-10-20,35560,8,45.70,3.36,,
341135,P,2001-11-28,62186,2,36.14,8.10,,
341136,P,2001-11-05,98744,6,30.97,7.91,,
341137,P,2000-08-06,51503,8,33.83,2.15,,
341138,P,2000-05-06,31411,5,48.57,4.25,,
341139,P,2002-02-17,30396,3,42.06,4.95,,
341140,P,2000-07-03,15708,2,80.58,5.31,,
341141,P,2000-03-16,68516,3,56.91,0.61,,
341142,P,2001-08-06,23301,10,94.44,6.31,,
341143,P,2001-06-19,52217,5,61.01,2.60,,
341144,P,2002-05-26,38964,2,88.75,8.13,,
341145,P,2002-04-18,84284,3,81.89,6.19,,
341146,P,2001-06-08,80076,5,99.11,0.89,,
341147,P,2001-09-28,37822,7,25.27,8.03,,
341148,P,2002-03-02,87190,9,29.05,7.04,,
341149,P,2000-11-05,32857,10,67.18,4.34,,
341150,P,2000-10-09,78351,3,16.15,4.79,,
341151,P,2000-10-09,1406,2,61.11,6.45,,
341152,P,2001-04-04,49273,4,84.91,0.14,,
341153,P,2001-09-26,52624,4,9.87,1.82,,
341154,P,2001-04-14,99752,7,14.43,5.15,,
341155,P,2001-01-28,943,10,78.95,9.88,,
341156,P,2002-02-25,69278,3,74.39,1.99,,
341157,P,2002-01-08,21864,4,64.28,2.35,,
341158,P,2001-07-28,3562,5,63.71,2.59,,
341159,P,2001-12-17,85642,3,75.13,2.14,,
341160,P,2002-08-04,56582,4,45.66,8.80,,
341161,P,2001-10-30,23860,5,16.36,0.53,,
341162,P,2002-08-21,85221,2,12.30,3.66,,
341163,P,2002-03-04,81229,4,49.25,2.70,,
341164,P,2000-01-03,33281,8,61.71,4.59,,
341165,P,2000-12-28,31153,10,83.10,3.07,,
341166,P,2002-02-28,72776,7,62.89,6.98,,
341167,P,2002-06-05,11279,8,43.60,7.74,,
341168,P,2001-01-08,44810,2,85.99,6.68,,
341169,P,2002-09-27,22574,9,43.42,2.71,,
341170,P,2001-03-08,28162,5,62.32,3.10,,
341171,P,2000-02-02,63686,2,18.85,0.31,,
341172,P,2001-09-02,65400,3,37.63,7.79,,
341173,P,2001-06-17,68425,3,41.50,1.52,,
341174,P,2000-11-16,29763,10,7.90,1.19,,
341175,P,2002-06-24,55133,10,13.00,0.21,,
341176,P,2002-08-18,80956,7,69.55,2.32,,
341177,P,2001-02-28,5140,4,32.39,6.66,,
341178,P,2001-03-26,39457,7,38.13,4.60,,
341179,P,2000-09-28,871,9,24.43,5.26,,
341180,P,2000-07-16,36738,6,28.29,4.40,,
341181,P,2001-05-15,18825,7,44.32,9.92,,
341182,P,2002-08-30,1037,6,68.51,2.45,,
341183,P,2000-07-20,72118,8,56.28,9.76,,
341184,P,2001-03-31,24920,9,32.05,0.46,,
341185,P,2000-07-16,45874,4,75.86,2.48,,
341186,P,2002-07-08,23786,9,80.76,6.37,,
341187,P,2001-05-01,97776,9,50.29,9.50,,
341188,P,2001-08-08,97306,2,85.13,8.55,,
341189,P,2000-01-02,29367,6,26.88,2.42,,
341190,P,2000-09-16,82901,10,7.46,0.31,,
341191,P,2000-10-15,76576,3,64.23,4.86,,
341192,P,2000-09-27,88617,2,34.46,9.30,,
341193,P,2000-10-06,89815,4,10.56,6.02,,
341194,P,2000-12-08,84606,6,89.70,4.39,,
341195,P,2001-01-29,29346,8,83.37,7.72,,
341196,P,2000-10-04,30392,4,95.56,5.19,,
341197,P,2001-06-25,10115,8,83.20,9.44,,
341198,P,2002-09-14,2339,1,30.98,6.13,,
341199,P,2001-12-23,81670,3,79.03,1.99,,
341200,P,2002-05-23,22259,5,34.35,7.66,,
341201,P,2001-02-26,34441,4,23.33,1.02,,
341202,P,2000-10-28,48373,10,31.58,3.64,,
341203,P,2000-01-03,65415,5,92.00,5.95,,
341204,P,2000-03-02,3892,6,65.88,2.59,,
341205,P,2000-02-08,39394,6,10.06,4.72,,
341206,P,2002-02-23,81958,6,54.16,5.19,,
341207,P,2000-03-20,21822,8,4.56,7.33,,
341208,P,2002-07-04,51325,5,65.45,5.79,,
341209,P,2000-09-28,80754,2,56.02,8.75,,
341210,P,2001-12-24,90369,8,29.26,0.66,,
341211,P,2001-02-10,31533,9,5.93,5.42,,
341212,P,2002-09-07,74932,1,17.93,6.64,,
341213,P,2000-08-15,58719,8,16.08,2.08,,
341214,P,2000-01-18,55260,8,50.37,6.09,,
341215,P,2000-02-02,42152,10,11.35,9.40,,
341216,P,2000-01-09,64434,2,94.63,7.20,,
341217,P,2000-06-02,92002,1,74.42,9.42,,
341218,P,2002-03-31,17565,10,98.95,8.89,,
341219,P,2001-12-07,46342,2,77.20,1.70,,
341220,P,2000-09-23,85518,9,97.65,3.99,,
341221,P,2002-09-14,60726,1,76.34,7.76,,
341222,P,2000-08-18,30768,5,29.12,6.27,,
341223,P,2002-09-16,46064,4,56.13,8.38,,
341224,P,2000-02-01,28340,2,43.97,3.84,,
341225,P,2002-04-11,76746,4,33.49,7.93,,
341226,P,2001-12-11,152,5,45.54,0.01,,
341227,P,2002-07-10,14204,8,44.48,2.79,,
341228,P,2000-01-03,72901,6,99.09,3.70,,
341229,P,2000-08-31,20414,1,66.06,4.29,,
341230,P,2000-05-01,31613,5,79.18,4.90,,
341231,P,2002-03-09,29851,3,74.80,0.05,,
341232,P,2002-09-03,79940,8,99.24,0.60,,
341233,P,2002-04-16,99272,7,93.67,3.96,,
341234,P,2000-06-21,14774,3,60.95,6.13,,
341235,P,2001-08-15,20812,4,82.29,5.76,,
341236,P,2000-06-18,20327,4,80.08,4.26,,
341237,P,2001-06-16,71396,10,39.55,7.71,,
341238,P,2001-10-06,11787,9,76.00,3.23,,
341239,P,2001-12-31,25304,8,54.30,1.76,,
341240,P,2001-04-25,40878,9,46.94,7.88,,
341241,P,2000-06-03,25263,8,54.84,7.72,,
341242,P,2000-05-10,58785,5,67.53,2.79,,
341243,P,2001-10-28,136,8,36.26,3.93,,
341244,P,2000-05-26,72270,8,39.05,5.68,,
341245,P,2000-05-15,15961,2,68.27,5.96,,
341246,P,2002-05-19,28581,6,69.78,2.29,,
341247,P,2001-04-29,76792,2,29.13,9.88,,
341248,P,2001-12-02,88899,7,53.74,8.59,,
341249,P,2001-04-12,67974,8,87.10,0.78,,
341250,P,2000-02-20,76721,1,51.44,0.96,,
341251,P,2001-06-26,84622,2,98.17,5.54,,
341252,P,2000-10-17,21093,7,53.54,1.69,,
341253,P,2001-11-14,22066,10,65.70,3.30,,
341254,P,2000-07-31,6375,3,61.33,4.21,,
341255,P,2000-08-03,40691,5,54.09,1.58,,
341256,P,2002-03-02,82337,9,38.77,6.22,,
341257,P,2001-01-14,20605,1,78.74,4.21,,
341258,P,2002-01-22,78334,1,21.04,5.36,,
341259,P,2000-04-04,20442,4,81.46,0.37,,
341260,P,2002-03-03,1947,10,52.48,2.08,,
341261,P,2000-05-27,6596,5,94.55,1.98,,
341262,P,2002-06-18,27629,7,39.48,8.94,,
341263,P,2001-12-25,88340,8,14.12,5.52,,
341264,P,2001-10-22,67722,10,62.81,8.23,,
341265,P,2000-01-25,4565,10,78.66,3.97,,
341266,P,2000-05-26,16314,5,92.14,2.99,,
341267,P,2002-02-19,9778,4,96.84,8.04,,
341268,P,2001-06-05,14411,4,0.08,2.69,,
341269,P,2002-05-16,98899,4,49.21,4.78,,
341270,P,2002-09-22,13573,2,43.29,2.28,,
341271,P,2000-11-18,98241,5,43.29,0.92,,
341272,P,2001-08-22,68739,1,18.45,1.18,,
341273,P,2000-02-14,4353,1,91.25,7.39,,
341274,P,2000-08-08,6530,7,84.79,6.05,,
341275,P,2001-08-23,99440,3,77.72,0.18,,
341276,P,2000-10-27,70682,7,71.70,2.82,,
341277,P,2000-12-22,68959,5,98.20,0.82,,
341278,P,2000-04-06,93309,7,47.39,6.34,,
341279,P,2000-12-19,62316,8,84.67,8.79,,
341280,P,2002-06-07,96981,6,11.77,8.95,,
341281,P,2002-04-26,74713,4,33.29,0.54,,
341282,P,2001-04-04,33241,6,53.16,6.49,,
341283,P,2000-02-24,38895,5,28.66,1.90,,
341284,P,2000-07-09,19524,10,18.06,3.03,,
341285,P,2000-12-06,57950,2,38.17,8.66,,
341286,P,2001-09-04,80710,3,7.41,3.95,,
341287,P,2002-07-12,1532,6,58.32,6.81,,
341288,P,2001-07-19,37136,2,23.43,5.37,,
341289,P,2001-11-02,63682,10,29.91,2.60,,
341290,P,2000-11-24,31132,1,53.20,5.02,,
341291,P,2002-09-23,80140,5,42.91,8.20,,
341292,P,2000-05-08,73777,7,44.78,1.12,,
341293,P,2001-09-26,89656,3,53.66,4.68,,
341294,P,2002-01-22,88973,4,95.40,8.55,,
341295,P,2001-09-12,61752,1,59.82,6.66,,
341296,P,2001-02-06,74746,10,55.84,3.77,,
341297,P,2002-03-20,9229,10,26.14,5.39,,
341298,P,2000-11-22,29738,2,28.81,7.28,,
341299,P,2002-03-09,56696,1,38.04,0.28,,
341300,P,2000-11-09,64145,4,24.40,4.81,,
341301,P,2000-12-27,93644,10,50.11,4.61,,
341302,P,2001-09-16,70983,10,34.89,4.77,,
341303,P,2001-06-30,56087,6,78.75,9.11,,
341304,P,2002-07-16,28387,6,47.53,4.81,,
341305,P,2002-07-20,10195,3,99.01,2.03,,
341306,P,2001-10-29,84578,3,44.69,2.90,,
341307,P,2000-01-31,63917,8,49.51,2.46,,
341308,P,2000-02-24,15196,7,88.44,5.04,,
341309,P,2001-07-04,29403,3,13.15,5.12,,
341310,P,2002-02-20,9582,7,57.71,2.59,,
341311,P,2002-06-26,86116,2,58.68,0.61,,
341312,P,2000-12-29,16351,6,83.45,1.15,,
341313,P,2001-07-17,46050,10,30.87,2.95,,
341314,P,2001-08-19,25665,6,45.14,6.36,,
341315,P,2002-08-18,63875,9,8.13,0.64,,
341316,P,2002-08-13,33509,6,66.11,0.60,,
341317,P,2000-01-07,51883,9,52.63,7.14,,
341318,P,2000-10-15,34268,8,88.88,5.57,,
341319,P,2001-09-03,94087,1,15.24,5.36,,
341320,P,2001-09-10,79240,8,42.99,1.65,,
341321,P,2002-04-18,67168,10,95.53,6.62,,
341322,P,2001-02-16,24914,4,74.31,4.80,,
341323,P,2001-04-30,49078,3,89.65,9.27,,
341324,P,2002-05-25,37637,2,47.44,1.78,,
341325,P,2002-05-01,91122,7,9.08,9.00,,
341326,P,2001-03-11,37766,5,11.51,3.47,,
341327,P,2002-02-28,74773,10,4.56,8.55,,
341328,P,2000-04-29,27505,3,41.43,9.84,,
341329,P,2002-01-24,64929,10,38.55,2.24,,
341330,P,2001-08-13,82188,1,61.20,8.97,,
341331,P,2001-02-23,87457,8,61.70,6.01,,
341332,P,2002-09-06,22227,6,43.02,1.61,,
341333,P,2002-02-28,21732,4,28.31,1.55,,
341334,P,2000-03-24,72129,3,8.54,5.35,,
341335,P,2000-08-07,98704,4,83.19,0.42,,
341336,P,2001-05-16,17126,4,30.55,2.05,,
341337,P,2001-04-06,87724,9,93.81,0.55,,
341338,P,2001-11-02,82200,7,75.58,8.95,,
341339,P,2002-04-19,9627,5,22.64,0.41,,
341340,P,2002-09-13,77643,10,73.09,8.43,,
341341,P,2000-01-20,92103,4,82.60,5.86,,
341342,P,2000-06-09,76824,10,46.92,3.68,,
341343,P,2001-01-08,5214,4,35.47,5.17,,
341344,P,2002-01-05,24758,1,42.50,8.53,,
341345,P,2000-06-04,15040,1,51.88,1.98,,
341346,P,2000-06-04,66434,5,13.16,8.92,,
341347,P,2002-04-14,18963,8,11.54,1.19,,
341348,P,2000-03-20,69337,7,35.15,8.71,,
341349,P,2000-06-30,37437,2,79.27,6.68,,
341350,P,2000-12-12,38830,6,11.41,6.95,,
341351,P,2001-05-23,44870,7,86.09,8.29,,
341352,P,2001-05-05,7387,1,15.30,1.30,,
341353,P,2001-01-03,77649,4,78.80,3.80,,
341354,P,2000-06-28,71808,6,14.72,1.66,,
341355,P,2001-04-26,39159,4,26.85,2.47,,
341356,P,2001-12-22,26978,7,62.22,7.66,,
341357,P,2002-04-10,52009,3,67.66,7.76,,
341358,P,2000-10-20,90173,5,81.23,5.80,,
341359,P,2000-11-13,58413,6,98.20,5.40,,
341360,P,2000-09-15,41793,3,47.65,1.81,,
341361,P,2002-08-25,27271,10,94.02,0.23,,
341362,P,2000-04-07,42953,3,96.94,1.59,,
341363,P,2000-07-06,14291,10,98.54,0.15,,
341364,P,2001-09-23,25045,5,83.60,5.17,,
341365,P,2001-06-21,17932,6,40.47,7.00,,
341366,P,2002-06-07,74604,2,81.04,3.91,,
341367,P,2000-03-07,19719,6,4.68,7.79,,
341368,P,2002-05-09,69688,1,50.78,0.20,,
341369,P,2000-10-26,93839,1,19.69,1.36,,
341370,P,2000-01-02,94173,7,26.97,5.06,,
341371,P,2001-11-08,53178,9,9.21,5.14,,
341372,P,2001-02-28,89564,3,35.62,6.10,,
341373,P,2001-12-17,46438,9,58.19,7.53,,
341374,P,2002-04-15,6588,6,74.85,8.24,,
341375,P,2001-08-03,65999,6,99.17,6.08,,
341376,P,2000-10-16,83626,10,8.97,8.90,,
341377,P,2002-05-20,92272,6,86.98,1.10,,
341378,P,2000-12-06,3296,6,30.81,5.81,,
341379,P,2000-06-17,99359,10,94.72,8.20,,
341380,P,2001-08-22,52979,7,30.42,5.77,,
341381,P,2000-04-13,20878,2,28.10,7.11,,
341382,P,2000-02-26,81979,2,88.37,3.30,,
341383,P,2000-06-10,44540,6,46.84,6.69,,
341384,P,2001-04-18,99014,2,73.94,0.25,,
341385,P,2002-01-11,19438,1,21.75,8.66,,
341386,P,2001-01-17,21638,6,69.36,9.03,,
341387,P,2000-06-25,36276,8,36.40,7.18,,
341388,P,2001-12-07,45056,7,58.99,9.78,,
341389,P,2000-04-29,7715,7,82.69,0.10,,
341390,P,2001-06-27,95139,10,16.85,4.77,,
341391,P,2000-09-21,52528,10,57.13,8.96,,
341392,P,2002-08-01,49521,3,2.58,2.89,,
341393,P,2001-10-10,556,3,1.60,9.02,,
341394,P,2001-07-03,57640,4,86.72,2.99,,
341395,P,2001-10-20,19079,10,68.00,1.41,,
341396,P,2002-03-01,53916,2,54.09,4.95,,
341397,P,2002-08-07,73185,4,82.26,1.70,,
341398,P,2002-08-20,75867,6,24.41,3.13,,
341399,P,2001-05-29,23812,2,90.44,7.91,,
341400,P,2001-10-11,90309,10,78.47,5.97,,
341401,P,2002-05-28,38275,4,29.85,2.79,,
341402,P,2001-06-30,8374,4,34.44,8.27,,
341403,P,2001-10-27,88731,4,80.32,6.50,,
341404,P,2002-02-13,50344,8,54.97,5.95,,
341405,P,2001-08-12,28776,8,86.67,9.35,,
341406,P,2001-12-05,23307,2,5.35,5.29,,
341407,P,2000-10-01,51841,9,41.10,1.32,,
341408,P,2001-08-29,38671,9,19.15,0.69,,
341409,P,2002-03-30,49261,9,93.22,6.71,,
341410,P,2001-02-27,8201,7,77.68,4.38,,
341411,P,2002-04-13,74317,2,82.16,5.35,,
341412,P,2002-06-15,22317,10,11.81,4.83,,
341413,P,2000-11-19,82165,1,55.47,8.71,,
341414,P,2001-10-12,91222,6,34.39,4.58,,
341415,P,2001-12-06,48014,4,35.99,3.81,,
341416,P,2001-11-13,99832,6,98.26,0.15,,
341417,P,2002-01-28,4825,9,17.14,3.88,,
341418,P,2001-11-24,70086,5,88.73,6.76,,
341419,P,2002-06-03,77880,2,38.09,1.50,,
341420,P,2000-07-14,66627,2,84.54,9.42,,
341421,P,2001-11-18,56060,7,60.95,2.05,,
341422,P,2001-05-25,61851,1,31.68,1.11,,
341423,P,2002-04-02,33252,2,70.92,3.02,,
341424,P,2000-04-29,30670,6,39.00,1.62,,
341425,P,2002-04-15,38809,3,78.64,1.97,,
341426,P,2001-03-06,52643,3,86.45,1.27,,
341427,P,2001-03-31,95634,1,34.61,6.48,,
341428,P,2000-09-06,71612,9,52.76,9.27,,
341429,P,2001-10-24,30657,2,8.36,8.33,,
341430,P,2000-07-01,7166,1,83.73,3.39,,
341431,P,2001-08-21,68546,10,17.96,3.89,,
341432,P,2000-08-08,4872,1,8.95,1.72,,
341433,P,2002-02-19,38267,10,9.99,4.33,,
341434,P,2000-01-14,76868,9,38.10,9.86,,
341435,P,2000-11-01,93716,3,0.90,6.78,,
341436,P,2000-05-10,86403,1,72.20,8.02,,
341437,P,2001-11-09,12274,3,85.33,10.00,,
341438,P,2002-08-31,89837,2,15.40,4.59,,
341439,P,2000-09-26,11356,7,4.63,7.16,,
341440,P,2000-05-16,36417,10,11.70,5.18,,
341441,P,2001-11-06,4636,5,61.15,0.92,,
341442,P,2000-10-24,23255,7,49.03,1.06,,
341443,P,2001-08-07,85308,8,94.37,4.97,,
341444,P,2002-02-27,3007,1,70.81,0.79,,
341445,P,2000-01-07,7229,4,27.79,7.93,,
341446,P,2001-05-08,26041,6,61.66,2.86,,
341447,P,2002-04-25,8144,8,7.23,7.04,,
341448,P,2002-01-04,79277,6,2.60,8.16,,
341449,P,2001-10-26,84397,3,81.20,4.62,,
341450,P,2000-04-24,93124,1,87.88,3.55,,
341451,P,2000-09-23,78106,6,68.31,3.28,,
341452,P,2000-03-23,97983,9,39.57,4.26,,
341453,P,2002-08-27,91542,9,87.31,2.76,,
341454,P,2002-03-16,99011,7,18.88,0.99,,
341455,P,2000-08-20,12782,10,87.19,3.71,,
341456,P,2000-05-16,22856,9,69.66,2.13,,
341457,P,2000-10-02,33240,10,42.98,1.43,,
341458,P,2002-08-27,34470,5,92.32,0.81,,
341459,P,2000-06-13,66834,2,14.24,6.31,,
341460,P,2000-03-12,25057,2,36.86,5.95,,
341461,P,2001-09-12,11976,6,48.83,2.73,,
341462,P,2002-06-20,53102,9,1.22,1.91,,
341463,P,2000-12-25,19880,10,66.18,1.41,,
341464,P,2001-04-28,11,3,67.22,2.70,,
341465,P,2001-01-22,19011,2,6.45,6.72,,
341466,P,2001-02-24,12235,10,72.57,8.98,,
341467,P,2002-05-18,77669,7,6.74,8.19,,
341468,P,2001-03-29,72897,6,37.80,9.39,,
341469,P,2001-11-21,56606,4,79.72,2.10,,
341470,P,2000-02-18,30754,4,82.31,9.98,,
341471,P,2001-10-09,4099,3,5.32,3.55,,
341472,P,2000-08-21,3742,9,52.70,2.78,,
341473,P,2000-09-28,46306,8,76.89,9.77,,
341474,P,2002-07-22,54646,2,16.38,3.10,,
341475,P,2000-02-19,9855,3,10.60,8.19,,
341476,P,2001-09-24,80597,1,40.50,7.71,,
341477,P,2000-02-27,31644,3,54.09,1.02,,
341478,P,2000-03-15,74730,6,25.56,3.87,,
341479,P,2000-07-13,1892,8,59.56,8.84,,
341480,P,2002-03-17,67268,3,51.82,0.51,,
341481,P,2002-06-24,42488,5,17.36,6.94,,
341482,P,2001-01-18,45698,6,95.57,8.39,,
341483,P,2000-10-08,23855,2,13.06,6.74,,
341484,P,2000-09-27,95720,7,13.16,5.81,,
341485,P,2000-07-30,41263,5,26.11,9.59,,
341486,P,2002-04-04,50255,10,92.02,8.23,,
341487,P,2002-09-21,96814,2,29.93,8.19,,
341488,P,2000-07-10,43996,6,66.64,9.26,,
341489,P,2002-02-26,67081,2,39.51,2.45,,
341490,P,2001-02-13,9244,4,58.77,7.77,,
341491,P,2001-06-16,7799,6,87.15,0.33,,
341492,P,2002-04-05,97236,1,60.36,7.92,,
341493,P,2002-04-08,95544,6,83.94,8.97,,
341494,P,2002-02-12,95014,5,33.77,8.66,,
341495,P,2002-04-18,12915,5,54.83,7.10,,
341496,P,2000-04-21,89588,6,20.61,6.15,,
341497,P,2001-12-11,64475,1,82.62,9.56,,
341498,P,2000-01-09,50943,1,16.13,1.40,,
341499,P,2001-06-18,52154,10,77.66,6.86,,
341500,P,2000-06-05,47700,6,86.09,3.07,,
341501,P,2000-12-28,92581,3,19.43,8.01,,
341502,P,2001-07-29,64567,4,76.65,8.31,,
341503,P,2000-04-22,37273,4,48.19,2.13,,
341504,P,2001-03-18,17550,8,92.02,4.33,,
341505,P,2001-02-01,72622,6,67.10,5.35,,
341506,P,2000-08-07,71500,1,93.67,6.20,,
341507,P,2000-10-03,79300,8,93.98,1.92,,
341508,P,2001-04-27,4610,7,40.31,0.81,,
341509,P,2001-12-29,13225,8,9.43,4.44,,
341510,P,2000-12-25,59738,9,15.36,4.56,,
341511,P,2001-11-07,90402,1,35.00,0.67,,
341512,P,2002-01-13,69637,8,76.70,9.44,,
341513,P,2001-04-25,75447,1,49.04,7.19,,
341514,P,2002-02-13,26180,2,73.56,4.11,,
341515,P,2002-03-21,88140,5,38.99,5.30,,
341516,P,2000-10-28,50344,4,98.46,6.22,,
341517,P,2002-07-28,44507,7,28.86,2.26,,
341518,P,2001-11-14,28428,7,8.16,5.14,,
341519,P,2000-05-02,35869,9,93.80,7.65,,
341520,P,2000-08-04,94027,4,25.71,2.63,,
341521,P,2001-12-27,13839,2,11.44,7.19,,
341522,P,2000-03-17,28927,10,3.55,1.73,,
341523,P,2000-09-27,86242,2,7.61,7.81,,
341524,P,2000-05-27,56494,9,42.10,2.11,,
341525,P,2000-02-17,76678,2,99.12,0.53,,
341526,P,2001-10-25,54443,5,81.20,9.13,,
341527,P,2001-06-27,56424,5,18.77,6.92,,
341528,P,2001-06-26,41925,1,71.37,8.21,,
341529,P,2001-06-14,38060,5,32.60,2.02,,
341530,P,2000-02-03,82482,5,97.87,5.06,,
341531,P,2001-07-23,13472,5,40.45,9.63,,
341532,P,2000-03-30,27358,1,89.34,8.74,,
341533,P,2000-07-05,73994,5,0.67,3.58,,
341534,P,2001-03-15,35708,1,58.79,8.53,,
341535,P,2000-10-27,12175,8,55.76,3.09,,
341536,P,2002-01-11,41717,8,90.10,0.84,,
341537,P,2000-02-16,11024,10,94.06,5.82,,
341538,P,2000-10-23,83603,8,75.64,9.42,,
341539,P,2000-08-20,26534,6,78.18,0.98,,
341540,P,2001-05-04,90606,7,1.24,3.16,,
341541,P,2002-01-24,45698,2,35.14,0.78,,
341542,P,2000-11-26,63675,2,28.84,5.59,,
341543,P,2000-10-21,18404,9,84.51,7.19,,
341544,P,2000-12-31,41420,2,34.52,1.12,,
341545,P,2001-07-04,41864,10,29.63,4.99,,
341546,P,2001-10-24,43344,4,21.62,7.09,,
341547,P,2000-09-21,91161,10,10.57,2.14,,
341548,P,2000-01-29,56366,7,85.46,9.99,,
341549,P,2000-07-24,38135,7,0.71,9.28,,
341550,P,2000-04-11,38112,5,11.16,4.71,,
341551,P,2000-03-08,41282,6,6.26,8.68,,
341552,P,2000-02-19,91363,6,3.13,3.45,,
341553,P,2000-10-07,57925,7,91.28,7.22,,
341554,P,2000-11-12,82903,1,68.99,7.26,,
341555,P,2001-12-20,74473,6,50.07,8.14,,
341556,P,2002-09-18,6446,1,42.03,8.52,,
341557,P,2001-06-24,73294,10,93.78,6.50,,
341558,P,2002-04-26,90773,2,35.94,3.97,,
341559,P,2001-02-02,89327,8,47.60,0.28,,
341560,P,2000-05-04,49524,3,0.12,8.60,,
341561,P,2000-11-26,28189,2,12.72,1.55,,
341562,P,2000-04-17,38484,2,77.23,8.09,,
341563,P,2002-02-20,40426,8,41.97,9.72,,
341564,P,2000-08-12,56976,4,67.65,3.10,,
341565,P,2001-03-03,19213,9,80.39,0.62,,
341566,P,2002-04-07,89511,2,36.68,4.10,,
341567,P,2002-06-10,66170,6,29.58,8.23,,
341568,P,2000-03-13,79052,10,22.76,2.22,,
341569,P,2002-02-25,35785,4,58.94,8.20,,
341570,P,2002-05-26,80160,9,73.13,2.74,,
341571,P,2000-09-19,64738,8,89.59,6.40,,
341572,P,2001-10-29,45929,8,17.08,2.35,,
341573,P,2000-05-06,13940,10,30.26,0.03,,
341574,P,2001-07-25,16496,8,18.91,3.16,,
341575,P,2001-09-21,62115,4,55.94,9.38,,
341576,P,2002-08-19,95043,5,30.68,5.83,,
341577,P,2000-01-17,3946,8,49.02,8.27,,
341578,P,2001-06-22,13177,5,19.91,9.58,,
341579,P,2001-09-28,95648,6,49.28,5.92,,
341580,P,2000-03-17,35040,10,46.54,4.03,,
341581,P,2000-05-09,79896,5,24.36,0.31,,
341582,P,2002-05-19,36964,5,39.42,3.92,,
341583,P,2000-10-08,13080,9,81.25,5.30,,
341584,P,2002-09-13,69577,5,79.01,1.09,,
341585,P,2001-02-13,30137,7,70.55,5.57,,
341586,P,2001-11-20,786,7,42.22,3.73,,
341587,P,2000-07-11,77520,10,40.96,9.03,,
341588,P,2002-07-08,23009,10,68.86,6.33,,
341589,P,2000-04-27,13542,3,63.11,6.43,,
341590,P,2001-06-25,57749,7,60.45,5.57,,
341591,P,2001-11-02,81861,3,98.56,0.31,,
341592,P,2002-08-27,74849,9,51.88,5.57,,
341593,P,2000-12-10,69966,4,47.21,8.19,,
341594,P,2000-07-07,31625,3,99.76,0.30,,
341595,P,2002-05-07,42115,8,67.03,7.55,,
341596,P,2001-02-17,54768,7,68.17,2.05,,
341597,P,2000-09-29,68138,5,84.02,8.65,,
341598,P,2001-08-16,77319,1,45.45,1.63,,
341599,P,2001-08-17,24228,2,58.42,3.61,,
341600,P,2002-09-20,10577,2,48.47,7.32,,
341601,P,2000-01-18,35632,4,57.85,4.90,,
341602,P,2000-06-03,90814,8,6.19,1.22,,
341603,P,2001-10-06,34240,5,94.38,2.09,,
341604,P,2000-10-12,38688,1,65.86,1.60,,
341605,P,2000-06-21,21832,10,64.06,2.73,,
341606,P,2002-08-09,54505,9,51.08,3.86,,
341607,P,2000-10-20,34324,7,0.84,2.71,,
341608,P,2002-04-04,94056,3,10.21,3.84,,
341609,P,2000-10-12,35722,3,69.46,0.11,,
341610,P,2000-12-24,97532,10,51.48,1.05,,
341611,P,2002-05-06,22068,3,20.95,3.63,,
341612,P,2001-09-01,97316,3,71.16,8.41,,
341613,P,2001-12-23,29322,5,79.89,8.04,,
341614,P,2002-04-18,36154,1,59.38,8.42,,
341615,P,2002-04-29,79741,6,71.39,2.45,,
341616,P,2001-12-16,94714,3,2.69,2.34,,
341617,P,2002-02-20,59620,4,42.40,7.62,,
341618,P,2000-05-28,69104,1,41.05,5.96,,
341619,P,2001-11-04,51714,4,55.85,5.97,,
341620,P,2001-02-25,75358,6,56.29,7.36,,
341621,P,2002-04-22,89050,7,60.11,0.28,,
341622,P,2001-07-05,13731,7,80.29,1.61,,
341623,P,2001-07-22,40843,9,70.33,1.32,,
341624,P,2001-03-09,64366,5,54.69,6.27,,
341625,P,2002-07-11,50729,4,65.02,0.11,,
341626,P,2001-04-24,95264,10,10.44,9.26,,
341627,P,2000-04-27,53653,10,30.46,7.89,,
341628,P,2001-10-01,62268,8,94.77,2.91,,
341629,P,2002-07-31,50620,6,47.86,6.77,,
341630,P,2000-11-01,58660,9,46.19,1.40,,
341631,P,2001-09-11,48675,5,21.77,2.18,,
341632,P,2001-09-22,88080,8,32.03,0.32,,
341633,P,2001-04-10,39284,2,75.97,3.74,,
341634,P,2000-04-04,77182,9,26.18,8.91,,
341635,P,2002-05-04,67094,5,83.00,8.13,,
341636,P,2001-03-17,92706,6,83.24,9.77,,
341637,P,2000-07-21,55468,10,69.88,2.97,,
341638,P,2000-02-26,45215,4,77.47,4.49,,
341639,P,2001-09-09,60879,7,94.40,0.98,,
341640,P,2001-08-06,27219,10,58.47,1.00,,
341641,P,2002-07-22,98212,3,82.53,6.87,,
341642,P,2001-05-21,41743,9,66.37,6.70,,
341643,P,2001-07-25,60286,9,81.55,3.42,,
341644,P,2002-07-26,85650,4,25.46,4.21,,
341645,P,2001-03-09,83610,2,78.83,3.28,,
341646,P,2001-02-20,39016,5,50.57,3.93,,
341647,P,2002-01-22,6703,10,30.80,4.99,,
341648,P,2002-04-09,95834,4,13.00,6.18,,
341649,P,2000-04-09,47832,7,55.94,5.73,,
341650,P,2000-06-19,46341,3,56.66,7.92,,
341651,P,2001-01-12,94984,1,58.72,5.60,,
341652,P,2001-02-15,8959,8,69.66,9.20,,
341653,P,2001-09-17,18600,4,27.38,1.15,,
341654,P,2000-11-22,74799,9,73.63,8.32,,
341655,P,2000-02-03,70051,4,83.24,3.04,,
341656,P,2002-08-19,73597,3,32.70,3.89,,
341657,P,2001-05-23,6663,9,24.17,4.81,,
341658,P,2002-04-02,37951,2,28.61,4.35,,
341659,P,2000-05-11,62034,9,9.32,5.46,,
341660,P,2001-11-14,61737,10,14.69,5.48,,
341661,P,2000-02-01,58217,4,76.91,4.95,,
