419330,P,2002-07-06,58041,5,34.74,2.22,,
419331,P,2000-01-14,29741,10,61.48,4.05,,
419332,P,2002-03-20,8204,10,23.14,8.72,,
419333,P,2000-11-25,28749,4,33.82,1.56,,
419334,P,2001-07-31,6683,4,52.23,1.46,,
419335,P,2002-07-26,15248,1,33.66,0.73,,
419336,P,2001-10-10,96772,10,3.55,2.48,,
419337,P,2001-10-11,41480,1,27.10,4.21,,
419338,P,2001-01-16,3268,3,60.26,5.93,,
419339,P,2001-04-07,61706,5,58.77,4.75,,
419340,P,2002-05-19,94971,7,99.49,1.94,,
419341,P,2001-11-24,6567,6,9.38,0.35,,
419342,P,2001-07-05,18773,4,39.97,4.08,,
419343,P,2001-01-27,36676,4,41.97,9.87,,
419344,P,2000-05-29,40453,2,11.35,8.76,,
419345,P,2000-09-23,66236,3,83.27,8.51,,
419346,P,2001-06-10,74148,6,13.25,2.88,,
419347,P,2002-03-05,26798,8,75.73,9.17,,
419348,P,2002-05-13,68999,10,64.75,1.74,,
419349,P,2001-09-22,54162,5,69.25,8.05,,
419350,P,2000-01-30,6836,1,86.52,3.32,,
419351,P,2001-06-02,37335,8,29.81,0.67,,
419352,P,2001-02-05,34668,8,64.75,8.31,,
419353,P,2000-10-12,22279,6,94.54,9.02,,
419354,P,2002-03-09,25779,10,12.19,1.66,,
419355,P,2000-10-22,39822,10,72.94,0.36,,
419356,P,2001-05-15,37807,7,48.80,5.46,,
419357,P,2001-10-13,49114,6,77.67,5.51,,
419358,P,2000-07-30,90906,10,32.34,2.28,,
419359,P,2001-04-24,91630,8,69.57,7.61,,
419360,P,2001-12-10,30865,6,79.97,3.22,,
419361,P,2002-07-05,94040,9,57.11,5.24,,
419362,P,2000-02-10,98572,8,6.72,2.51,,
419363,P,2000-04-22,48473,6,58.22,7.39,,
419364,P,2000-06-15,60696,5,0.95,5.66,,
419365,P,2001-06-19,12791,4,68.64,1.34,,
419366,P,2001-06-22,83176,5,8.27,4.87,,
419367,P,2001-10-13,58087,10,62.38,8.50,,
419368,P,2001-03-26,36366,9,22.82,4.89,,
419369,P,2000-05-06,83059,3,0.12,2.23,,
419370,P,2002-04-13,32264,2,39.45,6.65,,
419371,P,2000-05-15,70145,6,3.39,9.93,,
419372,P,2000-09-07,6604,9,57.90,9.07,,
419373,P,2000-12-07,49887,2,37.24,6.16,,
419374,P,2002-06-08,97797,1,40.27,2.12,,
419375,P,2000-11-20,83313,2,17.58,4.84,,
419376,P,2000-09-22,11252,2,95.97,9.45,,
419377,P,2000-12-10,35183,7,54.00,5.66,,
419378,P,2002-07-15,78445,9,9.49,1.22,,
419379,P,2001-12-15,46889,7,87.80,2.19,,
419380,P,2001-12-16,62621,1,25.39,7.12,,
419381,P,2002-05-01,21887,1,67.06,8.12,,
419382,P,2000-12-31,97703,5,62.75,2.74,,
419383,P,2001-12-10,61807,10,67.51,2.96,,
419384,P,2000-10-09,73870,3,12.41,5.44,,
419385,P,2001-09-17,56307,8,91.33,1.11,,
419386,P,2000-07-29,39688,4,59.75,3.61,,
419387,P,2000-10-31,39629,5,56.41,1.71,,
419388,P,2001-11-06,7181,9,86.16,1.00,,
419389,P,2001-02-02,1140,1,76.05,9.85,,
419390,P,2001-03-05,66901,3,9.70,9.59,,
419391,P,2000-11-28,9020,7,32.95,7.07,,
419392,P,2000-06-26,67447,8,75.00,3.31,,
419393,P,2001-02-09,92676,5,71.89,6.41,,
419394,P,2000-10-18,98149,4,64.75,1.96,,
419395,P,2000-10-18,91130,10,89.54,0.06,,
419396,P,2000-04-21,33019,10,13.67,7.88,,
419397,P,2000-05-16,64628,4,23.68,0.78,,
419398,P,2000-10-20,18725,9,61.77,7.53,,
419399,P,2000-05-03,94135,8,50.06,8.41,,
419400,P,2000-09-08,95995,4,17.23,3.73,,
419401,P,2000-11-27,72123,3,89.10,8.94,,
419402,P,2002-07-07,21336,2,68.90,0.46,,
419403,P,2002-09-02,65442,8,32.87,6.75,,
419404,P,2000-03-30,50042,3,55.17,9.74,,
419405,P,2001-09-03,24238,2,59.36,0.78,,
419406,P,2001-01-12,5181,10,60.17,5.62,,
419407,P,2001-07-02,32994,4,83.62,5.29,,
419408,P,2001-09-06,70212,7,86.96,7.83,,
419409,P,2000-01-10,88241,2,2.18,1.61,,
419410,P,2001-07-08,31546,7,86.45,2.96,,
419411,P,2002-08-30,78075,9,69.50,0.39,,
419412,P,2000-11-03,49228,5,29.96,7.01,,
419413,P,2001-08-25,19239,4,53.32,5.20,,
419414,P,2001-01-06,41756,4,90.03,0.07,,
419415,P,2002-02-26,78216,3,71.39,1.72,,
419416,P,2001-03-04,32566,6,45.05,1.07,,
419417,P,2000-11-25,23474,6,55.34,5.91,,
419418,P,2002-07-24,89203,4,84.74,9.17,,
419419,P,2002-03-27,15356,10,99.49,7.08,,
419420,P,2000-10-25,31443,5,10.71,2.00,,
419421,P,2001-08-25,99513,8,30.69,0.26,,
419422,P,2002-08-25,56328,5,95.41,8.22,,
419423,P,2001-08-17,90075,9,18.34,0.77,,
419424,P,2001-06-25,31995,10,26.33,5.32,,
419425,P,2002-02-04,53529,1,55.83,2.06,,
419426,P,2000-10-01,20441,8,13.28,9.91,,
419427,P,2002-02-10,82606,5,52.24,1.35,,
419428,P,2002-03-03,11016,7,66.92,5.42,,
419429,P,2001-11-17,99147,8,49.85,4.34,,
419430,P,2000-09-11,71055,3,5.55,7.95,,
419431,P,2001-05-05,55665,9,90.31,7.11,,
419432,P,2000-04-14,28637,2,60.39,2.53,,
419433,P,2001-01-21,40031,6,13.90,4.53,,
419434,P,2000-08-10,46563,4,65.77,4.70,,
419435,P,2000-06-04,60673,10,40.62,8.26,,
419436,P,2000-01-13,2156,4,57.03,6.64,,
419437,P,2002-09-06,14342,2,18.65,1.82,,
419438,P,2001-09-18,99635,6,64.85,1.78,,
419439,P,2001-12-27,96711,1,13.43,2.78,,
419440,P,2002-08-16,98164,1,31.86,5.57,,
419441,P,2001-12-19,86209,8,12.69,3.87,,
419442,P,2001-09-19,10666,10,99.93,9.96,,
419443,P,2002-09-06,2412,3,4.65,1.13,,
419444,P,2002-07-11,83848,8,0.80,8.35,,
419445,P,2001-04-27,46021,4,95.13,6.27,,
419446,P,2001-07-23,71172,7,50.22,1.99,,
419447,P,2000-04-15,60511,3,9.14,0.27,,
419448,P,2000-04-20,91406,10,29.79,7.87,,
419449,P,2001-11-05,1370,1,3.91,6.93,,
419450,P,2002-04-27,47613,3,7.46,2.80,,
419451,P,2001-03-23,64409,4,70.55,3.35,,
419452,P,2001-02-04,37306,3,32.20,9.52,,
419453,P,2001-06-25,28478,2,57.46,0.74,,
419454,P,2000-12-15,67804,9,82.39,9.10,,
419455,P,2001-03-13,82986,4,93.01,3.67,,
419456,P,2000-04-19,41976,2,88.83,7.21,,
419457,P,2002-07-28,46050,8,33.78,8.15,,
419458,P,2002-03-12,60112,2,55.73,6.53,,
419459,P,2002-07-18,51433,10,65.82,3.55,,
419460,P,2001-04-29,97540,2,59.51,5.87,,
419461,P,2001-07-08,41236,9,39.14,3.05,,
419462,P,2001-02-05,21671,3,31.98,7.96,,
419463,P,2002-08-11,74454,1,77.36,6.73,,
419464,P,2001-08-07,7530,5,36.25,8.53,,
419465,P,2000-12-30,35239,4,89.03,0.17,,
419466,P,2000-10-23,95841,10,82.12,8.89,,
419467,P,2002-02-10,32364,2,49.83,2.97,,
419468,P,2000-10-06,69947,10,89.18,7.86,,
419469,P,2001-07-01,16402,10,37.06,10.00,,
419470,P,2000-11-22,4550,6,63.27,9.26,,
419471,P,2000-11-18,86822,2,66.17,9.86,,
419472,P,2001-01-06,19517,7,79.37,2.88,,
419473,P,2000-09-30,51069,8,34.36,5.98,,
419474,P,2001-03-20,34253,6,43.53,3.82,,
419475,P,2001-05-22,62610,10,68.25,5.97,,
419476,P,2001-07-10,45001,1,3.94,1.21,,
419477,P,2001-02-03,54950,5,80.03,8.29,,
419478,P,2002-07-17,54886,6,99.74,7.78,,
419479,P,2000-04-17,74345,1,80.50,8.42,,
419480,P,2000-06-01,35020,8,33.66,0.32,,
419481,P,2001-05-08,39893,2,92.91,9.15,,
419482,P,2001-05-10,44945,9,29.56,8.35,,
419483,P,2002-02-12,51069,8,24.44,6.54,,
419484,P,2002-09-26,6429,3,51.01,0.96,,
419485,P,2001-04-05,99831,2,56.42,7.00,,
419486,P,2002-06-01,43454,8,68.47,8.87,,
419487,P,2001-04-11,30689,6,7.33,7.52,,
419488,P,2000-03-30,36825,1,98.54,3.14,,
419489,P,2000-04-12,96977,5,7.08,9.92,,
419490,P,2002-09-19,67030,10,53.53,8.69,,
419491,P,2001-07-17,83602,1,77.06,2.01,,
419492,P,2002-03-13,25202,7,74.01,1.03,,
419493,P,2002-04-16,15667,7,37.26,2.58,,
419494,P,2002-02-16,58231,4,4.37,5.58,,
419495,P,2001-08-01,80851,1,42.49,8.88,,
419496,P,2000-07-22,10361,10,11.20,9.51,,
419497,P,2002-08-25,96813,6,40.25,7.32,,
419498,P,2000-04-27,59592,4,34.41,9.82,,
419499,P,2002-08-03,95554,7,99.10,1.22,,
419500,P,2000-09-27,13907,4,90.22,9.73,,
419501,P,2002-06-24,55206,4,29.32,8.78,,
419502,P,2000-02-13,10840,6,72.63,0.43,,
419503,P,2001-05-17,20858,10,34.47,2.80,,
419504,P,2000-03-19,14754,1,4.00,7.70,,
419505,P,2002-01-15,59795,5,32.67,2.11,,
419506,P,2002-06-21,3382,10,2.23,9.83,,
419507,P,2000-08-14,21017,6,62.36,3.30,,
419508,P,2001-05-28,596,10,78.11,9.41,,
419509,P,2001-07-03,11863,9,98.83,3.41,,
419510,P,2000-08-20,24896,7,63.63,6.29,,
419511,P,2001-07-15,63368,2,36.64,7.76,,
419512,P,2000-07-12,53790,9,30.29,7.82,,
419513,P,2000-02-10,77029,2,42.12,7.20,,
419514,P,2000-07-23,82049,1,8.15,4.43,,
419515,P,2001-02-12,5816,1,63.60,2.78,,
419516,P,2000-10-16,36035,1,48.11,7.91,,
419517,P,2000-11-27,37118,3,35.88,7.08,,
419518,P,2000-11-06,15722,2,76.63,0.95,,
419519,P,2000-12-08,64493,4,37.70,3.25,,
419520,P,2001-03-07,45294,3,88.21,7.25,,
419521,P,2001-10-12,58587,7,24.89,0.56,,
419522,P,2000-11-02,79159,1,95.04,9.24,,
419523,P,2002-08-05,42433,8,81.83,2.43,,
419524,P,2000-10-04,97490,4,95.36,9.81,,
419525,P,2001-06-29,95566,1,16.70,7.50,,
419526,P,2001-04-04,81953,5,57.06,1.41,,
419527,P,2001-04-20,90988,8,22.45,0.14,,
419528,P,2002-08-27,74443,4,56.80,2.89,,
419529,P,2001-02-07,27497,2,24.11,9.53,,
419530,P,2000-03-11,63792,7,79.56,7.98,,
419531,P,2000-07-31,35056,7,63.89,5.61,,
419532,P,2001-07-13,2039,5,63.53,9.65,,
419533,P,2001-12-14,24183,2,85.74,1.79,,
419534,P,2002-07-10,17817,7,10.38,0.76,,
419535,P,2001-03-08,91578,9,45.72,8.10,,
419536,P,2001-09-11,8831,9,74.30,4.99,,
419537,P,2002-07-03,72598,4,55.70,5.18,,
419538,P,2002-06-01,38542,10,39.09,2.08,,
419539,P,2002-06-23,69564,1,59.91,7.91,,
419540,P,2000-05-06,37011,8,14.95,0.32,,
419541,P,2001-01-28,52338,4,89.94,7.26,,
419542,P,2001-02-12,40405,3,73.87,7.01,,
419543,P,2000-01-25,72846,7,16.60,6.98,,
419544,P,2001-12-02,63830,5,7.43,4.20,,
419545,P,2000-11-23,30052,9,24.36,1.11,,
419546,P,2000-08-05,96,9,66.57,8.41,,
419547,P,2001-04-14,69752,2,40.91,1.01,,
419548,P,2000-06-26,10033,4,82.20,1.83,,
419549,P,2000-09-04,21136,8,92.57,5.01,,
419550,P,2000-05-28,1166,3,9.85,3.96,,
419551,P,2001-02-12,41638,3,7.05,4.68,,
419552,P,2001-07-09,75288,10,2.62,0.94,,
419553,P,2002-01-07,77082,1,77.31,0.52,,
419554,P,2002-08-01,29912,10,4.47,9.67,,
419555,P,2002-03-29,74700,2,37.40,1.04,,
419556,P,2000-11-07,26445,7,0.54,8.94,,
419557,P,2001-10-23,88984,1,4.64,8.12,,
419558,P,2001-10-17,57859,9,64.63,0.32,,
419559,P,2000-11-30,18884,9,74.50,6.99,,
419560,P,2000-07-11,94590,8,95.75,4.20,,
419561,P,2001-04-07,70723,8,88.48,0.48,,
419562,P,2000-09-02,89490,9,17.78,5.71,,
419563,P,2001-04-22,4005,1,9.60,0.07,,
419564,P,2000-04-04,34575,7,76.51,9.21,,
419565,P,2001-12-14,54678,8,57.42,4.22,,
419566,P,2002-06-23,58457,8,21.96,8.60,,
419567,P,2001-12-30,17514,1,12.19,9.44,,
419568,P,2001-12-08,97739,1,92.00,5.66,,
419569,P,2000-11-27,61508,5,4.90,9.65,,
419570,P,2001-03-13,28459,5,87.21,0.44,,
419571,P,2001-08-28,29858,10,93.08,9.98,,
419572,P,2000-08-18,56063,7,70.91,5.34,,
419573,P,2002-07-30,8331,10,95.41,5.64,,
419574,P,2001-04-23,90770,1,33.75,7.88,,
419575,P,2001-12-03,5636,2,85.34,7.12,,
419576,P,2002-03-05,80654,3,3.14,9.69,,
419577,P,2002-08-09,82539,9,62.24,6.91,,
419578,P,2001-06-13,37829,8,62.90,5.21,,
419579,P,2000-09-27,61282,10,72.31,6.78,,
419580,P,2001-08-29,32924,8,2.34,4.74,,
419581,P,2002-05-31,65294,5,12.55,6.70,,
419582,P,2000-04-26,38400,1,87.13,9.68,,
419583,P,2001-06-04,78667,9,79.79,1.63,,
419584,P,2002-08-12,31223,3,31.52,6.01,,
419585,P,2000-04-07,56049,9,20.28,0.00,,
419586,P,2000-06-23,71286,6,95.98,4.47,,
419587,P,2000-12-19,27268,6,46.31,4.22,,
419588,P,2001-09-18,95369,1,86.92,2.39,,
419589,P,2001-09-08,18168,9,50.57,9.29,,
419590,P,2000-06-21,79832,9,1.21,2.90,,
419591,P,2001-12-28,33148,9,66.58,6.90,,
419592,P,2000-08-16,16803,9,95.06,6.97,,
419593,P,2001-02-26,24205,2,85.64,4.06,,
419594,P,2001-11-28,73871,4,36.90,6.49,,
419595,P,2002-06-10,42314,6,48.72,1.29,,
419596,P,2000-11-22,33570,1,72.86,6.13,,
419597,P,2000-12-18,37481,5,43.48,4.59,,
419598,P,2000-07-27,3546,5,30.05,6.66,,
419599,P,2000-04-11,34768,4,76.57,9.76,,
419600,P,2001-02-28,93352,1,0.89,4.22,,
419601,P,2000-03-08,25287,6,33.65,8.10,,
419602,P,2002-06-11,29721,3,73.25,1.60,,
419603,P,2000-05-22,48155,7,98.07,6.50,,
419604,P,2000-07-02,26619,2,76.46,5.77,,
419605,P,2000-06-06,56350,1,32.54,4.79,,
419606,P,2001-01-15,58039,6,47.69,8.78,,
419607,P,2002-09-01,42575,6,9.01,3.57,,
419608,P,2002-01-05,62608,7,21.57,3.06,,
419609,P,2001-07-18,1596,2,75.61,4.07,,
419610,P,2001-05-08,39040,4,58.55,7.08,,
419611,P,2002-03-30,20963,1,31.65,9.64,,
419612,P,2000-11-05,34894,1,42.55,8.74,,
419613,P,2000-04-04,49504,10,5.15,2.41,,
419614,P,2001-03-14,63432,9,49.92,8.86,,
419615,P,2002-06-17,67669,7,52.90,3.46,,
419616,P,2002-02-08,35938,8,60.90,3.01,,
419617,P,2000-11-05,48399,2,20.71,5.77,,
419618,P,2002-03-23,52360,8,1.09,7.02,,
419619,P,2000-04-04,57799,10,59.43,2.17,,
419620,P,2001-08-10,63246,6,1.64,7.54,,
419621,P,2002-03-25,31119,6,15.19,8.11,,
419622,P,2001-06-05,94332,5,13.80,7.00,,
419623,P,2000-06-18,70022,7,68.98,0.43,,
419624,P,2001-11-24,23730,3,53.04,3.77,,
419625,P,2000-06-22,33,6,76.88,6.17,,
419626,P,2002-06-04,89926,4,42.22,4.98,,
419627,P,2001-06-25,99461,8,16.70,5.78,,
419628,P,2002-09-06,75403,1,59.62,0.78,,
419629,P,2000-03-25,40849,1,26.81,7.34,,
419630,P,2001-12-20,61036,2,76.41,4.93,,
419631,P,2002-01-28,43397,10,73.19,2.35,,
419632,P,2000-06-08,8182,7,1.37,3.95,,
419633,P,2001-01-06,68828,8,60.71,5.71,,
419634,P,2000-03-03,61802,8,10.49,0.12,,
419635,P,2001-03-29,30914,8,99.07,3.62,,
419636,P,2001-09-18,97946,7,12.90,3.63,,
419637,P,2001-06-26,29246,4,85.73,2.78,,
419638,P,2000-10-17,17348,7,20.68,4.03,,
419639,P,2002-06-14,87713,6,10.50,1.03,,
419640,P,2000-06-10,39347,3,63.03,6.34,,
419641,P,2002-08-24,99586,10,91.66,2.67,,
419642,P,2001-03-12,49871,4,30.09,6.79,,
419643,P,2002-02-16,55450,2,91.48,8.64,,
419644,P,2001-09-24,20435,9,62.69,0.96,,
419645,P,2002-04-26,77269,3,40.52,3.44,,
419646,P,2001-01-09,5454,5,14.03,3.71,,
419647,P,2000-12-13,70221,9,75.17,0.49,,
419648,P,2002-04-16,18882,4,39.63,4.22,,
419649,P,2002-02-07,5176,5,16.31,1.01,,
419650,P,2001-03-17,20815,2,73.77,9.54,,
419651,P,2001-07-09,13465,2,29.62,1.15,,
419652,P,2000-04-28,74516,5,32.72,1.97,,
419653,P,2001-12-22,68447,5,98.63,6.62,,
419654,P,2001-10-18,50555,10,70.29,4.84,,
419655,P,2002-01-20,74098,7,86.85,5.30,,
419656,P,2001-01-13,22139,1,99.62,9.99,,
419657,P,2001-07-21,9915,9,37.03,7.97,,
419658,P,2001-09-06,83104,3,47.45,3.57,,
419659,P,2002-06-06,59938,8,59.28,0.21,,
419660,P,2001-02-08,97271,6,50.10,4.05,,
419661,P,2002-08-12,79585,1,94.47,8.04,,
419662,P,2001-12-14,38552,5,70.03,8.53,,
419663,P,2002-08-01,75294,9,97.81,8.19,,
419664,P,2000-12-09,40933,5,88.75,5.69,,
419665,P,2001-01-01,64248,3,66.07,2.43,,
419666,P,2000-12-07,58215,6,35.40,5.51,,
419667,P,2000-04-03,93873,7,77.97,5.68,,
419668,P,2001-01-13,47403,4,64.50,2.18,,
419669,P,2002-03-15,53395,4,81.12,7.28,,
419670,P,2000-08-01,30699,6,28.01,3.99,,
419671,P,2000-07-20,32709,6,20.30,8.44,,
419672,P,2001-08-01,93550,8,5.83,6.37,,
419673,P,2001-02-08,47541,3,64.41,0.05,,
419674,P,2000-07-06,44352,1,44.35,9.54,,
419675,P,2000-02-06,18224,2,32.65,8.67,,
419676,P,2002-02-10,59782,5,58.44,7.36,,
419677,P,2000-03-14,56592,3,10.39,1.23,,
419678,P,2002-02-18,21509,2,63.87,1.76,,
419679,P,2000-03-20,28564,2,7.45,5.76,,
419680,P,2000-08-09,1461,8,38.67,8.73,,
419681,P,2001-11-02,3695,8,14.84,7.39,,
419682,P,2000-05-22,11554,9,28.57,8.12,,
419683,P,2000-02-12,95211,5,30.36,5.66,,
419684,P,2001-09-09,84626,2,85.70,9.08,,
419685,P,2000-03-22,91687,6,86.01,7.08,,
419686,P,2001-12-22,93271,8,65.47,4.75,,
419687,P,2002-01-30,43872,5,88.74,1.26,,
419688,P,2001-12-30,70399,5,60.15,2.85,,
419689,P,2002-04-17,19867,7,33.33,3.13,,
419690,P,2002-07-24,20824,6,51.44,2.74,,
419691,P,2000-08-02,92965,2,16.35,2.16,,
419692,P,2002-08-28,45767,8,70.04,5.90,,
419693,P,2000-07-11,34854,5,94.16,5.49,,
419694,P,2002-02-26,76507,9,14.99,2.17,,
419695,P,2002-01-28,53536,3,78.18,7.91,,
419696,P,2001-08-25,1457,9,70.29,9.04,,
419697,P,2002-08-13,28312,7,62.07,7.40,,
419698,P,2000-12-22,45943,8,5.43,4.01,,
419699,P,2001-01-22,36118,5,34.47,6.25,,
419700,P,2000-10-05,89092,10,99.55,5.18,,
419701,P,2002-06-04,15957,5,97.42,1.48,,
419702,P,2000-01-26,10616,7,16.03,4.55,,
419703,P,2001-06-01,84048,8,20.66,0.89,,
419704,P,2002-03-13,88719,8,84.81,8.27,,
419705,P,2001-04-07,66453,5,54.92,0.21,,
419706,P,2002-04-12,55807,10,67.88,4.94,,
419707,P,2000-07-25,77436,4,55.46,4.77,,
419708,P,2000-02-20,12592,6,49.13,0.23,,
419709,P,2001-09-18,47191,1,80.80,0.53,,
419710,P,2002-09-19,82475,6,48.50,5.52,,
419711,P,2000-11-28,57579,3,75.81,1.72,,
419712,P,2000-02-04,32343,9,15.28,1.46,,
419713,P,2001-10-22,74414,10,27.79,0.44,,
419714,P,2000-07-07,32538,5,83.24,7.16,,
419715,P,2001-03-06,70115,8,37.27,4.30,,
419716,P,2000-11-11,52902,7,2.97,3.22,,
419717,P,2001-06-08,18657,7,69.08,3.46,,
419718,P,2000-05-12,58873,3,41.32,0.70,,
419719,P,2001-12-22,30289,10,36.14,2.98,,
419720,P,2001-12-21,95867,5,35.75,7.67,,
419721,P,2002-01-26,27798,7,40.79,9.52,,
419722,P,2001-03-05,37442,10,18.17,3.24,,
419723,P,2000-03-27,49099,4,87.02,4.77,,
419724,P,2001-10-17,10549,10,30.25,0.05,,
419725,P,2001-07-28,84688,8,98.87,4.39,,
419726,P,2002-01-22,56750,7,94.24,9.92,,
419727,P,2000-09-03,46923,4,44.34,3.66,,
419728,P,2002-08-19,70693,10,2.09,9.46,,
419729,P,2001-05-01,70735,5,47.70,5.40,,
419730,P,2002-04-18,65082,7,18.24,0.88,,
419731,P,2000-11-07,45227,2,12.20,6.47,,
419732,P,2001-04-01,20245,10,19.56,5.91,,
419733,P,2000-07-27,52015,1,90.45,4.25,,
419734,P,2000-10-18,50759,4,93.89,8.78,,
419735,P,2002-04-08,44612,9,19.07,0.59,,
419736,P,2000-08-31,8398,3,93.73,0.96,,
419737,P,2001-12-04,32132,3,39.17,5.52,,
419738,P,2000-12-29,22955,1,13.75,10.00,,
419739,P,2000-08-14,6648,6,50.94,7.54,,
419740,P,2002-02-04,25573,6,12.40,4.39,,
419741,P,2001-09-08,9408,10,26.28,9.50,,
419742,P,2000-02-07,76316,6,99.33,4.75,,
419743,P,2001-07-23,21987,3,86.34,2.35,,
419744,P,2000-12-16,60643,10,97.92,2.93,,
419745,P,2001-04-23,40888,10,15.98,8.28,,
419746,P,2000-03-11,51015,8,65.96,9.01,,
419747,P,2001-04-26,45012,1,42.96,8.12,,
419748,P,2001-10-09,52434,2,66.99,1.28,,
419749,P,2000-01-29,91141,4,72.30,0.15,,
419750,P,2002-05-04,18946,9,67.74,9.65,,
419751,P,2002-03-30,91319,7,14.76,8.47,,
419752,P,2000-10-17,12389,5,59.54,7.34,,
419753,P,2001-04-12,91309,9,62.44,4.06,,
419754,P,2002-01-25,38440,4,26.29,0.56,,
419755,P,2000-05-11,41571,7,96.27,4.77,,
419756,P,2000-03-31,35249,7,20.46,6.01,,
419757,P,2000-06-24,47014,2,27.38,4.48,,
419758,P,2000-05-02,11457,6,34.76,2.65,,
419759,P,2000-12-08,14330,5,38.61,1.89,,
419760,P,2002-02-10,6977,6,20.28,2.57,,
419761,P,2001-12-10,92853,4,74.16,6.97,,
419762,P,2000-07-19,39759,4,79.07,7.33,,
419763,P,2002-09-27,90266,6,1.93,5.15,,
419764,P,2000-06-13,3501,7,2.31,7.10,,
419765,P,2000-07-22,89857,7,60.24,1.58,,
419766,P,2000-06-20,10659,2,80.83,3.12,,
419767,P,2001-06-04,7220,9,71.53,2.58,,
419768,P,2002-08-28,71822,7,65.53,3.80,,
419769,P,2001-06-29,41162,1,37.14,6.30,,
419770,P,2002-06-08,60392,4,99.75,0.20,,
419771,P,2001-09-18,98892,10,69.08,5.97,,
419772,P,2000-09-04,29894,9,55.28,9.34,,
419773,P,2002-01-25,41281,1,56.76,1.99,,
419774,P,2002-06-29,57549,8,80.50,7.28,,
419775,P,2002-07-06,67353,6,32.54,1.26,,
419776,P,2002-07-15,55857,4,30.76,3.54,,
419777,P,2000-07-11,37468,7,75.04,3.91,,
419778,P,2002-02-09,38328,5,77.76,7.11,,
419779,P,2000-10-14,82927,1,37.64,1.66,,
419780,P,2001-05-19,8664,5,39.55,2.21,,
419781,P,2001-08-02,8838,6,42.26,2.50,,
419782,P,2000-11-05,80048,5,75.49,9.91,,
419783,P,2002-05-14,78328,7,6.60,3.91,,
419784,P,2002-04-29,4970,10,49.12,6.98,,
419785,P,2000-12-21,32843,8,26.43,0.86,,
419786,P,2000-04-13,25645,6,34.02,3.27,,
419787,P,2002-01-29,56195,4,36.06,1.83,,
419788,P,2000-12-03,63081,9,60.52,1.93,,
419789,P,2002-08-20,89364,9,31.81,3.67,,
419790,P,2000-05-28,56700,7,71.79,3.44,,
419791,P,2000-06-04,32585,6,12.41,0.36,,
419792,P,2000-10-14,3742,2,98.39,6.37,,
419793,P,2002-05-26,28271,9,33.28,4.10,,
419794,P,2000-10-17,28457,3,90.15,5.65,,
419795,P,2002-07-21,15584,4,64.15,1.85,,
419796,P,2002-03-06,50870,10,11.76,0.05,,
419797,P,2000-05-11,86263,6,62.41,8.13,,
419798,P,2000-11-16,45807,7,66.95,8.34,,
419799,P,2001-08-07,55377,1,37.88,8.87,,
419800,P,2001-01-27,64522,3,48.26,7.83,,
419801,P,2000-12-30,58912,4,79.85,1.38,,
419802,P,2000-04-17,37378,6,8.00,2.31,,
419803,P,2001-07-27,38944,10,69.77,4.55,,
419804,P,2002-01-19,34989,7,62.98,4.00,,
419805,P,2000-02-02,68142,6,80.35,1.20,,
419806,P,2002-04-09,19821,8,65.66,9.77,,
419807,P,2000-04-16,3675,8,27.79,3.51,,
419808,P,2000-11-26,5560,1,98.00,9.73,,
419809,P,2001-03-29,7733,8,89.04,5.90,,
419810,P,2000-05-02,17785,8,90.96,4.38,,
419811,P,2002-01-18,29561,7,56.60,8.12,,
419812,P,2000-05-27,70312,7,52.85,4.50,,
419813,P,2001-07-06,68575,2,45.12,5.55,,
419814,P,2000-07-07,72735,7,37.22,3.75,,
419815,P,2002-03-11,47813,10,52.05,3.09,,
419816,P,2000-07-14,12211,9,11.71,0.34,,
419817,P,2002-08-23,3078,10,54.15,1.64,,
419818,P,2000-07-01,77466,7,56.08,0.51,,
419819,P,2000-02-19,53824,3,80.77,8.68,,
419820,P,2000-06-11,67119,9,3.98,0.84,,
419821,P,2000-07-14,63050,6,90.18,8.24,,
419822,P,2000-11-14,35929,4,55.93,9.92,,
419823,P,2000-02-04,5352,10,87.11,7.02,,
419824,P,2000-12-28,31287,3,53.02,9.95,,
419825,P,2000-06-08,51665,2,75.67,5.79,,
419826,P,2002-01-28,47774,10,75.33,2.63,,
419827,P,2002-08-09,11018,2,57.34,0.19,,
419828,P,2002-06-11,43908,7,90.24,9.10,,
419829,P,2000-10-01,20270,6,29.29,9.83,,
419830,P,2002-01-27,50297,9,84.13,7.87,,
419831,P,2002-09-16,54563,8,83.32,7.39,,
419832,P,2002-08-03,88010,8,26.47,7.44,,
419833,P,2002-02-26,560,2,60.31,4.15,,
419834,P,2000-03-06,92936,3,0.17,2.72,,
419835,P,2000-02-24,49212,2,14.29,4.33,,
419836,P,2002-04-17,88828,4,96.60,2.11,,
419837,P,2001-06-24,54056,8,42.42,6.79,,
419838,P,2001-01-21,51060,3,37.10,3.30,,
419839,P,2001-05-15,25597,8,45.43,7.87,,
419840,P,2000-04-17,65553,9,8.15,4.65,,
419841,P,2001-11-16,87071,1,91.15,0.56,,
419842,P,2001-08-03,3452,4,78.46,9.87,,
419843,P,2000-10-23,58798,8,23.53,3.32,,
419844,P,2000-01-18,20017,6,17.51,9.53,,
419845,P,2001-08-05,4227,10,12.02,0.67,,
419846,P,2002-06-23,16956,3,68.12,9.44,,
419847,P,2001-06-23,97353,9,87.51,2.97,,
419848,P,2000-07-17,72805,4,77.94,6.29,,
419849,P,2001-08-21,85917,6,92.74,4.63,,
419850,P,2000-03-24,32658,9,58.63,5.55,,
419851,P,2000-04-02,20737,7,44.22,9.00,,
419852,P,2001-12-23,92007,6,80.16,1.80,,
419853,P,2001-09-02,41427,9,71.85,9.83,,
419854,P,2002-07-19,333,8,5.00,8.87,,
419855,P,2001-05-04,66618,5,65.58,7.88,,
419856,P,2002-08-07,55300,7,81.82,7.43,,
419857,P,2002-06-19,36408,8,32.42,9.85,,
419858,P,2002-06-01,5415,3,92.85,1.21,,
419859,P,2001-09-25,541,9,54.14,5.75,,
419860,P,2002-04-22,79682,4,90.09,4.52,,
419861,P,2002-04-23,81191,3,62.94,8.38,,
419862,P,2000-01-20,88787,8,28.56,6.99,,
419863,P,2000-10-29,55913,7,97.47,6.60,,
419864,P,2002-02-15,99428,8,28.82,3.49,,
419865,P,2000-12-13,66684,2,48.34,4.00,,
419866,P,2001-05-31,72404,4,42.59,6.69,,
419867,P,2002-02-04,36965,7,28.29,2.97,,
419868,P,2001-08-08,92674,1,27.23,7.47,,
419869,P,2001-04-15,37308,4,1.48,8.55,,
419870,P,2002-02-23,60371,3,68.73,1.32,,
419871,P,2000-11-03,66381,1,34.96,1.97,,
419872,P,2000-11-07,5266,6,89.77,4.31,,
419873,P,2001-01-17,41087,8,49.06,2.60,,
419874,P,2001-07-31,4572,9,2.77,5.74,,
419875,P,2001-12-14,93007,10,43.64,1.03,,
419876,P,2001-04-22,36106,2,12.96,6.70,,
419877,P,2001-07-03,41556,10,83.78,0.72,,
419878,P,2000-11-11,78829,5,33.50,8.30,,
419879,P,2000-03-06,85191,4,73.04,9.77,,
419880,P,2000-04-28,83806,7,89.25,7.11,,
419881,P,2000-10-25,26335,5,6.38,1.44,,
419882,P,2000-10-09,9975,8,54.42,8.18,,
419883,P,2000-03-07,15265,9,36.60,0.54,,
419884,P,2000-05-23,6143,3,46.68,2.18,,
419885,P,2001-05-13,58533,2,21.98,8.40,,
419886,P,2001-03-08,70359,10,42.69,8.59,,
419887,P,2000-06-16,3723,6,4.14,0.14,,
419888,P,2000-04-15,72213,3,38.09,8.56,,
419889,P,2002-08-30,79005,8,89.87,7.59,,
419890,P,2002-04-25,74461,6,3.44,3.71,,
419891,P,2001-08-05,40602,5,54.14,2.29,,
419892,P,2002-05-27,44055,9,90.57,9.54,,
419893,P,2000-07-29,90449,10,6.14,7.94,,
419894,P,2000-10-09,26385,10,78.38,8.48,,
419895,P,2000-05-16,7698,7,64.07,8.79,,
419896,P,2000-04-24,49167,2,37.01,4.68,,
419897,P,2001-08-17,43012,5,71.75,2.33,,
419898,P,2002-03-02,47166,10,32.14,4.29,,
419899,P,2002-01-15,87448,8,27.22,9.15,,
419900,P,2000-06-07,21966,5,81.97,2.58,,
419901,P,2002-09-14,83569,3,12.22,1.69,,
419902,P,2000-04-20,14197,4,13.96,8.99,,
419903,P,2000-02-07,49695,5,16.09,7.94,,
419904,P,2002-02-17,72789,5,44.04,1.39,,
419905,P,2001-09-09,71661,1,34.01,8.54,,
419906,P,2002-07-10,93760,9,19.35,8.60,,
419907,P,2002-03-29,54422,7,3.69,7.71,,
419908,P,2002-04-28,94402,10,6.78,3.82,,
419909,P,2000-02-23,61793,3,30.05,7.09,,
419910,P,2002-05-12,87139,8,92.52,4.99,,
419911,P,2002-09-18,84577,6,26.02,7.77,,
419912,P,2000-12-18,98541,8,47.28,4.78,,
419913,P,2000-01-17,21032,2,56.11,6.39,,
419914,P,2001-03-09,83202,5,8.87,1.73,,
419915,P,2001-08-02,28098,5,17.43,8.62,,
419916,P,2001-11-05,2459,6,51.69,2.93,,
419917,P,2001-05-28,21846,1,24.64,9.91,,
419918,P,2001-01-12,56293,5,16.45,8.21,,
419919,P,2001-02-23,99062,1,77.92,5.72,,
419920,P,2002-08-07,46498,6,88.32,7.93,,
419921,P,2000-09-13,67758,8,67.64,4.97,,
419922,P,2001-06-17,15006,3,27.28,9.38,,
419923,P,2001-03-05,91518,4,90.27,8.66,,
419924,P,2001-03-31,40840,2,53.79,4.78,,
419925,P,2002-02-04,76551,9,34.70,5.60,,
419926,P,2000-03-28,77721,5,51.54,0.69,,
419927,P,2000-02-23,24567,9,87.50,0.61,,
419928,P,2001-06-19,64592,4,76.48,3.58,,
419929,P,2000-04-22,38800,10,3.51,2.74,,
419930,P,2001-01-21,92872,7,39.08,6.86,,
419931,P,2001-01-09,80859,8,63.05,6.87,,
419932,P,2000-12-19,18405,10,79.27,8.55,,
419933,P,2001-08-21,10312,7,76.59,1.72,,
419934,P,2002-08-02,83858,3,43.09,3.50,,
419935,P,2002-02-06,72939,3,45.01,7.94,,
419936,P,2002-09-25,9495,10,24.26,6.68,,
419937,P,2002-07-29,30643,3,1.77,9.28,,
419938,P,2001-08-21,54703,5,44.28,0.89,,
419939,P,2001-07-05,98912,2,51.59,3.18,,
419940,P,2002-05-16,47156,7,90.68,6.77,,
419941,P,2002-06-27,83914,5,81.92,7.06,,
419942,P,2001-10-15,59388,7,73.77,0.97,,
419943,P,2001-09-02,3489,4,58.77,4.07,,
419944,P,2001-02-26,34748,7,84.84,4.09,,
419945,P,2002-04-23,474,10,11.36,1.70,,
419946,P,2002-02-24,73062,1,62.24,0.76,,
419947,P,2000-01-26,62713,4,17.30,2.43,,
419948,P,2001-05-08,40230,10,80.81,4.94,,
419949,P,2002-08-27,22572,10,23.57,4.48,,
419950,P,2001-08-15,70149,5,45.48,6.73,,
419951,P,2002-03-03,39982,9,39.42,9.73,,
419952,P,2002-05-24,79946,7,95.15,5.85,,
419953,P,2000-04-21,54148,4,46.87,5.25,,
419954,P,2002-04-08,54659,1,50.77,0.96,,
419955,P,2001-06-05,60616,7,68.66,9.03,,
419956,P,2001-09-23,22583,7,11.83,8.03,,
419957,P,2002-02-04,16880,6,3.80,0.63,,
419958,P,2002-03-27,6417,8,62.04,6.19,,
419959,P,2000-01-08,89423,7,95.56,7.23,,
419960,P,2000-10-05,47463,5,27.88,2.97,,
419961,P,2001-06-08,82438,3,22.81,8.42,,
419962,P,2001-09-20,3774,8,57.75,6.08,,
419963,P,2001-09-24,33872,7,87.72,9.93,,
419964,P,2001-12-22,2940,6,70.45,0.94,,
419965,P,2002-03-15,60863,3,43.06,5.87,,
419966,P,2000-09-04,8899,4,53.37,7.13,,
419967,P,2001-02-23,82001,7,62.87,9.90,,
419968,P,2000-09-20,28620,2,18.70,1.37,,
419969,P,2000-03-12,56436,1,32.25,3.98,,
419970,P,2000-10-03,51575,6,69.55,8.79,,
419971,P,2000-11-28,78648,1,78.70,8.38,,
419972,P,2000-03-11,74506,8,66.13,8.47,,
419973,P,2002-06-10,59591,9,57.81,2.53,,
419974,P,2000-10-06,17742,5,96.90,4.96,,
419975,P,2000-10-21,82331,9,25.09,8.12,,
419976,P,2000-06-16,58567,6,56.07,1.69,,
419977,P,2000-06-09,81741,7,60.06,7.77,,
419978,P,2002-04-05,21810,2,34.77,4.15,,
419979,P,2002-04-03,51655,4,31.00,8.24,,
419980,P,2002-08-24,1757,9,28.99,6.30,,
419981,P,2001-12-10,34009,9,76.90,5.99,,
419982,P,2000-06-14,36201,7,3.54,0.46,,
419983,P,2002-05-07,37442,10,12.83,0.86,,
419984,P,2002-02-15,73434,2,6.38,5.88,,
419985,P,2000-05-04,4078,3,40.46,7.07,,
419986,P,2002-01-22,22705,5,12.87,7.98,,
419987,P,2001-04-03,39877,1,90.52,2.01,,
419988,P,2000-03-31,8242,2,96.15,9.54,,
419989,P,2001-08-15,48331,8,17.47,7.46,,
419990,P,2001-10-12,81993,10,79.52,7.70,,
419991,P,2000-10-16,26344,10,51.99,5.93,,
419992,P,2000-03-07,75118,5,93.30,0.24,,
419993,P,2002-05-16,2554,7,59.72,7.14,,
419994,P,2000-11-08,12466,6,99.47,2.32,,
419995,P,2001-07-27,37119,10,50.80,5.39,,
419996,P,2000-10-27,22936,3,66.60,2.87,,
419997,P,2000-03-18,71559,7,93.42,6.66,,
419998,P,2000-10-22,444,9,89.17,1.70,,
419999,P,2000-04-19,25588,2,20.66,9.32,,
420000,P,2001-06-10,64729,8,6.93,2.21,,
420001,P,2002-06-02,37047,6,41.88,3.46,,
420002,P,2001-06-07,23244,2,8.01,7.75,,
420003,P,2001-04-12,73867,9,99.38,5.71,,
420004,P,2002-06-09,97262,3,32.64,5.15,,
420005,P,2001-04-09,44334,2,24.78,0.80,,
420006,P,2002-06-11,8970,1,94.41,8.72,,
420007,P,2000-01-25,18794,8,99.17,8.88,,
420008,P,2001-10-16,79057,5,66.12,6.11,,
420009,P,2000-08-26,59688,10,65.07,0.84,,
420010,P,2001-01-22,57847,5,56.58,7.07,,
420011,P,2001-06-03,54587,2,4.04,8.24,,
420012,P,2001-09-10,47964,9,83.77,8.93,,
420013,P,2002-03-28,70410,1,35.43,1.44,,
420014,P,2002-03-01,31587,3,26.05,9.79,,
420015,P,2001-12-09,81517,3,65.82,0.32,,
420016,P,2001-09-21,67878,8,89.98,7.96,,
420017,P,2002-03-08,87638,5,2.11,0.38,,
420018,P,2001-07-24,5946,1,92.05,8.69,,
420019,P,2002-06-27,97553,4,6.33,6.76,,
420020,P,2002-08-11,41076,8,88.25,7.47,,
420021,P,2002-09-18,56384,1,52.71,2.83,,
420022,P,2000-10-24,3037,3,11.00,8.59,,
420023,P,2000-01-08,83069,4,7.65,4.59,,
420024,P,2002-02-19,8544,2,63.56,1.28,,
420025,P,2000-08-28,21584,2,43.38,5.05,,
420026,P,2001-10-13,85742,10,54.31,3.75,,
420027,P,2001-01-29,52437,9,15.50,2.63,,
420028,P,2002-07-08,91230,7,42.09,0.65,,
420029,P,2000-02-02,50815,2,98.86,9.53,,
420030,P,2001-04-23,49751,10,38.47,2.43,,
420031,P,2001-06-22,5500,1,49.58,9.91,,
420032,P,2000-04-30,51732,10,60.30,6.73,,
420033,P,2001-06-23,53681,5,43.72,5.86,,
420034,P,2000-09-25,52259,6,13.90,9.68,,
420035,P,2002-03-24,81107,8,67.32,7.28,,
420036,P,2000-03-07,30210,4,5.59,7.20,,
420037,P,2001-04-16,85645,5,43.46,7.96,,
420038,P,2002-09-22,69705,4,77.59,1.35,,
420039,P,2002-02-10,43807,10,7.13,1.51,,
420040,P,2002-05-07,2519,1,94.93,2.89,,
420041,P,2000-10-04,37492,1,75.50,7.23,,
420042,P,2001-11-03,4135,8,48.81,1.68,,
420043,P,2001-09-25,77758,1,14.22,1.40,,
420044,P,2000-02-10,90735,6,99.44,4.84,,
420045,P,2002-03-08,6495,1,32.20,3.32,,
420046,P,2002-07-23,15337,10,34.94,2.22,,
420047,P,2002-06-06,91127,2,55.69,3.85,,
420048,P,2000-05-29,53132,2,99.13,5.58,,
420049,P,2002-03-26,95542,10,84.33,6.88,,
420050,P,2000-08-21,44999,7,69.92,0.66,,
420051,P,2002-07-08,81081,8,76.31,2.94,,
420052,P,2000-11-30,32682,1,13.84,4.51,,
420053,P,2001-12-21,5417,4,5.73,8.05,,
420054,P,2001-08-29,77642,6,48.42,0.84,,
420055,P,2000-05-12,80887,2,77.80,0.07,,
420056,P,2000-10-02,99035,2,44.72,8.72,,
420057,P,2002-06-27,68541,9,94.35,6.53,,
420058,P,2000-01-02,21923,9,2.14,2.98,,
420059,P,2000-02-05,20675,2,11.58,4.77,,
420060,P,2000-08-01,95714,9,34.33,6.69,,
420061,P,2001-02-13,13985,7,3.52,2.28,,
420062,P,2000-01-04,68933,1,1.32,3.77,,
420063,P,2000-07-22,19139,2,16.40,0.47,,
420064,P,2001-07-07,34156,6,13.60,6.82,,
420065,P,2001-10-07,14849,2,45.99,9.92,,
420066,P,2001-07-05,62855,2,42.69,5.84,,
420067,P,2002-04-05,40264,4,81.83,4.96,,
420068,P,2000-07-16,50535,1,68.84,2.34,,
420069,P,2000-07-08,14167,1,25.49,0.89,,
420070,P,2000-11-26,69550,4,37.82,8.63,,
420071,P,2000-01-19,49434,7,44.77,7.43,,
420072,P,2002-02-09,79997,10,69.41,4.86,,
420073,P,2002-07-23,77414,4,16.43,0.32,,
420074,P,2001-08-03,54207,2,14.33,9.66,,
420075,P,2001-10-22,26589,2,29.12,8.19,,
420076,P,2000-04-19,12796,1,1.57,1.01,,
420077,P,2001-11-17,44162,1,94.24,2.09,,
420078,P,2000-01-07,88525,3,64.49,0.70,,
420079,P,2000-09-14,59215,2,11.15,9.02,,
420080,P,2001-08-13,17136,4,86.72,1.47,,
420081,P,2001-11-18,94722,8,5.45,7.70,,
420082,P,2001-05-05,63992,6,84.30,5.21,,
420083,P,2002-03-11,45178,9,37.92,1.83,,
420084,P,2001-08-18,68335,9,76.80,1.09,,
420085,P,2000-07-16,45553,3,51.18,7.11,,
420086,P,2000-06-07,75556,10,20.63,5.36,,
420087,P,2002-08-18,80761,9,26.45,9.65,,
420088,P,2001-03-28,36842,5,43.81,7.42,,
420089,P,2000-04-26,54611,3,74.24,8.50,,
420090,P,2001-05-12,55953,2,12.37,8.93,,
420091,P,2002-08-20,81631,10,39.63,2.03,,
420092,P,2002-03-28,25154,1,90.82,7.81,,
420093,P,2000-12-13,7895,7,80.07,8.19,,
420094,P,2000-03-18,42650,3,72.90,7.21,,
420095,P,2001-09-02,50704,3,12.22,6.29,,
420096,P,2002-06-12,56775,3,23.35,1.55,,
420097,P,2001-03-29,47573,1,57.70,6.16,,
420098,P,2001-12-31,33922,8,10.15,0.73,,
420099,P,2001-07-21,60293,5,32.87,2.03,,
420100,P,2002-01-28,60832,6,45.10,5.09,,
420101,P,2000-02-29,28621,7,95.07,9.45,,
420102,P,2001-07-24,50609,7,6.65,0.28,,
420103,P,2000-09-28,55529,2,42.09,6.15,,
420104,P,2001-10-19,33533,8,58.86,4.50,,
420105,P,2002-07-08,34917,5,15.30,7.48,,
420106,P,2000-08-18,25729,9,79.34,2.26,,
420107,P,2001-07-08,63244,7,78.13,8.55,,
420108,P,2001-07-05,3818,7,93.24,6.56,,
420109,P,2001-08-06,66633,4,66.89,6.77,,
420110,P,2002-04-23,58618,5,81.35,7.72,,
420111,P,2000-05-13,13552,5,22.51,1.15,,
420112,P,2000-01-10,36528,7,23.08,6.14,,
420113,P,2002-05-11,96085,4,0.11,3.20,,
420114,P,2000-06-12,48442,2,46.05,5.03,,
420115,P,2002-08-17,93992,3,40.04,7.15,,
420116,P,2000-11-21,42638,1,85.73,8.58,,
420117,P,2000-04-20,78410,5,13.66,7.47,,
420118,P,2000-08-22,53941,9,24.96,8.79,,
420119,P,2001-01-08,8307,7,55.45,9.80,,
420120,P,2000-06-15,14927,3,91.18,3.86,,
420121,P,2001-04-17,56305,4,84.07,5.78,,
420122,P,2000-11-27,10948,6,65.84,6.46,,
420123,P,2000-10-02,41204,7,1.48,3.50,,
420124,P,2000-01-04,26202,5,98.64,1.88,,
420125,P,2000-07-20,42849,1,32.75,9.86,,
420126,P,2001-06-05,78392,4,28.43,8.01,,
420127,P,2002-02-08,10186,6,42.06,3.91,,
420128,P,2000-07-25,99951,8,69.45,6.00,,
420129,P,2001-10-08,18724,2,34.05,0.23,,
420130,P,2000-02-01,83944,6,71.70,2.74,,
420131,P,2001-04-05,33662,3,30.33,4.17,,
420132,P,2002-05-25,93440,6,11.69,2.50,,
420133,P,2002-04-13,63003,1,59.54,5.75,,
420134,P,2000-07-27,71199,7,41.30,8.52,,
420135,P,2001-04-10,57205,6,32.30,8.90,,
420136,P,2002-05-22,901,10,93.96,7.08,,
420137,P,2001-12-26,77800,5,70.46,7.84,,
420138,P,2002-03-08,25191,4,80.38,4.62,,
420139,P,2002-06-02,88828,10,90.15,0.82,,
420140,P,2002-07-20,28102,8,75.78,3.15,,
420141,P,2001-08-21,54054,8,64.89,6.07,,
420142,P,2000-11-29,96001,2,66.03,3.99,,
420143,P,2000-08-15,99925,5,69.63,8.95,,
420144,P,2002-06-21,66239,4,99.34,9.04,,
420145,P,2001-05-23,13281,8,64.29,4.21,,
420146,P,2002-04-14,97472,7,19.62,7.81,,
420147,P,2001-10-24,38211,7,9.99,8.65,,
420148,P,2001-11-28,9092,6,85.99,6.94,,
420149,P,2001-06-15,98830,2,46.88,2.48,,
420150,P,2001-03-13,18542,5,41.66,7.73,,
420151,P,2002-03-28,89327,8,5.40,5.36,,
420152,P,2001-12-05,30677,8,21.51,4.11,,
420153,P,2001-09-08,59975,6,50.85,5.27,,
420154,P,2001-06-14,45681,7,96.52,4.77,,
420155,P,2001-11-27,44792,6,19.54,2.62,,
420156,P,2000-02-29,19374,4,66.26,6.56,,
420157,P,2000-10-26,46581,1,37.88,1.02,,
420158,P,2002-04-12,50603,9,29.32,4.67,,
420159,P,2002-01-07,85036,5,26.81,6.75,,
420160,P,2001-11-13,24030,5,85.81,7.19,,
420161,P,2000-01-16,96307,1,82.71,8.41,,
420162,P,2000-07-27,79040,1,86.49,0.55,,
420163,P,2002-09-24,85833,2,96.11,2.54,,
420164,P,2002-04-05,66464,8,32.67,4.63,,
420165,P,2000-09-14,63935,8,15.27,9.35,,
420166,P,2001-02-16,67511,6,58.46,4.69,,
420167,P,2000-09-07,2894,8,95.41,2.86,,
420168,P,2002-02-13,37124,4,38.74,2.01,,
420169,P,2001-12-08,86538,2,77.76,6.53,,
420170,P,2002-08-01,24086,7,94.17,8.30,,
420171,P,2001-08-04,70272,1,27.62,0.01,,
420172,P,2001-01-17,52758,2,71.69,2.44,,
420173,P,2001-08-11,81328,1,15.34,4.17,,
420174,P,2000-08-13,23367,2,83.12,3.19,,
420175,P,2000-01-05,73779,1,43.78,7.50,,
420176,P,2000-03-18,24241,8,0.01,0.66,,
420177,P,2001-01-27,9398,7,17.35,4.87,,
420178,P,2001-02-15,69877,2,0.33,9.37,,
420179,P,2000-09-10,50334,2,1.96,3.29,,
420180,P,2000-11-20,56442,3,10.83,5.55,,
420181,P,2000-12-17,13499,5,6.88,9.14,,
420182,P,2002-07-13,23738,3,74.14,8.94,,
420183,P,2002-03-13,48360,1,40.78,0.87,,
420184,P,2001-11-12,44562,8,80.00,8.88,,
420185,P,2000-02-26,57726,1,84.21,2.06,,
420186,P,2001-03-02,19552,2,72.57,0.06,,
420187,P,2000-03-07,27559,10,86.35,7.89,,
420188,P,2000-03-19,76035,4,25.35,3.46,,
420189,P,2000-09-29,14485,8,87.53,2.05,,
420190,P,2001-09-01,70337,9,30.07,1.82,,
420191,P,2000-12-31,22450,4,54.96,9.86,,
420192,P,2001-05-22,26496,3,93.10,8.60,,
420193,P,2001-11-11,45622,2,28.23,1.13,,
420194,P,2000-03-05,39749,4,79.65,6.05,,
420195,P,2001-01-16,1054,1,91.32,4.58,,
420196,P,2000-03-23,92347,2,65.68,0.51,,
420197,P,2002-03-09,12070,2,60.87,1.97,,
420198,P,2000-12-21,30964,8,38.13,2.38,,
420199,P,2002-02-15,69988,3,43.77,3.13,,
420200,P,2001-01-31,27470,4,48.02,6.15,,
420201,P,2001-12-08,50458,6,51.90,8.01,,
420202,P,2000-12-29,5532,10,28.11,2.17,,
420203,P,2000-01-16,34546,2,6.29,2.08,,
420204,P,2000-10-12,64834,7,21.98,5.60,,
420205,P,2000-02-05,13135,6,57.18,4.85,,
420206,P,2000-01-21,61557,2,74.11,5.91,,
420207,P,2000-04-14,65056,1,85.23,2.70,,
420208,P,2001-09-16,27386,2,70.83,2.21,,
420209,P,2002-07-05,60158,10,72.50,7.05,,
420210,P,2000-10-28,64782,1,14.01,4.07,,
420211,P,2001-02-01,86839,6,38.98,2.19,,
420212,P,2000-05-29,72325,4,23.93,0.28,,
420213,P,2002-02-22,57245,5,6.19,9.63,,
420214,P,2002-01-06,30342,7,28.05,9.77,,
420215,P,2002-03-06,40546,9,29.12,3.58,,
420216,P,2001-07-13,21631,4,67.28,0.18,,
420217,P,2002-08-28,51912,6,66.14,9.01,,
420218,P,2001-05-27,58477,9,26.04,1.00,,
420219,P,2002-05-05,58536,3,63.97,2.88,,
420220,P,2000-03-08,6405,1,0.37,0.95,,
420221,P,2000-01-25,74334,5,90.80,8.78,,
420222,P,2000-10-04,85449,8,16.38,4.45,,
420223,P,2001-01-31,4286,2,19.11,6.25,,
420224,P,2002-03-15,83710,3,82.86,1.15,,
420225,P,2002-08-07,66139,8,25.37,2.78,,
420226,P,2002-08-09,67299,10,48.31,0.18,,
420227,P,2001-12-11,16723,6,34.17,7.26,,
420228,P,2001-03-08,6418,9,88.29,9.74,,
420229,P,2001-04-28,90653,4,13.46,0.93,,
420230,P,2000-01-04,93967,8,91.84,7.87,,
420231,P,2000-11-19,80224,7,90.56,0.19,,
420232,P,2000-10-30,33161,10,97.84,1.07,,
420233,P,2000-05-26,19283,2,6.66,8.89,,
420234,P,2001-10-03,81424,9,96.03,2.99,,
420235,P,2001-09-17,138,8,84.54,3.41,,
420236,P,2002-04-03,5444,6,58.06,0.77,,
420237,P,2001-11-26,82908,5,66.07,2.83,,
420238,P,2001-10-07,27271,5,99.36,0.11,,
420239,P,2001-04-29,53248,5,71.10,6.12,,
420240,P,2002-05-08,7914,10,18.47,8.04,,
420241,P,2002-07-30,65122,8,28.45,5.98,,
420242,P,2002-07-22,50423,3,99.66,2.66,,
420243,P,2000-05-24,54337,7,36.55,2.38,,
420244,P,2002-04-01,46887,8,72.10,3.10,,
420245,P,2002-07-30,43589,7,99.25,8.36,,
420246,P,2001-01-12,65543,6,72.85,6.88,,
420247,P,2002-04-20,48417,9,24.76,9.64,,
420248,P,2000-08-19,76409,8,20.38,2.54,,
420249,P,2000-08-03,30140,2,99.46,9.51,,
420250,P,2001-11-02,29543,7,71.14,5.95,,
420251,P,2002-02-23,36648,6,93.98,9.62,,
420252,P,2002-02-13,35538,7,35.99,0.92,,
420253,P,2002-05-19,10025,9,35.50,6.98,,
420254,P,2002-08-23,86201,3,29.19,2.23,,
420255,P,2001-04-20,92870,3,4.63,9.92,,
420256,P,2001-05-13,81641,8,56.89,7.64,,
420257,P,2000-08-05,23535,5,18.68,1.72,,
420258,P,2002-07-28,32807,9,40.72,9.23,,
420259,P,2000-10-21,29391,5,91.64,0.10,,
420260,P,2001-10-17,72734,4,86.37,6.36,,
420261,P,2001-06-12,88016,5,49.49,8.37,,
420262,P,2001-07-19,3576,4,77.27,6.03,,
420263,P,2002-01-31,81363,7,85.76,7.01,,
420264,P,2000-01-06,56200,6,65.02,4.10,,
420265,P,2000-12-28,73446,2,33.23,9.47,,
420266,P,2002-06-16,19891,1,43.54,8.41,,
420267,P,2000-03-12,64832,6,29.83,8.39,,
420268,P,2000-01-13,23424,9,90.52,4.50,,
420269,P,2000-10-24,92747,6,3.32,7.91,,
420270,P,2002-02-18,97316,3,86.98,9.41,,
420271,P,2000-11-29,63958,2,87.82,5.82,,
420272,P,2000-03-02,45824,5,22.65,6.01,,
420273,P,2002-05-06,18970,9,79.83,5.69,,
420274,P,2000-06-25,11401,3,93.94,5.97,,
420275,P,2001-10-10,66923,2,26.10,9.49,,
420276,P,2001-10-29,45679,7,78.82,1.50,,
420277,P,2001-10-14,4677,1,29.83,5.47,,
420278,P,2001-02-13,35088,9,15.29,5.24,,
420279,P,2001-11-27,60897,7,82.23,3.32,,
420280,P,2002-04-26,44651,5,26.38,4.87,,
420281,P,2001-03-15,17130,3,0.43,4.39,,
420282,P,2002-06-05,53634,9,85.76,5.55,,
420283,P,2002-08-03,64272,3,41.57,7.30,,
420284,P,2001-08-29,95837,9,90.10,7.97,,
420285,P,2000-07-26,4462,4,77.82,5.16,,
420286,P,2001-04-18,43555,9,38.24,3.19,,
420287,P,2001-07-14,99590,7,72.83,5.76,,
420288,P,2001-06-09,65565,10,41.08,1.12,,
420289,P,2000-03-04,98252,1,85.71,7.19,,
420290,P,2000-12-09,83842,6,67.09,1.44,,
420291,P,2001-07-09,18369,6,75.21,7.15,,
420292,P,2000-12-11,13424,2,44.04,7.76,,
420293,P,2001-01-10,12375,8,98.58,1.72,,
420294,P,2000-12-08,62034,3,29.28,3.98,,
420295,P,2000-02-06,61520,1,8.58,5.66,,
420296,P,2002-02-10,43065,4,20.60,3.63,,
420297,P,2000-04-26,9674,3,58.53,0.12,,
420298,P,2002-05-10,74955,6,2.01,2.82,,
420299,P,2002-06-30,43385,2,15.49,4.91,,
420300,P,2001-03-27,61640,4,26.16,8.05,,
420301,P,2000-05-28,75006,3,10.74,3.93,,
420302,P,2000-06-26,68686,5,20.49,1.30,,
420303,P,2000-03-18,66069,1,70.08,3.37,,
420304,P,2000-09-06,63740,3,17.23,0.32,,
420305,P,2000-03-15,85526,4,8.89,5.31,,
420306,P,2000-01-13,98221,1,41.53,1.21,,
420307,P,2002-02-12,77724,10,41.99,4.24,,
420308,P,2001-01-13,67501,7,20.88,6.91,,
420309,P,2002-05-20,88720,7,62.88,3.31,,
420310,P,2000-11-29,23466,2,61.05,4.81,,
420311,P,2001-10-06,71196,10,34.21,4.34,,
420312,P,2000-08-10,63699,6,55.58,9.58,,
420313,P,2002-05-29,47086,7,42.45,2.16,,
420314,P,2002-04-06,76512,5,59.64,2.97,,
420315,P,2000-04-19,3719,8,62.75,1.80,,
420316,P,2000-05-11,57984,5,44.83,5.73,,
420317,P,2001-06-25,80044,5,33.53,2.05,,
420318,P,2000-07-16,59775,8,64.44,3.01,,
420319,P,2002-03-12,50163,5,81.58,8.88,,
420320,P,2001-07-12,2928,9,95.48,0.10,,
420321,P,2001-08-21,38403,1,88.52,2.73,,
420322,P,2000-09-29,13897,6,41.09,8.76,,
420323,P,2002-02-05,75425,4,61.56,2.58,,
420324,P,2001-07-10,78127,1,95.24,8.70,,
420325,P,2001-10-25,88217,10,15.22,2.09,,
420326,P,2000-12-23,43077,10,87.23,4.55,,
420327,P,2000-05-30,38685,1,98.20,1.72,,
420328,P,2002-08-08,38680,2,44.71,1.83,,
420329,P,2000-01-17,40280,3,60.05,7.39,,
420330,P,2002-01-21,57910,8,42.51,1.92,,
420331,P,2000-07-19,41696,4,92.46,2.93,,
420332,P,2002-05-08,62908,6,10.56,2.53,,
420333,P,2001-08-31,9609,2,81.91,4.77,,
420334,P,2001-07-13,42906,6,87.19,0.65,,
420335,P,2000-02-22,99723,7,52.83,4.10,,
420336,P,2000-04-05,96678,10,21.03,3.95,,
420337,P,2000-09-06,69319,9,10.42,1.08,,
420338,P,2002-08-29,82531,1,76.02,9.04,,
420339,P,2000-02-29,70648,1,70.96,4.50,,
420340,P,2002-02-28,63425,2,19.40,3.97,,
420341,P,2001-08-22,37371,3,87.29,4.05,,
420342,P,2002-09-03,54370,3,34.99,4.37,,
420343,P,2002-05-26,44720,3,98.57,8.42,,
420344,P,2002-05-03,52143,8,19.40,1.96,,
420345,P,2002-03-15,23577,4,13.73,8.76,,
420346,P,2001-09-13,52409,3,57.08,5.85,,
420347,P,2001-03-02,81240,9,79.45,6.94,,
420348,P,2000-02-22,74252,5,77.68,2.58,,
420349,P,2000-01-02,69741,4,26.37,1.48,,
420350,P,2001-06-05,32368,10,99.30,2.31,,
420351,P,2002-01-15,62148,2,28.35,1.88,,
420352,P,2000-06-19,44341,2,50.50,6.95,,
420353,P,2000-05-28,67041,8,74.03,3.00,,
420354,P,2000-09-27,49754,2,49.22,1.37,,
420355,P,2001-09-23,42823,10,67.25,4.47,,
420356,P,2000-04-05,14755,4,5.52,3.81,,
420357,P,2001-07-09,59335,7,81.56,4.72,,
420358,P,2002-03-29,96269,8,1.24,0.93,,
420359,P,2000-01-16,9279,8,26.68,4.72,,
420360,P,2000-01-01,78013,6,80.65,5.10,,
420361,P,2001-09-21,30895,2,59.89,1.17,,
420362,P,2000-08-18,30656,6,14.03,4.36,,
420363,P,2001-12-06,66642,9,19.63,6.40,,
420364,P,2001-09-17,62831,8,98.67,9.75,,
420365,P,2000-09-01,39122,5,15.40,5.24,,
420366,P,2001-10-13,10612,8,5.05,1.20,,
420367,P,2002-06-28,54819,10,34.64,8.97,,
420368,P,2001-09-01,66806,10,15.14,6.56,,
420369,P,2000-05-10,18619,8,35.45,9.54,,
420370,P,2001-06-16,88991,5,75.71,5.51,,
420371,P,2000-09-09,60091,2,76.20,5.50,,
420372,P,2001-07-02,82634,6,24.35,9.64,,
420373,P,2002-01-01,62889,10,36.91,6.36,,
420374,P,2002-07-01,25297,9,14.06,5.33,,
420375,P,2001-01-30,23198,3,60.99,5.28,,
420376,P,2001-02-26,74995,2,86.58,8.32,,
420377,P,2001-11-27,81624,5,85.67,1.08,,
420378,P,2000-01-12,44862,8,2.24,0.32,,
420379,P,2001-10-15,4100,5,0.97,5.91,,
420380,P,2001-12-18,42862,2,52.48,6.37,,
420381,P,2001-03-08,97695,1,20.23,0.44,,
420382,P,2001-04-10,63754,7,59.01,3.60,,
420383,P,2001-01-28,26509,2,89.50,1.37,,
420384,P,2000-08-16,22652,1,52.91,8.70,,
420385,P,2001-07-26,37281,8,49.63,0.65,,
420386,P,2001-11-15,25929,4,43.74,0.25,,
420387,P,2000-02-08,83990,1,66.17,1.86,,
420388,P,2001-06-11,69836,9,24.96,6.56,,
420389,P,2001-12-08,75428,4,49.47,9.50,,
420390,P,2002-04-13,14580,2,45.27,2.86,,
420391,P,2001-05-01,81042,3,61.10,3.40,,
420392,P,2001-11-16,30717,9,62.89,0.63,,
420393,P,2000-06-23,976,4,1.36,2.62,,
420394,P,2002-02-28,15663,1,87.61,7.99,,
420395,P,2001-03-05,53069,4,38.20,9.43,,
420396,P,2001-02-03,77468,5,67.15,6.11,,
420397,P,2000-11-30,26248,8,21.14,9.98,,
420398,P,2001-08-17,60940,6,10.88,0.63,,
420399,P,2001-03-13,56223,8,95.66,6.43,,
420400,P,2000-04-03,13381,10,54.82,9.22,,
420401,P,2000-04-09,10423,9,7.01,9.81,,
420402,P,2001-12-15,76092,10,53.14,5.78,,
420403,P,2001-11-12,19700,10,11.95,5.36,,
420404,P,2002-05-24,74829,7,37.74,6.67,,
420405,P,2002-03-09,80957,6,0.53,6.83,,
420406,P,2001-10-29,55551,5,31.17,0.99,,
420407,P,2002-09-03,62300,6,90.26,6.50,,
420408,P,2002-04-15,41863,10,96.95,5.70,,
420409,P,2001-11-26,55124,5,25.71,8.51,,
420410,P,2002-05-07,69475,4,33.51,6.84,,
420411,P,2001-12-26,64356,4,29.96,4.85,,
420412,P,2000-09-14,44456,8,83.70,4.85,,
420413,P,2001-01-23,21034,2,83.39,0.82,,
420414,P,2000-05-08,43027,1,50.14,9.58,,
420415,P,2000-10-27,60831,5,81.37,6.46,,
420416,P,2002-07-08,55775,6,47.30,0.22,,
420417,P,2002-01-01,79619,1,73.28,9.63,,
420418,P,2001-08-21,22778,5,21.16,5.47,,
420419,P,2000-02-05,19948,3,93.35,8.90,,
420420,P,2002-02-01,92310,4,97.22,9.30,,
420421,P,2001-11-04,27295,4,33.91,0.54,,
420422,P,2002-07-06,93707,8,30.48,6.22,,
420423,P,2002-01-31,27906,10,73.69,9.30,,
420424,P,2000-11-09,93807,4,50.45,6.95,,
420425,P,2001-09-11,53105,4,4.60,7.93,,
420426,P,2000-11-29,57003,4,97.96,6.83,,
420427,P,2001-04-14,95974,9,85.08,2.61,,
420428,P,2000-09-24,19351,3,48.64,6.56,,
420429,P,2000-03-25,99672,9,94.07,5.94,,
420430,P,2001-01-29,36269,5,25.22,2.35,,
420431,P,2001-05-08,7969,4,87.03,3.73,,
420432,P,2001-04-20,2266,3,57.00,6.43,,
420433,P,2000-11-14,32542,6,75.28,7.39,,
420434,P,2000-06-30,60312,10,72.35,2.04,,
420435,P,2001-03-16,3288,9,5.14,6.94,,
420436,P,2001-09-12,93542,5,20.76,4.01,,
420437,P,2000-06-14,41824,3,22.80,1.15,,
420438,P,2002-06-07,78890,8,52.95,4.51,,
420439,P,2001-07-15,30106,3,94.89,8.70,,
420440,P,2001-02-03,4408,10,35.45,7.56,,
420441,P,2001-10-06,39649,7,16.55,2.67,,
420442,P,2002-03-06,83322,6,82.98,3.27,,
420443,P,2002-06-17,87229,6,48.88,8.90,,
420444,P,2001-01-09,87288,2,99.06,0.35,,
420445,P,2001-10-15,64355,4,30.79,7.82,,
420446,P,2002-09-11,94859,9,82.91,2.70,,
420447,P,2000-11-18,2335,8,96.15,8.38,,
420448,P,2000-01-10,28550,10,90.82,5.87,,
420449,P,2000-06-24,71742,9,68.11,6.82,,
420450,P,2000-07-17,77106,7,23.25,9.20,,
420451,P,2001-04-22,71271,6,30.65,2.62,,
420452,P,2002-03-28,81106,10,64.60,1.65,,
420453,P,2000-07-22,47565,8,2.47,0.24,,
420454,P,2001-11-11,89207,7,57.48,8.34,,
420455,P,2001-04-17,32998,3,60.03,7.93,,
420456,P,2000-01-25,51954,7,78.19,1.76,,
420457,P,2002-08-26,41200,2,2.10,3.42,,
420458,P,2002-05-19,70244,1,58.04,9.19,,
420459,P,2000-02-13,33662,6,58.15,2.92,,
420460,P,2000-08-30,68075,2,35.78,6.78,,
420461,P,2001-02-10,55094,7,60.25,4.27,,
420462,P,2002-01-15,52240,9,59.52,1.39,,
420463,P,2000-11-08,77308,4,87.34,1.62,,
420464,P,2000-12-02,19854,8,51.80,8.26,,
420465,P,2001-11-07,63923,3,64.80,2.64,,
