369161,P,2001-10-10,49483,7,5.34,7.12,,
369162,P,2000-07-15,36485,1,56.14,2.04,,
369163,P,2000-12-30,16999,4,75.84,3.48,,
369164,P,2001-04-19,83630,4,61.06,7.66,,
369165,P,2000-01-02,64351,9,93.17,0.39,,
369166,P,2000-09-07,98911,8,48.81,5.91,,
369167,P,2000-03-15,72670,8,0.43,3.52,,
369168,P,2000-12-08,15939,9,81.77,1.68,,
369169,P,2001-04-04,51685,2,38.01,8.14,,
369170,P,2001-02-04,25893,8,36.20,1.39,,
369171,P,2000-12-12,52731,4,19.01,5.22,,
369172,P,2000-12-12,89150,7,87.44,9.29,,
369173,P,2000-02-10,89304,2,17.22,6.30,,
369174,P,2002-04-04,29792,10,51.90,2.74,,
369175,P,2000-03-06,92921,6,74.62,5.62,,
369176,P,2001-11-09,37834,6,84.58,3.20,,
369177,P,2002-02-12,13165,7,45.13,7.08,,
369178,P,2000-10-23,92897,7,3.57,5.54,,
369179,P,2002-02-12,71008,10,75.14,3.17,,
369180,P,2002-07-11,24918,10,16.24,9.07,,
369181,P,2000-07-22,63824,9,4.01,8.07,,
369182,P,2002-05-07,40829,8,23.34,4.56,,
369183,P,2002-08-18,20742,2,70.65,7.90,,
369184,P,2001-08-29,30384,3,55.10,2.01,,
369185,P,2000-03-15,83587,4,94.21,3.40,,
369186,P,2000-07-12,11083,5,83.47,9.07,,
369187,P,2000-10-15,95985,7,70.13,6.42,,
369188,P,2002-05-01,98574,4,17.59,9.84,,
369189,P,2000-03-21,57673,6,3.29,0.45,,
369190,P,2001-12-06,17053,5,1.58,9.47,,
369191,P,2002-08-19,70178,4,96.03,2.43,,
369192,P,2000-01-20,51627,10,12.54,2.24,,
369193,P,2001-06-06,1860,8,9.21,8.68,,
369194,P,2000-10-21,82811,7,97.58,9.79,,
369195,P,2001-10-10,7886,3,22.99,7.20,,
369196,P,2002-09-21,31045,9,59.93,1.64,,
369197,P,2002-02-12,21862,9,11.76,9.04,,
369198,P,2002-08-19,21347,10,49.32,3.47,,
369199,P,2000-01-22,65634,6,73.68,8.35,,
369200,P,2001-04-11,19972,5,41.01,8.96,,
369201,P,2000-09-10,36196,7,30.93,3.30,,
369202,P,2002-03-24,56798,9,97.83,6.37,,
369203,P,2002-04-01,64527,4,75.44,3.01,,
369204,P,2000-03-19,62665,3,15.10,5.74,,
369205,P,2002-07-17,3865,1,99.64,9.18,,
369206,P,2000-05-10,24497,6,43.00,8.89,,
369207,P,2002-03-08,96225,9,66.17,4.79,,
369208,P,2001-12-14,26715,1,9.88,7.93,,
369209,P,2002-07-31,46295,5,7.67,3.88,,
369210,P,2002-04-11,95049,6,17.52,7.62,,
369211,P,2002-05-06,70637,1,86.55,5.40,,
369212,P,2000-09-01,81447,8,99.66,0.58,,
369213,P,2002-09-11,38417,8,89.68,5.11,,
369214,P,2001-01-15,78799,1,35.62,1.55,,
369215,P,2002-02-08,15279,7,93.64,9.80,,
369216,P,2000-08-29,67479,1,28.82,7.68,,
369217,P,2001-11-20,77948,7,47.50,5.75,,
369218,P,2001-02-20,72541,5,32.56,4.31,,
369219,P,2001-07-22,78527,4,33.01,8.32,,
369220,P,2001-11-09,4083,1,45.38,6.52,,
369221,P,2002-06-03,12063,9,59.29,8.45,,
369222,P,2000-07-04,52734,5,88.64,3.97,,
369223,P,2002-04-23,77360,2,0.10,4.98,,
369224,P,2002-06-17,88882,4,86.19,5.74,,
369225,P,2000-07-08,13198,9,33.78,9.65,,
369226,P,2000-07-28,44718,5,3.28,4.16,,
369227,P,2001-07-30,55566,9,39.32,3.98,,
369228,P,2001-06-22,16212,9,71.47,1.36,,
369229,P,2001-01-15,3339,3,88.88,8.93,,
369230,P,2002-07-03,66926,1,94.07,8.93,,
369231,P,2002-08-16,21008,3,65.16,4.32,,
369232,P,2000-10-05,30297,8,29.19,0.81,,
369233,P,2000-02-10,678,6,16.99,3.98,,
369234,P,2002-01-20,97697,1,55.08,9.63,,
369235,P,2001-02-19,31954,9,64.20,7.10,,
369236,P,2001-07-29,54834,3,96.88,4.02,,
369237,P,2002-03-13,56172,10,61.38,8.24,,
369238,P,2000-03-23,58187,10,97.78,0.33,,
369239,P,2001-02-09,63104,7,42.10,8.43,,
369240,P,2001-08-20,34202,6,89.46,9.21,,
369241,P,2000-02-09,40008,4,33.66,5.44,,
369242,P,2001-04-06,23858,3,9.95,7.96,,
369243,P,2000-06-01,51182,6,55.46,4.71,,
369244,P,2002-04-05,18798,4,60.93,0.40,,
369245,P,2002-05-11,54222,7,83.32,0.47,,
369246,P,2000-05-19,93913,5,59.95,5.33,,
369247,P,2001-09-07,99901,2,73.99,6.81,,
369248,P,2002-01-08,94905,10,24.01,1.63,,
369249,P,2000-07-04,52561,5,49.58,9.30,,
369250,P,2002-01-03,97221,1,34.97,3.66,,
369251,P,2000-12-30,5594,6,60.50,5.84,,
369252,P,2000-08-18,79068,1,78.93,8.73,,
369253,P,2000-08-13,97879,6,16.06,3.10,,
369254,P,2001-08-30,83588,9,32.86,7.53,,
369255,P,2002-07-17,75420,4,90.30,7.03,,
369256,P,2001-10-10,14876,5,55.18,8.90,,
369257,P,2001-07-11,33887,1,18.09,7.25,,
369258,P,2002-03-26,55624,9,62.06,0.52,,
369259,P,2000-03-17,75500,4,92.12,5.61,,
369260,P,2002-04-04,51075,10,80.54,1.62,,
369261,P,2002-02-04,27499,8,67.93,5.72,,
369262,P,2001-02-08,33667,6,33.68,5.29,,
369263,P,2001-02-11,29458,6,55.43,5.61,,
369264,P,2001-01-27,54720,8,12.38,8.48,,
369265,P,2002-02-02,60801,5,36.33,8.35,,
369266,P,2000-03-13,78682,4,41.32,5.37,,
369267,P,2001-06-02,83969,8,26.63,6.32,,
369268,P,2001-05-23,94926,2,22.88,5.11,,
369269,P,2002-04-09,58365,5,28.07,5.56,,
369270,P,2000-07-25,99384,8,56.53,3.62,,
369271,P,2001-10-30,84413,2,81.30,7.45,,
369272,P,2001-01-10,29294,3,8.04,6.74,,
369273,P,2000-01-15,88584,5,75.17,0.83,,
369274,P,2000-07-02,88755,4,46.15,2.94,,
369275,P,2000-09-01,56735,5,85.45,2.36,,
369276,P,2001-02-27,21144,8,92.10,6.74,,
369277,P,2001-08-24,46471,3,73.39,6.58,,
369278,P,2001-10-18,46213,8,45.63,5.67,,
369279,P,2000-09-18,85996,3,13.43,4.78,,
369280,P,2001-05-17,96019,3,83.02,3.06,,
369281,P,2002-04-06,7347,1,78.92,7.05,,
369282,P,2001-01-23,95300,8,89.16,7.67,,
369283,P,2001-12-29,41960,9,67.15,3.82,,
369284,P,2000-04-22,70052,1,82.81,5.37,,
369285,P,2001-08-13,30374,9,53.02,2.03,,
369286,P,2000-12-22,36079,6,5.38,2.75,,
369287,P,2001-01-28,31492,8,54.93,4.27,,
369288,P,2001-06-13,70150,6,0.95,8.02,,
369289,P,2002-04-22,60629,7,54.29,6.31,,
369290,P,2001-08-10,67595,1,92.09,7.81,,
369291,P,2000-12-09,78780,4,96.78,2.10,,
369292,P,2001-10-02,53455,10,57.43,1.48,,
369293,P,2002-04-04,37089,7,19.37,2.75,,
369294,P,2001-09-04,28426,2,20.82,7.95,,
369295,P,2000-01-30,62793,5,88.70,8.13,,
369296,P,2002-04-29,76098,9,46.01,7.67,,
369297,P,2001-12-13,72363,6,89.56,5.77,,
369298,P,2001-05-19,63709,7,69.09,5.10,,
369299,P,2000-07-10,353,8,72.17,2.58,,
369300,P,2000-07-31,93649,10,5.99,1.35,,
369301,P,2001-07-24,27514,7,4.96,7.54,,
369302,P,2001-07-26,60169,5,2.56,6.11,,
369303,P,2000-07-16,81286,6,41.58,5.60,,
369304,P,2000-10-10,27052,6,37.99,6.96,,
369305,P,2000-10-14,82525,10,44.24,4.38,,
369306,P,2001-08-14,15924,1,98.23,1.86,,
369307,P,2000-08-23,20741,5,89.06,0.11,,
369308,P,2000-07-24,12796,8,10.03,0.61,,
369309,P,2000-09-01,53437,7,6.96,4.87,,
369310,P,2002-09-14,89953,4,93.42,2.94,,
369311,P,2001-02-14,805,6,93.20,4.79,,
369312,P,2001-02-11,41658,4,11.19,9.30,,
369313,P,2001-03-16,28333,4,13.98,1.58,,
369314,P,2001-07-29,12754,6,95.21,1.45,,
369315,P,2000-06-20,26496,1,50.92,6.69,,
369316,P,2000-08-05,46777,10,29.23,1.70,,
369317,P,2000-02-18,61014,2,87.12,2.68,,
369318,P,2001-01-29,29507,6,15.32,9.47,,
369319,P,2002-02-24,59486,10,67.49,3.63,,
369320,P,2001-06-11,23642,7,48.14,4.10,,
369321,P,2000-01-09,91669,8,79.94,8.54,,
369322,P,2001-11-06,84427,4,1.10,6.05,,
369323,P,2001-09-03,13462,3,22.50,1.93,,
369324,P,2002-09-08,88854,2,35.58,0.05,,
369325,P,2002-04-23,92247,8,15.09,9.34,,
369326,P,2000-02-24,59675,7,10.96,9.73,,
369327,P,2001-04-20,93091,2,22.67,6.51,,
369328,P,2001-11-09,69366,2,53.09,0.00,,
369329,P,2002-02-08,55657,8,97.22,2.25,,
369330,P,2001-01-13,7487,7,52.62,2.25,,
369331,P,2001-08-22,9988,2,0.09,2.36,,
369332,P,2002-09-27,21740,6,97.88,2.13,,
369333,P,2000-07-12,81346,9,87.90,2.67,,
369334,P,2002-02-10,35379,10,13.38,1.16,,
369335,P,2000-10-03,9911,5,77.43,9.56,,
369336,P,2001-03-23,17210,7,57.03,6.00,,
369337,P,2001-12-01,50933,5,50.88,4.28,,
369338,P,2001-11-20,41534,2,52.47,2.71,,
369339,P,2000-06-07,56395,8,69.90,6.39,,
369340,P,2002-03-09,10743,10,69.09,4.70,,
369341,P,2000-12-03,70835,9,98.21,2.49,,
369342,P,2001-10-31,53862,5,55.61,5.45,,
369343,P,2000-03-08,5945,8,26.12,3.60,,
369344,P,2001-06-05,42036,6,18.97,5.09,,
369345,P,2000-02-05,6784,7,6.31,5.99,,
369346,P,2002-03-31,88428,3,69.97,2.77,,
369347,P,2000-12-16,96919,8,26.40,3.24,,
369348,P,2000-03-08,31076,7,0.20,1.83,,
369349,P,2000-09-29,58720,10,38.05,5.21,,
369350,P,2000-02-08,36365,9,89.85,1.08,,
369351,P,2001-10-28,40360,2,54.70,7.89,,
369352,P,2001-11-17,94231,5,49.32,0.63,,
369353,P,2002-07-28,86036,6,0.43,5.92,,
369354,P,2001-11-06,60822,8,48.79,0.42,,
369355,P,2001-06-11,65031,10,67.64,6.66,,
369356,P,2002-09-06,13077,4,95.34,9.34,,
369357,P,2000-05-12,88283,10,35.17,1.40,,
369358,P,2002-04-30,41612,6,37.36,3.54,,
369359,P,2002-03-31,97329,7,42.96,5.15,,
369360,P,2000-01-05,67018,8,58.15,5.74,,
369361,P,2000-06-10,92273,2,6.20,8.74,,
369362,P,2001-09-27,97194,8,54.55,7.21,,
369363,P,2002-09-02,74862,6,74.15,6.07,,
369364,P,2000-06-17,60357,3,90.25,6.10,,
369365,P,2000-04-28,95438,8,1.92,4.09,,
369366,P,2000-09-19,30037,5,23.33,4.41,,
369367,P,2000-01-09,77256,10,13.52,4.00,,
369368,P,2000-09-01,69222,1,10.47,7.90,,
369369,P,2001-03-05,57683,2,8.76,8.60,,
369370,P,2000-07-26,70605,10,39.19,0.68,,
369371,P,2000-11-27,3002,3,86.80,9.04,,
369372,P,2000-08-07,88499,6,75.65,5.42,,
369373,P,2002-05-28,92486,3,27.64,8.52,,
369374,P,2002-09-13,40765,5,12.41,7.73,,
369375,P,2002-06-03,8359,3,87.29,8.25,,
369376,P,2000-05-13,58308,9,28.85,3.80,,
369377,P,2000-10-14,2350,6,74.73,8.99,,
369378,P,2000-02-06,63100,2,81.73,6.85,,
369379,P,2000-11-12,73499,3,70.30,4.52,,
369380,P,2002-07-21,36875,6,4.50,8.02,,
369381,P,2002-05-23,72718,3,49.25,8.70,,
369382,P,2000-11-01,22650,9,78.37,3.58,,
369383,P,2001-10-28,18738,4,43.36,5.94,,
369384,P,2001-06-02,77468,6,27.13,4.85,,
369385,P,2000-11-25,30265,6,15.84,3.02,,
369386,P,2000-08-26,29876,6,75.07,0.46,,
369387,P,2001-05-02,34080,3,49.42,8.21,,
369388,P,2000-11-11,6614,10,12.37,5.21,,
369389,P,2002-08-20,7970,1,61.47,6.09,,
369390,P,2001-07-08,87820,4,52.14,9.13,,
369391,P,2002-03-31,54719,8,60.27,6.96,,
369392,P,2000-08-23,27122,10,92.90,8.35,,
369393,P,2001-12-30,39035,10,87.69,8.93,,
369394,P,2000-04-14,7820,10,50.66,0.39,,
369395,P,2002-08-24,97001,9,13.49,8.41,,
369396,P,2000-07-24,36155,7,24.31,9.21,,
369397,P,2000-06-17,28746,1,35.12,4.91,,
369398,P,2001-05-29,65701,1,27.10,3.50,,
369399,P,2000-10-25,80445,3,96.51,0.12,,
369400,P,2002-01-03,39616,1,84.54,5.16,,
369401,P,2001-01-15,82377,2,84.21,2.71,,
369402,P,2002-06-04,79660,10,90.49,7.02,,
369403,P,2001-11-22,98149,5,88.97,8.37,,
369404,P,2002-08-28,78535,6,59.64,5.70,,
369405,P,2002-01-27,451,4,46.77,5.88,,
369406,P,2002-06-11,53019,6,44.15,0.78,,
369407,P,2000-06-09,59303,7,62.53,4.81,,
369408,P,2000-06-24,99297,7,28.58,5.80,,
369409,P,2002-03-29,87896,10,22.51,4.79,,
369410,P,2002-05-14,82471,4,31.20,6.47,,
369411,P,2002-03-21,33766,2,6.97,3.84,,
369412,P,2002-06-04,69955,7,95.65,3.82,,
369413,P,2002-03-17,66239,8,14.54,1.89,,
369414,P,2002-02-20,26031,6,46.11,5.06,,
369415,P,2001-08-05,64982,8,92.73,2.48,,
369416,P,2002-08-09,85592,3,95.24,0.53,,
369417,P,2000-05-09,27111,2,72.90,4.01,,
369418,P,2000-03-26,797,7,68.82,4.62,,
369419,P,2002-05-18,81352,5,25.18,9.58,,
369420,P,2001-08-04,28819,7,34.63,7.78,,
369421,P,2000-08-24,3628,3,91.73,3.58,,
369422,P,2001-07-30,21603,9,21.31,4.45,,
369423,P,2001-12-07,25732,8,10.23,0.57,,
369424,P,2001-10-24,89461,10,91.25,0.80,,
369425,P,2001-02-14,53302,4,8.50,6.26,,
369426,P,2000-02-27,69608,1,78.72,8.78,,
369427,P,2001-08-16,37026,8,2.56,9.68,,
369428,P,2000-06-05,92178,4,12.05,2.26,,
369429,P,2000-12-22,31952,8,99.13,2.64,,
369430,P,2000-04-18,24602,3,81.48,2.85,,
369431,P,2000-07-05,62954,5,36.77,2.43,,
369432,P,2000-02-06,42593,2,28.28,7.37,,
369433,P,2000-03-08,27100,6,36.35,7.33,,
369434,P,2000-03-28,60455,1,97.71,6.98,,
369435,P,2001-01-03,51872,7,12.66,5.90,,
369436,P,2000-07-02,72193,4,57.99,3.97,,
369437,P,2001-05-19,96475,4,69.14,7.24,,
369438,P,2001-10-06,12146,10,70.70,8.92,,
369439,P,2001-09-06,88415,5,31.17,7.02,,
369440,P,2000-12-21,41061,5,66.87,6.67,,
369441,P,2001-12-02,56075,3,92.87,7.17,,
369442,P,2002-01-24,53959,10,12.01,4.90,,
369443,P,2000-03-24,7585,7,48.08,8.25,,
369444,P,2000-08-11,52845,3,24.20,2.46,,
369445,P,2001-08-26,58827,10,38.06,6.78,,
369446,P,2001-02-16,45890,2,95.93,0.35,,
369447,P,2000-07-11,27324,4,77.95,9.82,,
369448,P,2001-07-24,26495,3,65.60,8.83,,
369449,P,2001-02-16,81822,4,27.49,3.23,,
369450,P,2001-12-21,29543,10,19.71,4.74,,
369451,P,2000-01-09,19603,9,13.53,6.67,,
369452,P,2001-12-19,59818,9,88.06,7.30,,
369453,P,2000-08-04,60118,10,69.22,4.93,,
369454,P,2000-07-27,61389,6,54.66,8.47,,
369455,P,2000-01-25,51059,8,76.98,6.65,,
369456,P,2001-01-03,26403,2,73.07,8.36,,
369457,P,2002-09-06,35017,9,29.23,6.07,,
369458,P,2001-10-20,74588,3,70.71,9.89,,
369459,P,2002-08-24,4243,4,44.05,9.98,,
369460,P,2001-11-30,30750,1,89.70,6.12,,
369461,P,2001-06-27,14656,4,69.95,5.08,,
369462,P,2001-12-23,9470,4,19.60,7.39,,
369463,P,2002-06-03,90447,10,26.93,4.04,,
369464,P,2002-07-06,63337,2,2.85,3.38,,
369465,P,2000-04-28,98998,10,18.72,4.97,,
369466,P,2000-11-27,72900,9,30.13,5.48,,
369467,P,2001-11-30,11814,8,21.59,5.32,,
369468,P,2000-08-23,92822,5,64.44,8.81,,
369469,P,2000-02-03,78707,10,28.35,8.45,,
369470,P,2000-02-19,82287,1,31.01,6.19,,
369471,P,2001-02-17,13457,4,30.99,4.58,,
369472,P,2001-06-23,28051,2,79.28,0.44,,
369473,P,2002-04-19,4885,2,78.48,7.84,,
369474,P,2002-06-22,69976,7,35.65,8.74,,
369475,P,2000-05-27,7926,9,70.11,8.99,,
369476,P,2001-06-13,94968,1,40.31,1.49,,
369477,P,2000-03-13,3783,5,55.82,7.29,,
369478,P,2001-08-14,8179,6,26.64,2.39,,
369479,P,2002-06-19,16030,2,6.85,7.90,,
369480,P,2001-08-09,71900,6,99.96,3.77,,
369481,P,2001-02-05,57034,7,94.57,8.79,,
369482,P,2000-03-24,6490,9,12.21,5.39,,
369483,P,2002-03-28,39224,3,16.23,9.31,,
369484,P,2001-05-23,11695,10,72.22,3.55,,
369485,P,2000-09-15,43205,2,38.25,8.75,,
369486,P,2000-07-14,75174,9,6.35,6.72,,
369487,P,2000-10-08,31647,10,80.74,2.45,,
369488,P,2000-06-10,39315,10,26.93,3.13,,
369489,P,2002-08-16,82452,3,73.53,8.27,,
369490,P,2001-07-13,54705,2,86.76,8.19,,
369491,P,2001-02-26,72264,5,2.32,3.91,,
369492,P,2001-04-10,42687,1,66.21,6.76,,
369493,P,2002-06-30,89286,7,43.26,4.08,,
369494,P,2002-01-23,4861,10,82.12,3.53,,
369495,P,2001-09-24,43441,2,4.84,5.04,,
369496,P,2001-06-12,56859,6,35.03,1.27,,
369497,P,2000-02-15,16404,3,57.87,0.86,,
369498,P,2000-01-29,52736,1,93.10,5.61,,
369499,P,2000-09-02,11303,6,39.82,5.81,,
369500,P,2001-10-18,9564,9,7.07,5.86,,
369501,P,2001-12-27,92528,6,69.22,6.34,,
369502,P,2002-06-18,19260,5,41.17,2.54,,
369503,P,2002-07-19,92425,7,26.75,0.63,,
369504,P,2001-05-29,34307,6,24.46,4.23,,
369505,P,2002-05-29,886,5,86.17,6.60,,
369506,P,2000-01-13,23825,9,23.66,0.87,,
369507,P,2001-02-21,73324,1,42.99,8.18,,
369508,P,2000-05-12,20206,5,43.60,7.91,,
369509,P,2002-06-25,53868,8,47.10,3.07,,
369510,P,2002-06-28,61270,2,32.92,7.07,,
369511,P,2001-11-01,57225,9,8.63,1.39,,
369512,P,2000-09-08,38527,9,8.92,7.47,,
369513,P,2002-09-24,82841,9,75.94,0.05,,
369514,P,2001-01-15,8280,9,37.02,1.28,,
369515,P,2002-09-01,97243,9,7.33,6.11,,
369516,P,2001-03-06,82935,5,56.26,8.47,,
369517,P,2000-06-11,57205,5,41.12,4.53,,
369518,P,2000-04-28,19479,5,55.97,7.00,,
369519,P,2000-09-06,89881,2,56.45,7.32,,
369520,P,2000-07-21,79775,3,63.38,9.03,,
369521,P,2000-05-22,40344,2,35.62,8.19,,
369522,P,2001-03-30,89985,1,40.23,5.72,,
369523,P,2001-09-11,67846,7,16.17,3.22,,
369524,P,2000-05-05,59034,1,69.39,2.03,,
369525,P,2002-08-19,3706,7,38.41,2.80,,
369526,P,2001-09-16,78786,9,20.11,6.61,,
369527,P,2000-10-23,47384,1,65.59,9.72,,
369528,P,2001-01-08,74094,7,11.67,3.70,,
369529,P,2001-01-30,34814,4,0.21,5.09,,
369530,P,2002-03-16,67495,6,7.14,9.93,,
369531,P,2002-03-05,34658,7,91.83,9.74,,
369532,P,2002-02-26,87034,7,54.46,3.69,,
369533,P,2002-05-10,19638,8,27.23,0.07,,
369534,P,2001-11-14,32524,5,70.93,1.39,,
369535,P,2000-12-22,84027,3,10.65,5.19,,
369536,P,2002-03-26,79070,2,66.52,6.53,,
369537,P,2001-05-07,69900,9,23.63,5.28,,
369538,P,2001-12-03,88770,7,5.60,8.75,,
369539,P,2000-10-05,81536,2,64.45,2.11,,
369540,P,2002-05-05,68748,3,43.84,7.07,,
369541,P,2002-04-13,54715,7,86.92,3.77,,
369542,P,2001-07-11,48348,2,76.94,6.41,,
369543,P,2002-05-06,1480,6,51.74,8.06,,
369544,P,2001-06-20,18288,5,47.51,0.18,,
369545,P,2000-05-12,1327,4,52.67,5.46,,
369546,P,2001-09-20,14187,1,13.83,2.13,,
369547,P,2000-12-22,43821,9,93.84,4.30,,
369548,P,2000-01-07,40053,3,51.87,2.38,,
369549,P,2001-09-15,21206,8,84.30,9.79,,
369550,P,2002-07-03,84127,10,23.93,9.65,,
369551,P,2002-05-01,14128,5,84.40,4.79,,
369552,P,2001-03-04,22005,10,4.53,1.04,,
369553,P,2002-05-24,64544,5,93.87,7.08,,
369554,P,2002-06-18,22989,5,35.69,6.22,,
369555,P,2001-06-22,38232,6,49.82,3.91,,
369556,P,2001-09-23,40666,5,86.14,6.82,,
369557,P,2001-04-06,1968,1,98.47,0.61,,
369558,P,2002-08-16,23071,10,26.26,2.14,,
369559,P,2001-09-05,29733,6,7.12,3.31,,
369560,P,2000-02-23,23038,5,97.86,6.77,,
369561,P,2001-08-26,18922,6,79.75,3.19,,
369562,P,2002-08-18,78854,10,36.59,5.94,,
369563,P,2001-02-11,57983,4,20.84,3.83,,
369564,P,2002-01-04,15425,4,93.27,6.33,,
369565,P,2001-07-28,83089,4,25.54,1.86,,
369566,P,2000-03-22,75287,4,18.77,5.88,,
369567,P,2002-05-18,36598,8,61.81,2.49,,
369568,P,2001-07-01,98859,5,16.92,4.91,,
369569,P,2002-06-25,93999,4,50.80,9.38,,
369570,P,2002-03-30,24732,9,24.10,9.99,,
369571,P,2001-06-10,19097,5,9.73,5.42,,
369572,P,2001-09-25,39478,1,70.47,1.98,,
369573,P,2002-07-21,25920,6,31.29,8.12,,
369574,P,2002-02-01,41309,6,5.81,6.79,,
369575,P,2000-12-09,52148,9,23.14,3.88,,
369576,P,2000-02-01,87775,4,35.15,6.70,,
369577,P,2002-07-10,21369,9,26.88,1.96,,
369578,P,2002-04-29,63460,10,11.15,3.20,,
369579,P,2002-02-26,45874,6,21.01,9.99,,
369580,P,2001-07-18,16665,4,41.56,8.29,,
369581,P,2000-03-28,10289,1,38.33,7.25,,
369582,P,2002-04-09,969,4,83.09,7.77,,
369583,P,2001-01-24,90424,6,13.93,2.72,,
369584,P,2002-06-22,98574,5,11.22,0.17,,
369585,P,2001-04-04,29924,9,19.70,3.47,,
369586,P,2001-04-06,1601,5,40.93,1.82,,
369587,P,2000-05-14,95986,3,29.83,0.81,,
369588,P,2000-10-04,85673,4,59.00,4.68,,
369589,P,2001-05-04,93515,7,65.98,0.51,,
369590,P,2001-08-05,61799,5,9.55,3.62,,
369591,P,2001-06-22,20044,8,27.63,2.58,,
369592,P,2000-01-08,3410,10,85.06,0.74,,
369593,P,2000-12-16,50209,5,76.82,2.98,,
369594,P,2002-04-03,91335,4,69.10,2.36,,
369595,P,2001-04-07,336,10,12.77,2.91,,
369596,P,2000-05-20,34859,4,11.28,2.43,,
369597,P,2001-08-11,80267,10,6.20,7.79,,
369598,P,2002-07-18,59020,6,2.67,7.63,,
369599,P,2001-04-10,35501,7,48.12,3.09,,
369600,P,2002-05-21,68109,3,31.23,5.22,,
369601,P,2000-01-02,87729,10,39.01,1.92,,
369602,P,2001-03-25,66179,6,73.13,5.78,,
369603,P,2002-05-13,74921,9,87.87,3.17,,
369604,P,2002-09-11,21984,5,32.64,4.70,,
369605,P,2001-03-07,66675,4,63.45,3.88,,
369606,P,2002-07-16,33963,7,60.61,5.66,,
369607,P,2001-08-20,92776,1,30.80,2.32,,
369608,P,2000-04-28,72326,5,77.79,1.67,,
369609,P,2002-03-06,90812,1,7.04,8.48,,
369610,P,2002-06-15,78080,3,26.07,3.53,,
369611,P,2001-07-03,20897,9,91.41,1.52,,
369612,P,2002-06-02,85953,4,74.41,4.09,,
369613,P,2000-06-28,73817,1,62.46,2.34,,
369614,P,2001-03-27,45790,3,5.28,1.78,,
369615,P,2001-02-22,43017,2,50.18,9.83,,
369616,P,2002-03-26,76253,5,75.75,6.54,,
369617,P,2001-04-08,66726,6,87.50,5.00,,
369618,P,2002-03-08,92868,9,27.12,2.60,,
369619,P,2000-06-15,34239,4,43.74,9.88,,
369620,P,2001-11-07,57636,10,53.76,5.67,,
369621,P,2001-07-13,83728,2,22.77,6.15,,
369622,P,2002-08-17,68742,5,68.56,8.88,,
369623,P,2001-12-26,81470,1,86.21,8.02,,
369624,P,2000-09-18,3766,6,43.64,9.33,,
369625,P,2000-01-13,81327,10,92.56,5.33,,
369626,P,2002-02-06,10948,2,52.63,7.95,,
369627,P,2000-06-26,67417,1,75.06,8.46,,
369628,P,2002-01-15,65424,5,49.92,6.03,,
369629,P,2000-12-27,88173,2,78.03,1.45,,
369630,P,2001-12-15,18806,2,12.17,3.58,,
369631,P,2001-08-30,73237,1,21.20,7.98,,
369632,P,2001-04-11,79083,6,29.95,2.18,,
369633,P,2002-06-17,98874,9,2.44,2.95,,
369634,P,2000-08-13,69259,8,52.15,4.31,,
369635,P,2001-05-08,55387,9,75.03,0.76,,
369636,P,2002-08-02,71719,5,55.91,8.66,,
369637,P,2000-11-30,58041,2,16.00,0.95,,
369638,P,2002-05-22,27528,7,13.83,0.09,,
369639,P,2000-12-09,16232,10,73.20,5.08,,
369640,P,2001-06-06,55520,3,76.79,6.18,,
369641,P,2001-08-29,98990,8,24.81,9.59,,
369642,P,2002-08-10,41123,9,16.01,6.06,,
369643,P,2001-07-23,50348,2,25.84,5.87,,
369644,P,2000-09-11,66028,8,70.85,0.58,,
369645,P,2002-07-31,80028,6,63.17,6.09,,
369646,P,2000-06-07,87725,2,18.92,7.26,,
369647,P,2000-11-22,94121,7,20.26,1.67,,
369648,P,2001-07-06,19926,7,96.71,4.46,,
369649,P,2002-02-09,55681,1,74.59,9.81,,
369650,P,2001-12-23,39251,6,44.32,2.41,,
369651,P,2000-11-12,56532,7,63.09,6.93,,
369652,P,2000-01-14,94975,2,31.91,6.20,,
369653,P,2001-07-16,71035,8,71.51,1.93,,
369654,P,2001-02-15,60815,9,63.51,6.61,,
369655,P,2001-06-08,33196,2,50.42,2.00,,
369656,P,2002-07-27,70196,2,85.59,6.02,,
369657,P,2002-09-20,1079,8,21.46,2.76,,
369658,P,2000-08-23,54766,2,93.59,0.75,,
369659,P,2002-06-17,84737,6,99.07,2.37,,
369660,P,2001-08-16,33523,4,50.04,5.84,,
369661,P,2001-11-22,30623,9,83.11,2.89,,
369662,P,2001-04-19,35200,5,82.19,8.33,,
369663,P,2000-08-31,63330,8,12.76,5.68,,
369664,P,2000-12-24,20883,4,5.27,2.21,,
369665,P,2001-08-06,44318,1,94.55,9.07,,
369666,P,2001-11-19,39927,7,65.66,7.64,,
369667,P,2001-04-25,20751,4,27.33,3.49,,
369668,P,2001-01-28,64013,2,93.01,5.70,,
369669,P,2000-03-22,79315,8,73.40,7.34,,
369670,P,2001-10-17,10456,4,71.32,9.63,,
369671,P,2002-04-25,28773,3,9.05,1.07,,
369672,P,2001-06-11,39737,1,82.21,2.26,,
369673,P,2001-09-30,79401,4,26.03,0.27,,
369674,P,2001-09-26,14230,5,94.74,0.78,,
369675,P,2000-04-27,51523,1,6.72,9.45,,
369676,P,2002-04-25,48668,2,97.89,8.19,,
369677,P,2001-03-09,82356,2,83.35,9.02,,
369678,P,2001-08-23,17736,10,40.31,1.38,,
369679,P,2000-09-21,14142,7,47.90,2.15,,
369680,P,2001-01-23,3388,10,68.36,1.65,,
369681,P,2001-12-09,65948,10,68.92,4.50,,
369682,P,2002-08-20,72475,4,39.74,1.16,,
369683,P,2001-06-25,19891,5,29.70,5.09,,
369684,P,2000-04-25,50876,8,36.37,7.11,,
369685,P,2001-10-21,728,8,42.40,0.17,,
369686,P,2000-03-31,64779,1,85.15,5.52,,
369687,P,2000-08-14,73460,9,31.99,6.07,,
369688,P,2001-08-25,67070,6,8.11,7.66,,
369689,P,2002-08-19,94559,9,12.08,9.54,,
369690,P,2002-07-26,79883,2,34.51,9.17,,
369691,P,2000-04-20,78393,1,27.64,5.78,,
369692,P,2002-01-25,41613,6,51.21,3.60,,
369693,P,2002-03-06,21703,9,88.95,4.19,,
369694,P,2001-10-08,89519,8,89.41,1.17,,
369695,P,2001-02-14,91566,10,79.51,3.23,,
369696,P,2002-03-22,79956,4,25.23,8.18,,
369697,P,2002-07-22,77401,6,79.57,9.42,,
369698,P,2000-04-02,31925,6,23.71,7.29,,
369699,P,2001-09-29,62731,1,62.76,5.43,,
369700,P,2001-10-02,26264,6,55.16,5.52,,
369701,P,2000-03-30,60984,9,51.70,3.45,,
369702,P,2000-07-06,59045,10,10.52,8.70,,
369703,P,2001-09-28,67197,6,43.56,5.40,,
369704,P,2001-12-11,48578,5,53.61,5.51,,
369705,P,2002-06-21,97090,4,69.98,5.64,,
369706,P,2001-07-22,42695,8,41.03,0.23,,
369707,P,2001-05-05,97258,7,14.87,9.99,,
369708,P,2001-06-14,92378,10,20.92,9.39,,
369709,P,2000-06-24,36107,1,81.13,7.73,,
369710,P,2002-04-10,50406,9,78.82,0.08,,
369711,P,2000-08-12,36958,6,77.13,6.37,,
369712,P,2002-09-05,36662,5,36.56,4.37,,
369713,P,2001-08-01,66487,6,88.76,8.39,,
369714,P,2001-01-08,55017,2,85.60,5.23,,
369715,P,2002-06-30,19303,5,65.84,2.90,,
369716,P,2002-08-23,46109,9,82.08,8.30,,
369717,P,2002-01-06,61367,3,39.21,5.95,,
369718,P,2000-03-10,4468,5,27.15,0.83,,
369719,P,2000-07-30,31490,3,74.75,0.32,,
369720,P,2001-04-27,85896,10,49.18,5.75,,
369721,P,2000-09-05,67836,10,86.63,2.35,,
369722,P,2000-05-03,10176,1,96.47,8.06,,
369723,P,2002-07-08,35798,6,41.19,4.96,,
369724,P,2002-02-04,69695,1,50.44,5.33,,
369725,P,2001-09-16,67973,9,12.43,6.91,,
369726,P,2001-12-01,22313,1,53.57,0.45,,
369727,P,2001-04-27,59483,7,32.18,2.13,,
369728,P,2001-08-01,68905,7,10.03,5.56,,
369729,P,2002-07-11,96482,8,14.38,6.03,,
369730,P,2001-08-11,52818,10,75.45,0.24,,
369731,P,2001-06-04,70025,7,97.64,3.37,,
369732,P,2000-05-04,80341,5,22.75,4.36,,
369733,P,2002-04-19,93759,9,53.68,3.07,,
369734,P,2002-09-15,57678,1,24.89,1.49,,
369735,P,2002-06-26,12953,3,87.01,5.09,,
369736,P,2000-06-16,54243,8,79.71,9.02,,
369737,P,2000-12-31,25613,3,46.43,1.16,,
369738,P,2001-07-01,48359,2,1.40,5.65,,
369739,P,2000-08-14,65421,10,31.84,0.53,,
369740,P,2001-09-30,71349,7,4.03,9.82,,
369741,P,2000-06-22,8357,8,66.10,0.87,,
369742,P,2002-07-05,98459,10,54.49,2.67,,
369743,P,2001-10-02,48781,1,5.49,0.51,,
369744,P,2002-02-24,46170,2,47.83,5.19,,
369745,P,2002-02-14,75371,1,64.14,2.32,,
369746,P,2002-01-30,69218,6,4.85,7.62,,
369747,P,2000-01-27,94173,10,4.86,5.13,,
369748,P,2002-04-11,93313,6,74.58,8.96,,
369749,P,2001-09-09,5983,3,38.44,4.83,,
369750,P,2001-10-03,27328,9,71.00,2.95,,
369751,P,2001-12-29,71513,3,54.52,7.51,,
369752,P,2002-01-24,68935,2,16.53,6.66,,
369753,P,2001-06-11,97272,7,70.86,4.98,,
369754,P,2000-11-16,81557,8,57.59,7.98,,
369755,P,2000-03-22,60563,9,67.02,9.31,,
369756,P,2000-02-14,35670,3,36.08,4.66,,
369757,P,2002-02-10,43764,10,44.52,6.00,,
369758,P,2000-06-02,18302,10,33.31,7.69,,
369759,P,2002-05-22,51128,3,35.05,6.96,,
369760,P,2001-04-13,40377,8,51.49,2.02,,
369761,P,2001-03-06,6599,2,7.47,4.98,,
369762,P,2002-08-12,688,4,24.48,0.50,,
369763,P,2002-01-23,81495,7,38.87,3.90,,
369764,P,2001-01-11,10831,5,13.55,3.61,,
369765,P,2001-12-06,70468,5,16.44,5.50,,
369766,P,2000-08-23,66382,6,92.00,8.05,,
369767,P,2001-08-07,89323,9,35.85,3.71,,
369768,P,2001-08-09,66471,1,77.57,7.88,,
369769,P,2001-05-28,44765,7,0.21,0.29,,
369770,P,2001-11-08,81296,4,46.30,4.43,,
369771,P,2000-04-22,79069,9,23.16,2.71,,
369772,P,2000-08-30,97925,1,27.18,9.09,,
369773,P,2001-11-01,3100,8,38.48,0.42,,
369774,P,2000-01-03,74536,4,53.53,1.64,,
369775,P,2000-08-19,69453,10,31.16,9.02,,
369776,P,2000-03-31,99645,5,18.30,7.29,,
369777,P,2002-09-12,84810,2,48.81,8.78,,
369778,P,2002-08-31,84288,5,23.91,2.00,,
369779,P,2001-10-03,89497,4,74.53,8.24,,
369780,P,2001-10-23,45665,4,0.46,6.11,,
369781,P,2001-08-22,53027,5,87.72,0.43,,
369782,P,2002-06-23,44077,10,93.25,6.42,,
369783,P,2000-04-16,94105,9,0.26,9.67,,
369784,P,2001-08-11,34752,4,67.37,5.94,,
369785,P,2001-08-18,45378,9,15.26,2.91,,
369786,P,2000-10-01,43599,2,5.61,7.19,,
369787,P,2001-06-12,7738,5,39.65,7.27,,
369788,P,2000-08-03,33046,10,36.27,2.78,,
369789,P,2002-03-03,7925,4,65.11,2.72,,
369790,P,2001-07-11,81042,7,26.27,5.77,,
369791,P,2001-07-26,84066,3,79.47,2.24,,
369792,P,2000-10-22,13128,9,91.90,1.64,,
369793,P,2001-07-06,37330,7,19.25,8.03,,
369794,P,2001-09-28,64871,2,99.29,5.92,,
369795,P,2002-07-21,56669,3,82.57,8.78,,
369796,P,2001-04-04,20551,6,12.40,6.13,,
369797,P,2000-09-12,54159,10,92.26,8.10,,
369798,P,2001-03-24,99452,4,78.19,7.45,,
369799,P,2001-02-25,24952,8,65.01,4.82,,
369800,P,2001-07-27,76722,9,35.67,0.48,,
369801,P,2001-11-09,77953,5,42.32,5.99,,
369802,P,2001-04-11,76007,7,47.34,7.61,,
369803,P,2000-07-18,59930,1,38.95,0.82,,
369804,P,2000-01-26,63834,9,37.16,3.88,,
369805,P,2001-10-14,30322,7,19.45,5.87,,
369806,P,2001-01-15,66087,4,60.40,8.13,,
369807,P,2002-05-10,29169,6,33.66,2.36,,
369808,P,2001-06-03,96404,3,72.97,8.09,,
369809,P,2000-03-10,31669,6,29.79,3.30,,
369810,P,2000-05-11,40162,2,87.72,0.93,,
369811,P,2001-12-29,33563,6,90.34,7.92,,
369812,P,2000-03-27,71723,2,29.98,6.16,,
369813,P,2001-11-25,97061,7,81.06,3.69,,
369814,P,2001-03-05,88457,10,25.87,6.98,,
369815,P,2000-12-28,57424,8,62.23,1.91,,
369816,P,2001-11-29,991,4,25.96,0.61,,
369817,P,2000-01-15,70131,9,41.22,7.85,,
369818,P,2002-03-03,66806,5,11.36,6.23,,
369819,P,2000-12-11,18087,8,25.32,5.02,,
369820,P,2000-12-01,64176,9,45.12,6.47,,
369821,P,2002-01-20,68170,5,9.79,1.68,,
369822,P,2001-05-09,70126,10,9.41,7.98,,
369823,P,2001-07-07,9520,5,71.60,5.33,,
369824,P,2000-04-14,88475,8,65.66,6.11,,
369825,P,2001-06-15,54560,1,11.74,1.61,,
369826,P,2000-05-13,995,6,55.97,4.37,,
369827,P,2001-07-19,82137,5,19.57,2.98,,
369828,P,2000-05-30,58051,4,8.01,5.98,,
369829,P,2002-01-07,91420,3,12.39,1.61,,
369830,P,2001-05-25,82729,4,72.43,8.65,,
369831,P,2001-12-09,32839,7,91.74,2.80,,
369832,P,2000-03-10,40077,7,6.28,2.25,,
369833,P,2000-11-13,54871,4,80.72,2.74,,
369834,P,2000-07-03,27298,7,53.90,9.06,,
369835,P,2000-12-01,88920,8,58.50,1.01,,
369836,P,2001-08-24,6740,6,90.08,9.98,,
369837,P,2001-09-08,97919,1,60.74,2.77,,
369838,P,2001-08-19,23047,2,8.71,4.40,,
369839,P,2000-08-31,99446,1,12.96,8.88,,
369840,P,2000-07-06,47446,10,12.79,2.78,,
369841,P,2001-02-11,87900,9,91.74,4.24,,
369842,P,2000-05-19,99125,1,57.99,5.27,,
369843,P,2002-06-07,69781,8,38.37,9.43,,
369844,P,2001-09-08,79374,10,80.03,7.25,,
369845,P,2000-08-05,8977,1,44.20,4.75,,
369846,P,2002-07-23,80353,1,89.08,1.95,,
369847,P,2001-07-11,72089,5,40.79,8.95,,
369848,P,2000-10-11,81974,1,62.05,4.85,,
369849,P,2001-04-20,4208,3,41.95,5.09,,
369850,P,2002-06-06,57248,10,76.04,1.92,,
369851,P,2000-08-01,76157,8,94.43,3.78,,
369852,P,2002-05-13,15240,1,24.24,3.10,,
369853,P,2002-06-15,54948,9,38.60,0.08,,
369854,P,2000-09-16,72605,3,4.68,7.49,,
369855,P,2000-09-19,49667,9,25.44,0.80,,
369856,P,2002-05-21,9637,7,12.08,4.89,,
369857,P,2002-07-26,41794,1,64.76,7.83,,
369858,P,2001-10-02,248,9,41.99,4.68,,
369859,P,2000-02-04,667,6,84.47,0.48,,
369860,P,2000-02-14,57404,8,70.04,7.48,,
369861,P,2002-08-13,19170,6,35.05,6.40,,
369862,P,2002-02-26,24272,9,51.53,7.10,,
369863,P,2000-06-06,3876,5,15.94,1.04,,
369864,P,2002-05-24,29770,3,83.67,4.19,,
369865,P,2001-04-13,88858,1,32.92,1.80,,
369866,P,2002-09-22,19223,4,3.60,2.60,,
369867,P,2001-10-24,13156,6,95.96,8.59,,
369868,P,2001-07-27,10834,2,16.85,8.64,,
369869,P,2002-09-17,52533,5,39.96,1.71,,
369870,P,2001-12-13,71525,7,76.82,8.14,,
369871,P,2002-02-05,48559,10,25.49,7.80,,
369872,P,2002-03-19,88685,1,69.53,4.31,,
369873,P,2000-01-08,84400,10,86.60,7.21,,
369874,P,2002-07-24,1784,4,76.89,0.42,,
369875,P,2001-03-04,13532,7,55.11,8.41,,
369876,P,2000-10-22,55311,8,81.51,4.76,,
369877,P,2000-11-07,59405,2,13.40,3.95,,
369878,P,2001-02-10,25183,3,97.41,9.36,,
369879,P,2001-06-24,36993,1,73.12,8.57,,
369880,P,2002-05-10,76450,3,13.68,3.91,,
369881,P,2002-09-15,47353,10,19.12,2.11,,
369882,P,2000-01-30,99113,7,82.92,7.93,,
369883,P,2001-07-03,24210,9,29.45,6.87,,
369884,P,2000-12-03,71041,5,60.98,4.25,,
369885,P,2002-04-02,11556,9,39.05,3.90,,
369886,P,2000-08-27,76505,3,9.53,8.90,,
369887,P,2001-09-01,81603,9,22.03,1.00,,
369888,P,2002-03-15,72790,1,37.18,3.79,,
369889,P,2001-05-13,43912,9,53.64,3.78,,
369890,P,2001-05-28,25616,6,10.61,2.39,,
369891,P,2002-01-11,70773,4,54.75,1.48,,
369892,P,2001-09-29,10116,7,86.11,2.71,,
369893,P,2002-01-13,58403,7,6.83,8.76,,
369894,P,2001-01-01,7772,1,7.98,5.38,,
369895,P,2001-02-24,87288,10,1.81,1.63,,
369896,P,2002-02-06,70774,1,11.35,0.50,,
369897,P,2001-09-18,80941,6,28.76,0.64,,
369898,P,2001-10-07,41298,6,72.09,2.30,,
369899,P,2000-08-22,38625,5,34.82,1.77,,
369900,P,2000-06-08,43940,7,12.91,1.25,,
369901,P,2001-07-22,40971,10,2.29,3.77,,
369902,P,2001-07-11,92432,1,0.42,2.55,,
369903,P,2001-02-26,79761,5,42.37,9.83,,
369904,P,2000-10-11,51154,2,77.38,3.49,,
369905,P,2000-04-22,77912,3,34.57,6.85,,
369906,P,2000-05-18,60853,3,79.66,4.86,,
369907,P,2000-03-09,88836,6,4.27,0.70,,
369908,P,2002-09-18,18517,8,65.58,7.83,,
369909,P,2000-10-01,36962,3,14.18,5.55,,
369910,P,2002-02-26,57328,10,57.80,1.87,,
369911,P,2001-11-01,45439,10,57.05,4.90,,
369912,P,2002-09-16,36648,5,54.39,8.74,,
369913,P,2001-11-01,61030,2,51.23,3.83,,
369914,P,2001-08-11,66978,5,20.62,6.90,,
369915,P,2000-12-15,81208,9,88.47,7.57,,
369916,P,2002-09-19,15353,6,72.46,4.26,,
369917,P,2002-06-16,5478,9,96.70,4.93,,
369918,P,2000-02-04,105,2,74.69,7.33,,
369919,P,2000-05-09,77148,7,11.74,5.05,,
369920,P,2002-05-31,70076,4,9.94,2.84,,
369921,P,2001-11-25,12839,3,82.99,7.98,,
369922,P,2002-07-01,90643,2,52.21,9.79,,
369923,P,2000-08-16,77133,4,81.07,8.70,,
369924,P,2001-08-27,78983,6,98.89,4.68,,
369925,P,2000-04-17,91742,7,88.02,3.55,,
369926,P,2002-09-16,3639,6,95.23,3.06,,
369927,P,2001-09-03,11572,9,66.15,0.77,,
369928,P,2001-09-05,22832,7,89.41,6.74,,
369929,P,2001-05-22,27626,4,98.63,6.79,,
369930,P,2001-07-22,96668,3,10.67,5.44,,
369931,P,2000-04-27,17520,3,75.91,0.24,,
369932,P,2001-04-14,56587,7,30.43,7.37,,
369933,P,2001-03-05,36556,3,84.06,9.74,,
369934,P,2001-08-18,21388,6,12.79,2.39,,
369935,P,2000-07-24,75410,1,77.53,1.21,,
369936,P,2002-01-03,59266,4,96.31,1.06,,
369937,P,2001-09-15,15293,8,94.41,9.88,,
369938,P,2002-05-21,5215,5,28.14,0.48,,
369939,P,2000-04-29,99171,4,99.25,6.71,,
369940,P,2002-06-13,22218,7,65.13,1.85,,
369941,P,2001-02-02,68178,2,73.85,3.15,,
369942,P,2002-04-08,28585,1,54.71,8.41,,
369943,P,2001-04-16,94205,8,51.98,1.52,,
369944,P,2000-01-27,52418,10,87.03,1.27,,
369945,P,2001-10-26,34581,1,46.82,9.72,,
369946,P,2001-02-18,14713,10,46.26,7.13,,
369947,P,2000-10-17,71660,7,82.75,1.19,,
369948,P,2002-08-11,86821,9,90.14,0.12,,
369949,P,2000-06-13,80911,3,44.53,0.38,,
369950,P,2000-12-08,96744,5,54.39,7.37,,
369951,P,2002-07-02,48371,6,9.81,2.37,,
369952,P,2002-04-29,1213,7,91.00,5.59,,
369953,P,2001-07-10,82903,3,37.06,5.94,,
369954,P,2002-02-27,92726,6,50.41,2.05,,
369955,P,2000-06-02,56709,9,25.02,9.98,,
369956,P,2000-05-01,62364,4,9.51,8.90,,
369957,P,2000-07-11,13951,8,60.43,1.43,,
369958,P,2000-11-16,34742,9,16.97,3.22,,
369959,P,2002-02-16,8493,10,56.90,0.70,,
369960,P,2000-06-29,68485,9,48.11,3.42,,
369961,P,2001-06-26,50853,8,98.85,7.17,,
369962,P,2002-05-22,29166,8,2.50,3.78,,
369963,P,2001-03-08,37313,3,3.44,5.45,,
369964,P,2000-11-09,36590,1,42.86,1.52,,
369965,P,2001-11-28,81351,2,34.51,3.79,,
369966,P,2002-08-11,70434,8,95.96,3.45,,
369967,P,2000-02-07,62694,5,69.73,0.88,,
369968,P,2001-11-05,65096,5,37.99,7.50,,
369969,P,2002-07-03,43882,1,27.93,0.14,,
369970,P,2001-02-16,26774,5,68.44,9.18,,
369971,P,2002-06-19,99339,7,4.59,8.66,,
369972,P,2001-02-14,97584,7,84.73,3.67,,
369973,P,2000-12-11,90964,3,25.11,3.96,,
369974,P,2001-10-29,12627,7,26.30,1.77,,
369975,P,2001-02-19,33763,8,30.52,3.01,,
369976,P,2000-08-17,33987,7,43.46,9.19,,
369977,P,2001-10-07,52593,6,12.53,6.05,,
369978,P,2002-08-04,27013,5,4.19,9.07,,
369979,P,2002-01-31,99465,7,16.29,6.73,,
369980,P,2002-03-02,69244,8,2.51,6.00,,
369981,P,2000-12-14,10306,1,84.95,9.09,,
369982,P,2000-07-02,65382,10,18.39,2.18,,
369983,P,2001-10-15,80610,5,89.96,8.25,,
369984,P,2002-04-30,95105,3,53.48,7.69,,
369985,P,2000-04-19,48946,3,48.21,1.87,,
369986,P,2001-05-28,6135,5,14.54,2.08,,
369987,P,2000-02-05,27789,10,15.50,7.43,,
369988,P,2001-05-23,50242,10,56.05,9.07,,
369989,P,2000-02-08,7143,7,88.78,1.68,,
369990,P,2000-12-29,33555,9,8.42,7.53,,
369991,P,2001-12-27,92576,10,12.06,8.89,,
369992,P,2002-08-01,72382,1,19.30,2.27,,
369993,P,2000-04-24,73375,2,70.66,7.34,,
369994,P,2000-11-11,42474,2,55.34,9.77,,
369995,P,2001-06-15,2759,1,61.61,6.65,,
369996,P,2000-06-30,28197,8,55.92,5.28,,
369997,P,2000-11-19,97138,5,66.34,9.38,,
369998,P,2000-08-02,71593,10,14.99,6.62,,
369999,P,2001-01-05,49561,1,54.97,5.42,,
370000,P,2000-08-16,27932,4,52.80,2.06,,
370001,P,2000-04-12,17978,10,74.77,0.78,,
370002,P,2001-11-08,40011,2,66.39,2.13,,
370003,P,2001-05-20,84936,3,11.52,8.23,,
370004,P,2002-01-11,79443,3,23.17,5.23,,
370005,P,2000-06-16,26228,8,9.52,0.90,,
370006,P,2001-11-23,13307,9,87.69,3.51,,
370007,P,2000-12-06,52305,10,93.21,6.38,,
370008,P,2000-06-17,52761,1,83.36,7.58,,
370009,P,2001-10-19,16990,7,54.86,6.98,,
370010,P,2002-02-15,96967,3,4.57,8.61,,
370011,P,2000-09-17,53913,3,78.83,2.19,,
370012,P,2001-09-10,1933,10,5.39,5.32,,
370013,P,2002-03-20,66955,4,19.36,3.56,,
370014,P,2002-06-09,43013,6,3.22,8.25,,
370015,P,2000-07-18,70221,4,63.97,0.51,,
370016,P,2000-05-08,29488,10,52.26,4.20,,
370017,P,2002-03-12,20665,3,51.57,7.08,,
370018,P,2000-07-27,59014,10,58.87,3.82,,
370019,P,2001-10-06,78573,9,39.62,2.23,,
370020,P,2002-03-08,78927,10,45.13,5.34,,
370021,P,2000-03-14,54966,6,19.20,4.59,,
370022,P,2002-03-16,86757,6,93.88,6.51,,
370023,P,2002-05-13,14884,1,57.45,5.98,,
370024,P,2002-09-22,97036,8,13.15,0.42,,
370025,P,2000-11-27,98097,6,82.00,6.10,,
370026,P,2001-08-28,7391,4,32.50,0.73,,
370027,P,2000-06-02,65961,3,31.18,8.29,,
370028,P,2002-07-07,85484,1,56.45,0.59,,
370029,P,2002-07-10,85760,10,22.40,3.67,,
370030,P,2001-06-20,96788,1,25.57,4.65,,
370031,P,2001-12-26,84869,5,63.44,2.69,,
370032,P,2002-07-21,22680,5,33.15,6.63,,
370033,P,2000-07-12,62976,10,86.54,1.32,,
370034,P,2000-04-14,41680,2,39.23,0.98,,
370035,P,2000-07-28,36601,4,96.63,8.49,,
370036,P,2000-09-10,88565,2,68.74,1.26,,
370037,P,2002-02-16,9633,3,43.31,3.88,,
370038,P,2002-07-19,85313,7,31.57,4.15,,
370039,P,2000-08-02,81525,4,63.73,9.19,,
370040,P,2001-08-25,77798,2,82.48,4.24,,
370041,P,2002-05-24,71556,10,38.99,2.42,,
370042,P,2000-04-15,93340,7,96.96,0.59,,
370043,P,2002-03-05,83814,7,75.52,5.03,,
370044,P,2000-11-09,10500,10,50.62,5.41,,
370045,P,2002-06-08,15655,10,78.08,5.85,,
370046,P,2002-09-02,80653,6,8.72,9.05,,
370047,P,2001-08-03,41667,7,87.07,0.24,,
370048,P,2001-04-30,65804,4,85.72,9.17,,
370049,P,2000-03-30,83418,3,22.07,5.70,,
370050,P,2001-04-03,52305,1,80.81,5.59,,
370051,P,2002-03-09,5336,7,97.06,2.03,,
370052,P,2002-05-04,50076,8,30.47,3.60,,
370053,P,2000-06-07,44134,9,55.02,2.78,,
370054,P,2001-03-09,38725,10,68.88,1.93,,
370055,P,2001-04-04,99603,10,61.25,6.17,,
370056,P,2000-06-12,67,10,42.72,5.96,,
370057,P,2002-07-09,77796,7,67.86,3.62,,
370058,P,2000-11-01,26838,7,38.34,1.26,,
370059,P,2002-04-08,37853,2,13.46,2.05,,
370060,P,2002-04-21,74907,7,81.72,5.12,,
370061,P,2002-07-25,81849,7,86.40,8.81,,
370062,P,2002-07-06,956,4,19.62,8.15,,
370063,P,2000-11-13,48938,1,41.69,1.85,,
370064,P,2000-02-22,58882,5,42.11,7.58,,
370065,P,2002-07-02,27368,10,47.80,6.79,,
370066,P,2000-08-04,87710,4,78.52,4.48,,
370067,P,2001-09-14,17412,1,87.25,7.82,,
370068,P,2002-09-23,59777,7,4.71,5.21,,
370069,P,2000-02-24,61021,9,13.40,1.37,,
370070,P,2001-12-16,20104,9,35.40,6.12,,
370071,P,2000-06-05,52690,5,74.89,0.68,,
370072,P,2001-05-30,96098,1,79.71,6.49,,
370073,P,2000-08-03,93030,5,53.10,0.58,,
370074,P,2000-05-23,19662,8,73.82,2.94,,
370075,P,2000-10-20,34602,2,91.80,5.46,,
370076,P,2002-01-30,33344,5,14.57,7.44,,
370077,P,2002-02-15,57684,8,75.02,7.89,,
370078,P,2001-02-03,18542,4,50.84,5.49,,
370079,P,2000-04-07,545,7,52.35,1.39,,
370080,P,2001-03-07,49688,10,17.19,9.45,,
370081,P,2002-09-09,14791,5,94.68,3.33,,
370082,P,2001-03-05,23261,4,82.64,0.55,,
370083,P,2001-12-10,91162,4,71.55,9.84,,
370084,P,2001-06-10,87800,3,50.40,0.47,,
370085,P,2002-07-10,60037,7,91.73,7.81,,
370086,P,2001-03-16,80877,8,16.50,3.85,,
370087,P,2002-06-13,78219,6,28.53,6.00,,
370088,P,2002-08-25,14969,6,46.18,3.37,,
370089,P,2001-01-30,14669,3,36.20,6.48,,
370090,P,2001-12-23,69663,8,75.45,2.81,,
370091,P,2002-07-15,12305,7,26.17,8.96,,
370092,P,2001-10-23,94344,8,97.50,4.19,,
370093,P,2000-01-27,96048,9,72.37,2.22,,
370094,P,2001-02-26,73526,5,18.99,5.10,,
370095,P,2000-07-12,48723,3,20.04,8.66,,
370096,P,2002-09-01,48377,7,93.00,2.36,,
370097,P,2001-06-02,26309,4,8.02,1.74,,
370098,P,2002-05-09,55565,6,79.00,7.95,,
370099,P,2000-06-10,34665,9,82.93,4.70,,
370100,P,2002-01-20,6758,5,85.14,7.38,,
370101,P,2001-04-21,84026,2,40.65,9.49,,
370102,P,2001-05-13,76371,10,31.57,3.71,,
370103,P,2002-07-07,99730,1,89.39,6.62,,
370104,P,2001-09-09,22229,1,4.64,0.15,,
370105,P,2000-05-28,21700,2,4.61,6.82,,
370106,P,2002-03-06,19433,7,22.41,4.03,,
370107,P,2002-08-14,7963,3,91.58,2.70,,
370108,P,2002-03-13,72077,8,96.89,7.63,,
370109,P,2002-08-05,85817,8,5.22,2.75,,
370110,P,2002-07-10,8460,5,40.15,7.62,,
370111,P,2001-04-05,49450,7,48.21,3.99,,
370112,P,2001-07-20,34011,7,85.12,5.08,,
370113,P,2001-04-25,40458,5,88.74,0.27,,
370114,P,2001-08-21,63783,2,16.62,0.78,,
370115,P,2001-03-20,88303,3,47.98,8.69,,
370116,P,2000-07-11,85367,8,45.03,7.54,,
370117,P,2002-02-16,45384,3,34.89,9.90,,
370118,P,2001-12-22,15679,8,1.21,2.21,,
370119,P,2002-07-27,48570,5,35.76,10.00,,
370120,P,2000-11-02,24326,5,30.07,8.23,,
370121,P,2001-11-02,7349,9,34.42,9.39,,
370122,P,2000-02-01,85091,9,4.21,7.86,,
370123,P,2000-04-14,82670,8,1.83,8.81,,
370124,P,2001-08-14,20138,10,78.32,6.88,,
370125,P,2000-12-04,79049,7,75.37,7.39,,
370126,P,2000-09-08,29545,5,41.97,8.95,,
370127,P,2000-03-06,9842,1,11.31,7.81,,
370128,P,2001-02-01,26699,8,57.92,4.95,,
370129,P,2000-04-12,60803,1,81.83,1.07,,
370130,P,2000-09-20,30240,9,54.62,0.82,,
370131,P,2000-04-06,26370,9,80.39,5.12,,
370132,P,2001-09-26,46750,3,81.39,1.31,,
370133,P,2000-03-30,60437,2,34.21,7.66,,
370134,P,2001-10-25,43879,4,42.29,4.34,,
370135,P,2002-02-28,66807,4,55.01,9.40,,
370136,P,2000-07-08,99257,5,5.45,2.73,,
370137,P,2000-04-05,43909,10,69.12,8.61,,
370138,P,2001-01-07,62596,7,4.38,5.73,,
370139,P,2000-08-14,17284,8,40.45,7.98,,
370140,P,2001-03-11,89018,4,90.49,7.51,,
370141,P,2001-04-14,79282,6,88.95,3.95,,
370142,P,2002-04-27,67377,6,27.11,6.72,,
370143,P,2000-11-11,49363,10,19.29,1.04,,
370144,P,2000-08-12,41204,10,17.24,7.84,,
370145,P,2002-01-27,90293,4,93.46,1.01,,
370146,P,2001-04-30,86483,3,91.39,9.95,,
370147,P,2002-05-19,39223,2,79.49,2.09,,
370148,P,2001-09-10,46262,6,7.40,3.60,,
370149,P,2000-03-20,22713,1,33.56,4.47,,
370150,P,2002-02-15,95734,4,62.40,3.85,,
370151,P,2002-07-16,73163,4,1.14,7.58,,
370152,P,2002-05-14,80883,1,50.02,2.07,,
370153,P,2002-01-22,87929,3,61.68,2.39,,
370154,P,2000-09-15,56463,9,17.89,1.95,,
370155,P,2001-10-22,27981,8,53.23,8.40,,
370156,P,2002-05-05,57007,9,62.18,5.85,,
370157,P,2001-08-02,83908,6,80.53,8.07,,
370158,P,2000-02-22,57758,10,51.83,6.56,,
370159,P,2000-02-13,1281,5,6.63,4.86,,
370160,P,2000-04-17,58944,5,2.23,9.73,,
370161,P,2001-03-14,48335,1,73.57,8.62,,
370162,P,2000-10-11,51001,5,73.25,4.35,,
370163,P,2001-12-19,69508,4,11.75,7.48,,
370164,P,2001-11-15,62297,3,29.59,2.46,,
370165,P,2002-03-21,79503,8,94.26,2.91,,
370166,P,2001-05-30,16383,3,14.91,2.01,,
370167,P,2000-06-22,78582,9,43.39,4.42,,
370168,P,2000-01-17,18794,3,67.41,4.30,,
370169,P,2001-07-13,1796,3,8.09,8.52,,
370170,P,2001-01-15,541,4,41.84,1.95,,
370171,P,2001-01-02,47447,4,50.50,3.95,,
370172,P,2001-12-13,57078,6,52.10,3.86,,
370173,P,2000-10-28,98450,3,85.10,8.33,,
370174,P,2002-07-27,82763,9,76.41,6.95,,
370175,P,2001-10-04,4422,10,61.28,7.36,,
370176,P,2001-05-04,4419,10,28.19,5.39,,
370177,P,2001-09-22,60804,4,85.67,7.07,,
370178,P,2002-06-06,53925,9,31.95,8.55,,
370179,P,2001-06-29,12774,5,48.09,4.55,,
370180,P,2001-12-25,47263,1,20.92,1.82,,
370181,P,2000-10-30,72650,8,91.85,5.15,,
370182,P,2000-01-10,51418,1,24.15,2.96,,
370183,P,2001-11-25,23297,6,21.66,3.11,,
370184,P,2000-12-19,95308,1,71.07,7.75,,
370185,P,2000-11-19,69170,10,90.95,6.19,,
370186,P,2002-06-16,20754,4,65.24,3.24,,
370187,P,2002-09-03,31380,8,79.55,2.32,,
370188,P,2002-01-24,16912,1,70.93,4.34,,
370189,P,2002-06-20,38623,4,82.72,8.24,,
370190,P,2000-02-24,78720,6,58.47,4.62,,
370191,P,2002-09-26,87707,10,37.31,2.94,,
370192,P,2000-10-18,43485,3,58.35,0.13,,
370193,P,2000-03-24,28062,9,22.43,8.61,,
370194,P,2002-09-09,81103,3,17.02,5.29,,
370195,P,2000-07-15,32512,1,69.54,5.66,,
370196,P,2002-03-13,19998,4,69.36,2.82,,
370197,P,2000-12-04,94052,10,6.79,8.40,,
370198,P,2000-06-02,74933,4,82.77,0.10,,
370199,P,2001-08-30,26077,3,22.41,5.69,,
370200,P,2000-06-26,32933,8,71.30,0.52,,
370201,P,2001-09-14,39741,2,24.96,5.54,,
370202,P,2002-08-25,65349,6,47.45,8.58,,
370203,P,2001-11-15,95683,7,51.90,2.05,,
370204,P,2002-09-04,38721,5,68.09,7.58,,
370205,P,2000-02-09,31034,6,8.46,2.95,,
370206,P,2001-03-16,51196,6,85.64,4.27,,
370207,P,2002-03-17,12578,2,67.57,1.21,,
370208,P,2002-03-14,67585,9,5.48,3.25,,
370209,P,2001-10-26,27712,1,51.29,1.93,,
370210,P,2000-11-06,5679,5,90.98,9.80,,
370211,P,2001-02-02,19033,2,60.47,8.29,,
370212,P,2002-09-02,62564,4,16.11,3.74,,
370213,P,2002-05-28,293,1,51.44,7.80,,
370214,P,2002-09-11,3692,3,97.62,3.69,,
370215,P,2001-01-28,70650,3,15.72,0.55,,
370216,P,2002-01-31,58102,7,28.48,6.61,,
370217,P,2000-04-21,61789,3,82.86,1.18,,
370218,P,2002-03-19,89011,6,62.17,4.26,,
370219,P,2002-01-23,91147,1,90.81,9.93,,
370220,P,2002-06-09,7387,4,1.64,3.06,,
370221,P,2000-07-13,83756,10,65.60,8.86,,
370222,P,2001-07-23,93670,9,18.52,4.20,,
370223,P,2001-04-04,21078,3,17.09,2.03,,
370224,P,2001-06-01,78982,1,14.68,1.18,,
370225,P,2000-07-25,66531,4,21.20,7.57,,
370226,P,2000-12-20,99000,9,46.11,8.85,,
370227,P,2000-05-15,51025,4,23.34,2.92,,
370228,P,2001-03-11,51275,2,19.62,3.27,,
370229,P,2001-11-18,12943,4,19.90,4.46,,
370230,P,2002-09-05,70052,3,96.86,0.60,,
370231,P,2000-02-15,39179,8,24.23,3.82,,
370232,P,2000-08-14,56438,4,44.92,6.02,,
370233,P,2002-06-26,84682,1,65.55,3.05,,
370234,P,2002-02-14,62677,7,14.09,3.85,,
370235,P,2002-07-19,17044,9,53.42,8.79,,
370236,P,2000-01-23,48010,8,9.23,5.71,,
370237,P,2001-09-09,4674,7,76.61,8.62,,
370238,P,2000-05-27,93792,8,68.23,1.51,,
370239,P,2000-03-06,92339,4,32.17,7.83,,
370240,P,2000-08-18,71764,7,86.34,2.02,,
370241,P,2002-02-10,37893,1,42.93,7.15,,
370242,P,2002-08-18,6588,1,91.70,6.22,,
370243,P,2000-11-26,93368,6,12.91,9.87,,
370244,P,2000-03-09,74124,4,33.28,8.20,,
370245,P,2001-12-05,58481,10,78.69,8.87,,
370246,P,2001-02-20,4078,5,34.70,7.32,,
370247,P,2002-01-09,11832,3,37.25,2.78,,
370248,P,2001-09-02,76898,5,38.16,4.93,,
370249,P,2000-07-18,7619,4,38.13,5.69,,
370250,P,2000-11-25,36944,6,91.40,5.77,,
370251,P,2000-09-14,9333,7,84.75,8.40,,
370252,P,2002-06-20,39710,1,44.95,2.98,,
370253,P,2001-01-14,44883,7,0.50,1.77,,
370254,P,2001-02-26,84142,6,11.17,9.68,,
370255,P,2001-02-17,52696,2,92.46,3.62,,
370256,P,2002-02-05,54402,5,83.75,1.18,,
370257,P,2000-11-03,90892,7,90.92,4.26,,
370258,P,2001-09-30,59955,2,35.61,9.35,,
370259,P,2000-10-05,78980,1,31.32,4.46,,
370260,P,2001-10-06,64935,7,62.73,0.19,,
370261,P,2000-04-24,88996,9,66.73,2.74,,
370262,P,2002-04-06,18837,6,67.08,0.19,,
370263,P,2000-07-23,97495,8,47.49,4.01,,
370264,P,2001-10-23,93730,8,66.86,6.17,,
370265,P,2002-02-11,73153,2,54.72,9.33,,
370266,P,2002-09-01,46066,7,69.45,1.29,,
370267,P,2001-11-13,71367,9,37.95,3.12,,
370268,P,2000-11-24,67747,2,89.96,2.59,,
370269,P,2002-06-19,52382,2,65.44,9.18,,
370270,P,2000-09-04,92082,5,79.47,7.56,,
370271,P,2002-09-27,86620,8,84.48,2.13,,
370272,P,2000-12-28,85794,5,43.25,7.31,,
370273,P,2000-05-18,54787,4,98.15,6.18,,
370274,P,2002-02-24,95249,2,57.52,3.51,,
370275,P,2002-08-15,40202,3,65.06,8.24,,
370276,P,2001-01-29,82734,7,97.18,2.44,,
370277,P,2001-02-14,23150,4,52.53,7.77,,
370278,P,2001-07-23,55503,9,12.02,8.43,,
370279,P,2002-02-21,16628,5,85.79,8.97,,
370280,P,2000-10-09,18807,2,1.89,7.56,,
370281,P,2001-05-12,15218,2,95.75,9.90,,
370282,P,2000-08-02,23588,7,21.93,5.51,,
370283,P,2001-06-13,26260,9,1.74,8.41,,
370284,P,2001-10-31,82164,10,52.58,8.21,,
370285,P,2001-08-05,92098,8,23.13,0.94,,
370286,P,2001-03-25,67016,6,45.69,9.85,,
370287,P,2001-04-23,56414,6,95.19,4.68,,
370288,P,2000-01-23,85534,3,36.94,5.21,,
370289,P,2000-08-15,14071,7,76.79,6.69,,
370290,P,2000-09-22,99112,6,47.75,8.96,,
370291,P,2001-08-01,47158,8,49.33,5.53,,
370292,P,2001-09-06,61647,3,52.00,1.39,,
370293,P,2000-08-17,7840,5,95.44,0.97,,
370294,P,2002-08-12,91585,3,97.97,4.09,,
370295,P,2002-08-29,77399,4,53.30,0.77,,
370296,P,2001-03-01,55048,7,92.77,7.28,,
370297,P,2001-06-30,5065,6,26.95,7.90,,
370298,P,2000-09-06,30720,2,42.40,3.51,,
370299,P,2000-12-19,54092,2,96.83,4.41,,
370300,P,2001-09-29,39097,9,49.14,4.91,,
370301,P,2001-12-31,57055,1,5.35,0.08,,
370302,P,2000-09-02,40427,9,94.60,3.13,,
370303,P,2000-12-15,41218,1,13.31,4.77,,
370304,P,2001-05-24,31474,5,62.38,9.11,,
370305,P,2000-11-30,96608,10,88.22,9.30,,
370306,P,2001-12-31,58243,3,85.49,4.86,,
370307,P,2000-02-16,31668,9,86.89,6.02,,
370308,P,2002-05-20,86215,2,12.98,0.74,,
370309,P,2001-04-24,48426,3,31.64,0.36,,
370310,P,2001-03-16,3346,10,46.12,7.78,,
370311,P,2002-05-06,85452,6,54.21,4.06,,
370312,P,2001-12-12,36261,3,70.30,8.34,,
370313,P,2000-07-25,47870,7,53.52,5.94,,
370314,P,2002-07-31,36904,8,11.41,3.76,,
370315,P,2000-08-06,66880,3,46.59,8.12,,
370316,P,2002-01-21,2421,3,31.43,8.79,,
370317,P,2000-09-16,19264,6,36.04,7.43,,
370318,P,2000-11-28,46517,8,95.86,9.20,,
370319,P,2000-10-21,80158,6,73.29,4.15,,
370320,P,2000-05-30,42987,7,48.65,1.92,,
370321,P,2002-09-13,20975,4,55.43,0.62,,
370322,P,2000-07-25,55389,3,58.90,9.34,,
370323,P,2000-10-11,141,10,18.49,8.79,,
370324,P,2000-12-11,12562,6,74.97,7.44,,
370325,P,2000-07-03,91008,7,95.54,1.86,,
370326,P,2002-01-10,18754,4,62.34,3.50,,
370327,P,2000-08-24,3507,8,61.65,6.92,,
370328,P,2002-07-06,5495,6,97.47,1.21,,
370329,P,2002-07-19,17957,6,96.55,7.57,,
370330,P,2000-09-12,78255,4,37.40,7.52,,
370331,P,2000-12-27,9507,8,27.97,2.16,,
370332,P,2001-01-17,53984,3,74.16,9.60,,
370333,P,2000-07-22,49546,9,25.53,0.45,,
370334,P,2000-09-07,18328,5,28.77,0.78,,
370335,P,2000-08-06,35404,1,99.44,3.56,,
370336,P,2000-11-08,87632,6,33.64,9.15,,
370337,P,2001-02-16,47687,10,96.17,4.81,,
370338,P,2000-07-30,48267,3,4.50,4.30,,
370339,P,2001-02-01,33895,10,41.03,2.77,,
370340,P,2001-06-13,97345,4,43.59,8.83,,
370341,P,2002-05-03,87479,5,38.54,4.31,,
370342,P,2000-08-28,47980,8,93.49,5.03,,
370343,P,2002-06-22,47982,6,25.79,2.31,,
370344,P,2001-02-25,65840,2,62.24,9.20,,
370345,P,2000-09-27,30421,3,72.29,6.73,,
370346,P,2002-06-05,76969,9,15.84,5.43,,
370347,P,2001-06-02,48985,4,62.06,4.56,,
370348,P,2001-12-23,68937,2,59.53,5.49,,
370349,P,2001-06-02,6710,5,23.02,2.37,,
370350,P,2000-09-17,84342,7,72.75,6.04,,
370351,P,2002-05-27,53370,8,61.11,7.36,,
370352,P,2001-03-23,55777,10,31.01,3.26,,
370353,P,2002-05-29,67172,8,34.47,4.51,,
370354,P,2000-12-24,80854,8,71.04,3.77,,
370355,P,2002-07-30,18864,7,72.59,1.41,,
370356,P,2001-04-06,33222,10,53.12,3.14,,
370357,P,2002-02-13,15504,10,62.79,1.68,,
370358,P,2000-12-26,43369,5,91.92,5.39,,
370359,P,2001-08-25,23748,9,3.09,5.61,,
370360,P,2001-08-23,22492,5,67.43,0.54,,
370361,P,2002-01-20,52427,9,76.59,3.77,,
370362,P,2002-04-23,44553,3,3.38,0.48,,
370363,P,2000-03-02,85961,5,82.97,5.88,,
370364,P,2001-05-15,13391,2,63.15,3.76,,
370365,P,2001-04-04,76013,3,94.82,0.05,,
370366,P,2000-05-30,59624,6,16.10,8.49,,
370367,P,2002-04-19,61035,10,76.21,9.58,,
370368,P,2000-07-20,3340,4,79.66,2.44,,
370369,P,2002-08-17,76496,4,84.52,3.54,,
370370,P,2002-05-20,93400,8,1.19,0.05,,
370371,P,2001-09-24,47413,10,72.47,4.87,,
370372,P,2002-06-24,78418,8,75.26,8.43,,
370373,P,2002-01-15,16970,1,58.91,4.87,,
370374,P,2000-06-08,20723,9,70.37,4.76,,
370375,P,2001-01-17,277,3,23.86,9.97,,
370376,P,2001-01-25,50216,10,8.72,5.49,,
370377,P,2000-03-03,15286,6,3.97,4.61,,
370378,P,2000-08-01,10343,3,27.65,3.21,,
370379,P,2000-12-07,21390,4,46.78,8.68,,
370380,P,2002-05-02,79483,7,47.67,5.90,,
370381,P,2001-04-29,66356,9,10.19,9.46,,
370382,P,2001-11-16,53918,10,65.78,3.17,,
370383,P,2000-11-01,29547,4,42.01,0.57,,
370384,P,2001-09-07,89051,8,11.78,0.53,,
370385,P,2000-02-11,83294,8,91.72,2.32,,
370386,P,2002-01-27,9534,8,58.70,4.49,,
370387,P,2001-09-01,30270,5,38.48,0.44,,
370388,P,2002-04-15,70492,4,94.69,1.65,,
370389,P,2001-04-13,13030,9,51.85,0.85,,
370390,P,2001-09-29,30823,7,72.88,7.24,,
370391,P,2001-12-12,16002,4,63.30,3.88,,
370392,P,2002-06-22,98003,2,89.27,3.69,,
370393,P,2001-01-30,55253,9,27.17,2.87,,
370394,P,2000-06-17,64988,3,7.81,4.46,,
370395,P,2002-05-15,69649,2,52.77,7.84,,
370396,P,2000-05-06,63025,9,53.86,6.25,,
370397,P,2000-09-16,4146,3,6.23,4.11,,
370398,P,2000-04-25,79185,3,67.82,0.49,,
370399,P,2000-10-28,47445,7,91.21,0.94,,
370400,P,2000-09-07,68479,9,73.99,8.71,,
370401,P,2002-09-26,68654,4,89.75,6.30,,
370402,P,2000-07-18,18996,8,83.83,4.83,,
370403,P,2001-09-28,94608,10,19.26,3.40,,
370404,P,2001-10-25,24653,1,26.41,6.22,,
370405,P,2000-09-10,81926,8,97.11,0.37,,
370406,P,2001-02-07,57947,5,99.56,2.26,,
370407,P,2001-04-30,88055,1,67.02,3.91,,
370408,P,2001-07-16,4549,2,42.00,4.97,,
370409,P,2001-11-15,51147,6,58.00,1.41,,
370410,P,2002-06-03,73486,3,16.19,5.97,,
370411,P,2002-09-13,5512,2,21.39,5.53,,
370412,P,2000-07-11,59814,10,91.30,9.22,,
370413,P,2002-06-03,44963,3,72.96,3.62,,
370414,P,2001-06-02,56492,6,63.42,0.47,,
370415,P,2002-06-03,16367,5,64.70,9.42,,
370416,P,2000-04-09,39365,2,3.47,3.65,,
370417,P,2002-02-07,47009,1,10.44,4.39,,
370418,P,2000-07-24,53743,7,92.77,8.61,,
370419,P,2001-03-13,16512,8,51.19,1.42,,
370420,P,2001-06-03,95334,3,34.15,0.06,,
370421,P,2000-08-16,56803,3,87.06,9.54,,
370422,P,2001-06-04,29262,9,11.38,0.14,,
370423,P,2001-12-12,46496,9,13.28,5.07,,
370424,P,2002-08-27,85218,6,47.11,1.52,,
370425,P,2001-10-02,28765,5,16.21,0.82,,
370426,P,2000-11-04,74492,5,44.89,5.80,,
370427,P,2002-07-10,46636,9,8.29,5.48,,
370428,P,2000-01-20,5017,1,59.89,6.63,,
370429,P,2001-11-16,39761,2,20.23,5.69,,
370430,P,2002-01-18,30558,1,14.72,6.22,,
370431,P,2002-02-27,25363,1,73.38,8.87,,
370432,P,2000-02-29,39518,9,0.11,4.64,,
370433,P,2000-07-13,56544,3,25.11,8.83,,
370434,P,2000-07-28,89268,6,13.14,3.91,,
370435,P,2000-08-20,23516,8,97.42,1.37,,
370436,P,2001-11-02,23929,8,38.95,8.61,,
370437,P,2001-05-28,53215,5,12.95,1.56,,
370438,P,2000-08-14,46519,1,12.08,5.10,,
370439,P,2001-07-06,80400,1,35.35,5.33,,
370440,P,2000-07-08,18698,3,67.76,8.44,,
370441,P,2000-12-31,75227,7,75.50,1.49,,
370442,P,2001-03-31,16922,10,43.45,3.19,,
370443,P,2000-04-10,67307,4,6.90,6.29,,
370444,P,2001-05-15,31085,9,72.32,0.33,,
370445,P,2001-02-15,33926,1,50.95,8.71,,
370446,P,2002-06-29,33860,9,17.71,5.70,,
370447,P,2000-02-27,45079,2,17.16,5.74,,
370448,P,2000-03-31,31844,4,31.46,4.87,,
370449,P,2000-09-30,20149,10,74.50,1.69,,
370450,P,2001-06-17,32576,2,40.34,1.99,,
370451,P,2001-05-25,27124,8,13.84,7.57,,
370452,P,2001-02-01,58933,6,91.20,6.08,,
370453,P,2000-03-17,81623,9,84.80,4.65,,
370454,P,2001-03-28,69643,9,58.36,5.57,,
370455,P,2001-05-06,59572,3,86.72,7.44,,
370456,P,2002-09-12,79236,6,24.00,4.81,,
370457,P,2001-04-12,82210,4,39.80,9.93,,
370458,P,2002-04-18,97864,8,53.99,2.62,,
370459,P,2000-04-23,47010,6,19.62,4.54,,
370460,P,2001-08-04,40329,7,96.41,7.28,,
370461,P,2001-08-10,31131,5,48.16,4.56,,
370462,P,2001-08-01,27523,8,55.27,9.10,,
370463,P,2000-04-30,44055,10,19.87,5.74,,
370464,P,2000-06-28,6529,6,42.83,8.99,,
370465,P,2000-05-15,88117,10,30.77,8.07,,
370466,P,2000-08-22,5395,4,52.65,3.79,,
370467,P,2001-10-23,12279,6,54.51,3.17,,
370468,P,2002-05-04,31534,10,74.36,1.04,,
370469,P,2000-11-21,13643,1,46.92,8.81,,
370470,P,2001-08-07,36492,2,9.51,0.04,,
370471,P,2001-11-26,85128,6,89.80,0.14,,
370472,P,2000-09-15,42278,3,79.25,5.30,,
370473,P,2000-09-30,91617,8,20.29,4.47,,
370474,P,2000-03-05,19756,8,32.76,6.85,,
370475,P,2001-04-24,83955,5,51.41,4.42,,
370476,P,2001-01-30,45104,9,93.19,3.09,,
370477,P,2002-04-06,85590,6,77.34,8.80,,
370478,P,2000-04-01,43454,2,57.55,5.94,,
370479,P,2001-06-15,8368,5,83.56,6.74,,
370480,P,2000-10-22,55447,6,5.76,5.00,,
370481,P,2000-11-02,51079,8,96.01,3.44,,
370482,P,2001-07-13,4147,6,93.30,9.84,,
370483,P,2001-11-18,47352,3,1.44,2.76,,
370484,P,2001-06-22,65318,7,16.81,9.05,,
370485,P,2001-10-26,64727,1,70.84,6.56,,
370486,P,2000-11-22,74664,2,14.95,5.09,,
370487,P,2001-05-28,85154,1,0.19,1.42,,
370488,P,2001-11-10,89851,5,94.22,6.30,,
370489,P,2001-08-14,3455,6,24.86,3.44,,
370490,P,2001-12-15,39753,5,21.14,8.14,,
370491,P,2000-04-19,42250,7,31.30,7.32,,
370492,P,2001-09-12,63571,3,21.22,0.53,,
370493,P,2001-03-24,82847,10,10.60,1.59,,
370494,P,2001-10-05,82959,2,74.22,6.69,,
370495,P,2002-09-12,31272,9,17.19,0.14,,
370496,P,2000-05-06,22044,4,67.29,6.55,,
370497,P,2000-06-10,21491,9,49.71,5.56,,
370498,P,2002-08-01,97284,9,75.96,8.38,,
370499,P,2001-07-30,62783,4,80.05,5.76,,
370500,P,2002-09-15,1954,7,7.11,7.79,,
370501,P,2001-05-07,30381,1,91.09,1.85,,
370502,P,2000-08-02,75456,6,2.20,1.28,,
370503,P,2001-01-28,61772,8,34.28,2.73,,
370504,P,2001-06-12,55569,7,79.59,7.75,,
370505,P,2001-07-21,82048,5,51.72,9.73,,
370506,P,2000-06-23,53385,6,27.62,7.24,,
370507,P,2002-04-20,84757,10,21.77,6.56,,
370508,P,2000-07-12,68540,2,19.12,8.89,,
370509,P,2002-01-23,50743,10,46.73,9.58,,
370510,P,2001-10-20,19076,2,53.00,9.23,,
370511,P,2001-08-25,96793,4,33.07,6.40,,
370512,P,2000-09-05,99452,7,53.73,2.39,,
370513,P,2000-04-26,44805,10,86.75,3.29,,
370514,P,2001-12-24,45522,4,75.79,6.89,,
370515,P,2001-01-05,97978,4,42.46,9.46,,
370516,P,2000-01-09,41891,1,28.25,0.09,,
370517,P,2002-06-14,14594,7,66.23,1.79,,
370518,P,2000-09-24,20702,4,83.19,3.43,,
370519,P,2000-06-14,80646,7,68.68,5.27,,
370520,P,2000-01-19,98829,5,81.31,5.37,,
370521,P,2000-05-06,78041,2,72.66,1.32,,
370522,P,2001-09-14,33359,2,15.23,0.14,,
370523,P,2001-11-22,62210,8,74.48,6.55,,
370524,P,2002-06-18,14415,1,31.42,2.71,,
370525,P,2001-12-29,89313,5,93.59,0.81,,
370526,P,2002-07-17,14200,2,78.28,9.69,,
370527,P,2000-07-07,41211,7,29.21,9.35,,
370528,P,2002-06-30,72631,3,39.69,4.08,,
370529,P,2001-05-26,45269,3,42.38,5.61,,
370530,P,2001-03-28,24291,5,16.69,6.61,,
370531,P,2002-04-29,35265,9,91.25,7.96,,
370532,P,2001-07-19,78578,3,32.53,1.52,,
370533,P,2000-04-10,15084,5,81.74,5.66,,
370534,P,2000-12-27,47236,6,67.46,0.51,,
370535,P,2002-06-29,42598,9,49.56,3.40,,
370536,P,2000-10-12,19265,7,17.48,4.97,,
370537,P,2001-04-29,99763,1,93.92,0.22,,
370538,P,2001-07-02,24644,1,40.44,9.25,,
370539,P,2001-06-05,18941,6,62.22,2.76,,
370540,P,2000-01-04,47908,1,75.05,8.74,,
370541,P,2002-03-09,37456,1,43.52,3.95,,
370542,P,2002-03-12,68934,5,41.03,9.07,,
370543,P,2001-10-11,80131,8,43.79,3.50,,
370544,P,2000-07-25,68242,4,80.29,2.78,,
370545,P,2002-03-05,20230,7,61.14,6.37,,
370546,P,2001-10-29,96418,7,68.36,2.67,,
370547,P,2001-09-13,72768,4,35.19,7.47,,
370548,P,2002-07-06,1868,3,96.67,4.24,,
370549,P,2002-06-24,35291,6,87.57,2.31,,
370550,P,2002-03-20,99200,6,52.78,2.96,,
370551,P,2001-08-21,86791,1,47.38,5.99,,
370552,P,2000-09-01,69974,1,84.93,9.86,,
370553,P,2000-12-20,1140,7,80.45,6.33,,
370554,P,2000-10-23,36714,9,18.72,5.66,,
370555,P,2002-02-01,40419,7,39.60,5.62,,
370556,P,2000-06-26,58730,2,77.06,0.94,,
370557,P,2001-08-27,82886,6,50.35,3.03,,
370558,P,2001-07-09,38559,5,19.55,5.05,,
370559,P,2001-02-02,75290,3,39.54,9.53,,
370560,P,2002-06-30,32220,1,24.60,1.42,,
370561,P,2000-04-28,78588,10,6.24,2.01,,
370562,P,2002-03-03,18758,3,24.77,2.06,,
370563,P,2002-04-03,24209,6,89.63,0.08,,
370564,P,2002-06-08,52953,2,91.62,6.74,,
370565,P,2001-03-05,64807,4,90.00,0.55,,
370566,P,2001-06-03,48893,10,85.13,9.62,,
370567,P,2000-08-24,71417,7,38.65,8.98,,
370568,P,2002-07-28,9792,5,59.56,0.82,,
370569,P,2002-05-12,47549,5,47.83,3.79,,
370570,P,2000-11-15,25091,9,63.70,9.38,,
370571,P,2000-01-25,57500,10,86.67,2.55,,
370572,P,2001-02-03,81549,5,84.03,9.28,,
370573,P,2002-09-20,49523,8,17.39,4.68,,
370574,P,2002-07-23,35775,10,59.52,4.73,,
370575,P,2000-12-07,49657,5,25.41,3.83,,
370576,P,2001-06-04,31515,1,28.11,3.87,,
370577,P,2001-07-09,34872,3,99.65,4.15,,
370578,P,2000-08-12,74477,2,30.60,1.74,,
370579,P,2001-06-13,18050,10,16.79,2.92,,
370580,P,2002-07-12,35260,8,58.11,3.05,,
370581,P,2000-03-18,98147,9,57.95,4.03,,
370582,P,2000-07-23,63147,4,75.42,5.64,,
370583,P,2002-08-07,78136,3,81.08,3.52,,
370584,P,2000-04-28,31346,8,94.64,5.10,,
370585,P,2002-09-12,27292,7,51.90,4.95,,
370586,P,2000-01-13,92122,4,49.78,0.54,,
370587,P,2001-02-16,11151,3,11.54,0.52,,
370588,P,2001-03-29,39733,7,99.34,3.61,,
370589,P,2002-02-13,23515,8,4.89,4.05,,
370590,P,2002-03-07,4913,3,31.93,6.29,,
370591,P,2000-06-27,74650,8,24.25,5.61,,
370592,P,2001-12-13,55574,3,22.77,0.48,,
370593,P,2001-09-19,29492,8,18.62,6.24,,
370594,P,2000-08-01,49625,2,93.55,6.35,,
370595,P,2000-05-09,5235,10,15.56,6.91,,
370596,P,2000-11-10,65825,1,16.41,6.22,,
370597,P,2001-12-10,29116,2,17.00,7.13,,
370598,P,2001-05-02,23186,4,96.65,3.32,,
370599,P,2000-07-27,97860,1,57.22,5.56,,
370600,P,2001-05-15,85028,5,7.49,7.79,,
370601,P,2001-07-25,25743,10,87.06,3.70,,
370602,P,2000-12-31,19115,10,51.00,3.48,,
370603,P,2000-10-21,8507,10,84.89,9.78,,
370604,P,2001-01-11,36300,9,36.54,9.14,,
370605,P,2001-07-15,42373,6,93.87,3.92,,
370606,P,2002-08-07,15690,5,68.47,0.41,,
370607,P,2001-11-29,92186,5,28.42,9.68,,
370608,P,2001-07-26,92251,8,51.10,8.25,,
370609,P,2001-05-05,58025,7,37.14,9.80,,
370610,P,2002-05-30,60512,5,73.89,5.54,,
370611,P,2001-05-03,9302,5,55.38,8.45,,
370612,P,2000-02-10,50440,8,54.97,1.63,,
370613,P,2001-01-20,57215,2,43.10,1.95,,
370614,P,2002-02-22,46049,4,51.28,8.30,,
370615,P,2002-08-24,47920,8,53.29,4.49,,
370616,P,2000-10-04,52292,9,94.73,9.41,,
370617,P,2001-10-28,85454,10,63.76,0.86,,
370618,P,2002-04-11,78836,2,88.08,8.91,,
370619,P,2002-04-29,7945,1,81.18,7.25,,
370620,P,2001-07-17,60343,7,82.19,3.43,,
370621,P,2001-03-27,76804,7,80.22,0.21,,
370622,P,2001-09-26,56068,3,69.23,1.99,,
370623,P,2002-07-25,69554,8,72.00,0.56,,
370624,P,2001-01-06,85314,8,85.98,6.95,,
370625,P,2002-03-23,16807,2,22.39,1.56,,
370626,P,2001-03-31,32027,7,28.49,8.47,,
370627,P,2001-05-17,5334,2,10.74,9.70,,
370628,P,2001-03-19,67403,7,27.17,7.82,,
370629,P,2000-01-09,10946,6,51.07,6.11,,
370630,P,2001-07-03,12747,6,46.75,1.70,,
370631,P,2000-07-27,76112,7,36.68,6.94,,
370632,P,2000-05-28,55992,9,16.87,1.29,,
370633,P,2001-08-07,36855,9,17.62,2.89,,
370634,P,2001-01-11,22789,4,90.33,7.27,,
370635,P,2002-07-21,53909,8,20.13,4.37,,
370636,P,2000-05-27,93838,10,54.41,0.90,,
370637,P,2002-05-22,8472,9,50.32,3.82,,
370638,P,2002-04-19,44049,6,38.67,8.25,,
370639,P,2001-05-03,56256,1,95.51,0.66,,
370640,P,2000-10-15,75413,9,99.72,9.32,,
370641,P,2001-08-10,95786,2,11.97,0.53,,
370642,P,2002-09-20,71409,7,20.95,1.87,,
370643,P,2000-10-11,40138,8,4.45,7.82,,
370644,P,2000-06-11,15210,4,96.51,4.68,,
370645,P,2000-03-31,65604,9,16.57,3.17,,
370646,P,2000-09-20,70668,3,63.94,5.03,,
370647,P,2001-08-10,34334,7,7.48,4.13,,
370648,P,2001-10-11,18828,4,38.25,9.85,,
370649,P,2001-12-21,87795,1,66.06,0.72,,
370650,P,2002-09-08,88057,10,46.30,3.59,,
370651,P,2001-09-11,23522,10,53.41,2.40,,
370652,P,2001-03-16,92129,3,20.15,6.68,,
370653,P,2001-12-27,48427,8,41.30,8.26,,
370654,P,2001-05-03,63181,1,6.71,6.81,,
370655,P,2001-10-01,57215,3,82.81,4.99,,
370656,P,2002-06-19,79162,9,77.58,7.53,,
370657,P,2002-03-24,48322,2,10.65,4.40,,
370658,P,2000-09-13,29006,7,82.95,0.26,,
370659,P,2000-05-22,39942,8,18.80,0.46,,
370660,P,2001-08-25,78400,3,28.67,5.61,,
370661,P,2000-09-29,99310,3,93.19,4.71,,
370662,P,2001-08-28,77502,4,24.50,6.25,,
370663,P,2000-09-04,58461,5,53.35,7.99,,
370664,P,2001-05-23,37840,8,80.11,4.27,,
370665,P,2002-01-21,85225,7,17.53,6.28,,
370666,P,2000-05-22,60374,8,85.07,4.11,,
370667,P,2001-03-13,25275,10,90.94,7.88,,
370668,P,2000-06-07,27664,8,21.71,3.65,,
370669,P,2002-07-01,37728,5,81.33,8.17,,
370670,P,2000-09-14,4206,1,86.68,2.46,,
370671,P,2001-05-20,86413,6,33.38,8.39,,
370672,P,2001-12-17,68106,9,75.08,7.96,,
370673,P,2000-07-01,4813,5,25.87,2.01,,
370674,P,2000-07-24,93729,6,8.16,3.66,,
370675,P,2001-02-02,82863,8,67.17,5.87,,
370676,P,2002-07-04,70763,3,12.94,2.57,,
370677,P,2001-01-23,15377,10,93.93,2.27,,
370678,P,2001-08-10,80038,1,84.50,6.54,,
370679,P,2000-10-30,63138,8,16.60,8.27,,
370680,P,2000-05-03,86652,2,33.49,3.09,,
370681,P,2000-03-13,6391,8,69.31,3.97,,
370682,P,2000-04-21,93077,3,14.98,3.41,,
370683,P,2000-03-10,81744,6,0.90,9.58,,
370684,P,2002-07-17,21234,4,21.31,9.29,,
370685,P,2002-04-26,49341,1,92.56,4.88,,
370686,P,2002-01-06,38810,5,39.61,7.16,,
370687,P,2001-08-06,90951,5,68.39,3.95,,
370688,P,2002-06-19,12940,4,27.70,6.75,,
370689,P,2000-07-30,77502,2,2.27,8.68,,
370690,P,2000-04-19,95989,5,42.69,8.41,,
370691,P,2002-05-05,89640,1,86.68,8.96,,
370692,P,2001-03-14,86119,8,18.00,7.65,,
370693,P,2000-04-03,89426,5,0.07,5.96,,
370694,P,2001-02-19,56173,1,94.48,7.82,,
370695,P,2000-07-16,61931,2,92.51,5.23,,
370696,P,2001-06-10,33630,7,65.85,5.48,,
370697,P,2002-09-10,27004,5,71.44,0.26,,
370698,P,2000-09-16,22965,1,91.21,8.36,,
370699,P,2002-05-03,29557,10,64.57,4.94,,
370700,P,2000-12-22,66184,1,38.60,8.63,,
370701,P,2000-07-25,78098,10,66.97,4.92,,
370702,P,2001-05-01,67958,2,91.63,7.23,,
370703,P,2001-05-23,86620,3,18.48,5.69,,
370704,P,2000-11-17,1392,5,39.79,9.60,,
370705,P,2002-07-23,61112,7,3.87,1.16,,
370706,P,2000-10-22,1014,6,33.80,9.57,,
370707,P,2001-09-15,8953,9,35.54,6.03,,
370708,P,2002-05-22,40432,2,8.62,8.90,,
370709,P,2000-04-19,74458,8,90.22,4.49,,
370710,P,2001-04-16,70098,7,97.86,8.06,,
370711,P,2000-04-22,15587,1,37.66,6.20,,
370712,P,2001-01-08,56478,8,4.53,5.82,,
370713,P,2000-10-16,29960,3,33.20,4.66,,
370714,P,2000-12-27,24262,2,54.85,9.72,,
370715,P,2002-09-03,88954,4,17.41,7.15,,
370716,P,2002-08-25,66319,4,5.64,3.87,,
370717,P,2000-03-13,32905,4,72.45,7.28,,
370718,P,2001-04-12,46397,6,9.95,9.66,,
370719,P,2002-03-27,34567,9,92.11,7.54,,
370720,P,2000-05-25,8086,2,23.53,6.16,,
370721,P,2000-09-13,77942,6,65.92,9.47,,
370722,P,2001-07-15,69865,2,94.72,1.57,,
370723,P,2002-02-19,94488,1,91.74,9.25,,
370724,P,2000-02-24,585,9,98.29,4.40,,
370725,P,2002-07-23,95885,3,26.28,1.42,,
370726,P,2000-03-10,2013,1,75.80,0.24,,
370727,P,2002-03-26,36771,8,40.24,9.28,,
370728,P,2000-08-20,51120,7,68.84,8.88,,
370729,P,2000-05-06,70284,5,79.54,5.74,,
370730,P,2001-02-19,449,2,49.08,9.77,,
370731,P,2000-07-26,94625,10,59.01,1.47,,
370732,P,2001-03-08,63392,7,37.25,1.25,,
370733,P,2000-05-06,19365,4,71.60,7.97,,
370734,P,2001-12-07,48599,7,30.00,5.53,,
370735,P,2001-07-02,76701,9,87.30,1.13,,
370736,P,2000-03-08,97559,10,73.93,3.77,,
370737,P,2000-01-05,91038,3,32.37,5.82,,
370738,P,2000-07-18,71277,4,39.31,6.60,,
370739,P,2001-01-27,10790,3,89.42,5.88,,
370740,P,2000-12-21,91855,3,36.20,5.02,,
370741,P,2001-01-11,38968,9,53.34,0.13,,
370742,P,2001-01-25,90877,9,1.99,3.39,,
370743,P,2000-04-29,34121,4,19.35,0.60,,
370744,P,2001-04-07,77466,6,2.47,4.93,,
370745,P,2001-07-02,74907,7,6.22,6.16,,
370746,P,2002-05-31,61174,3,29.03,7.08,,
370747,P,2001-07-10,65783,5,46.68,5.00,,
370748,P,2002-04-03,92954,4,85.42,5.47,,
370749,P,2001-05-21,57893,4,92.91,2.69,,
370750,P,2001-07-13,96600,6,87.60,7.96,,
370751,P,2001-09-15,70824,5,59.23,6.00,,
370752,P,2000-10-10,47006,10,22.12,4.25,,
370753,P,2001-02-16,17209,4,34.95,2.97,,
370754,P,2000-11-19,32060,9,25.27,4.10,,
370755,P,2002-04-26,15501,7,84.22,2.52,,
370756,P,2000-08-03,29320,8,21.18,1.11,,
370757,P,2000-10-22,84611,6,34.99,8.29,,
370758,P,2002-05-17,63530,2,98.14,4.32,,
370759,P,2000-09-07,17751,4,47.54,8.02,,
370760,P,2000-12-02,58737,1,13.64,0.48,,
370761,P,2001-11-04,8371,3,90.49,3.96,,
370762,P,2002-03-29,37083,5,75.09,8.31,,
370763,P,2002-09-11,46253,2,19.63,8.15,,
370764,P,2001-02-05,77655,3,53.04,5.12,,
370765,P,2000-04-18,3625,5,86.23,3.13,,
370766,P,2002-01-17,22117,1,95.80,0.93,,
370767,P,2001-07-25,4911,3,60.22,3.77,,
370768,P,2000-08-11,70412,5,43.88,0.76,,
370769,P,2000-08-31,89830,7,76.59,4.36,,
370770,P,2001-01-26,85802,7,58.47,0.44,,
370771,P,2000-04-28,65310,1,64.75,3.46,,
370772,P,2001-07-06,65859,2,14.69,2.98,,
370773,P,2001-09-21,47076,8,98.82,9.00,,
370774,P,2001-01-25,41484,6,5.96,6.55,,
370775,P,2000-05-11,24873,8,80.73,1.91,,
370776,P,2001-10-06,41959,10,40.77,2.07,,
370777,P,2001-01-02,28578,3,50.66,5.71,,
370778,P,2002-03-09,66012,8,29.50,0.52,,
370779,P,2002-05-25,78673,9,28.68,8.83,,
370780,P,2000-05-20,95428,3,37.55,9.79,,
370781,P,2000-04-28,78662,7,90.75,0.39,,
370782,P,2001-04-25,75576,3,49.92,1.39,,
370783,P,2000-05-07,19756,9,78.02,5.49,,
370784,P,2000-12-26,79461,4,84.88,3.77,,
370785,P,2002-09-02,57516,8,66.53,3.89,,
370786,P,2001-02-13,2610,7,50.32,2.88,,
370787,P,2001-12-09,13173,1,84.55,9.19,,
370788,P,2001-05-20,11347,3,4.98,8.01,,
370789,P,2000-08-09,19338,8,17.42,5.64,,
370790,P,2001-06-26,21509,10,7.50,1.00,,
370791,P,2000-12-20,32811,2,37.68,6.00,,
370792,P,2002-02-17,58343,2,88.17,3.98,,
370793,P,2002-09-09,72611,1,71.96,1.25,,
370794,P,2000-09-05,49687,7,13.98,5.37,,
370795,P,2001-01-19,54062,3,67.31,4.56,,
370796,P,2000-07-11,30868,2,84.82,1.61,,
370797,P,2002-08-16,37092,6,50.14,4.12,,
370798,P,2002-03-29,85728,9,24.69,3.33,,
370799,P,2002-02-17,97541,4,11.88,6.19,,
370800,P,2000-04-02,84770,5,70.55,6.99,,
370801,P,2000-12-07,77157,4,97.41,4.72,,
370802,P,2000-12-02,86725,10,23.94,5.87,,
370803,P,2002-04-14,3063,2,54.74,2.92,,
370804,P,2002-01-01,90286,7,55.98,6.93,,
370805,P,2001-07-15,36634,6,40.31,2.02,,
370806,P,2001-10-03,76162,10,20.82,6.02,,
370807,P,2001-01-13,2629,8,65.64,6.56,,
370808,P,2001-09-05,21413,3,45.24,2.65,,
370809,P,2002-03-16,6760,1,11.21,6.15,,
370810,P,2001-01-07,25799,10,37.83,3.13,,
370811,P,2000-02-01,49348,6,73.45,0.79,,
370812,P,2000-04-14,88349,10,29.54,4.91,,
370813,P,2002-03-19,20599,8,35.21,1.00,,
370814,P,2002-03-24,94018,8,51.58,3.70,,
370815,P,2002-08-20,13502,5,64.61,7.71,,
370816,P,2000-04-11,12950,1,89.68,2.97,,
370817,P,2001-08-21,16116,5,95.56,0.62,,
370818,P,2000-08-20,25476,2,47.52,4.35,,
370819,P,2000-07-08,9431,8,80.45,7.10,,
370820,P,2001-07-28,64048,8,15.43,9.07,,
370821,P,2000-04-27,71942,4,69.10,2.25,,
370822,P,2002-04-04,17744,9,76.61,2.60,,
370823,P,2001-03-24,51005,10,17.69,6.17,,
370824,P,2001-11-24,55255,1,82.21,0.93,,
370825,P,2000-03-06,2932,7,9.60,9.42,,
370826,P,2000-08-18,17475,7,76.74,2.00,,
370827,P,2001-06-18,59635,8,93.75,2.00,,
370828,P,2002-06-17,6755,9,64.37,4.81,,
370829,P,2001-10-07,7337,4,93.88,7.43,,
370830,P,2002-04-11,77624,6,68.05,6.62,,
370831,P,2000-11-08,89021,2,55.02,6.02,,
370832,P,2000-08-06,31370,2,92.56,0.06,,
370833,P,2000-09-25,1295,3,82.99,6.64,,
370834,P,2001-03-02,87030,10,36.29,8.88,,
370835,P,2000-11-16,61427,2,22.47,6.59,,
370836,P,2001-12-02,21679,8,36.11,4.57,,
370837,P,2001-12-23,65177,2,29.99,1.20,,
370838,P,2000-06-14,69928,2,80.70,5.91,,
370839,P,2002-02-18,29199,8,95.50,0.93,,
370840,P,2001-03-29,17806,1,80.18,3.18,,
370841,P,2001-11-10,63682,4,43.39,1.00,,
370842,P,2000-08-21,95411,2,31.01,1.79,,
370843,P,2000-07-29,79041,9,11.12,0.16,,
370844,P,2000-09-01,69873,10,86.58,8.09,,
370845,P,2001-04-26,65406,5,75.00,0.07,,
370846,P,2000-10-27,77746,8,71.96,0.33,,
370847,P,2001-08-12,62031,9,31.19,3.62,,
370848,P,2001-09-20,75277,2,74.25,9.60,,
370849,P,2001-01-25,11165,4,89.84,1.50,,
370850,P,2001-01-13,27332,9,69.15,5.39,,
370851,P,2001-01-31,30455,2,51.00,7.75,,
370852,P,2001-11-15,33581,6,5.64,6.75,,
370853,P,2002-03-14,50636,7,17.08,3.52,,
370854,P,2001-06-23,49305,7,98.68,1.68,,
370855,P,2002-05-15,53274,2,8.55,2.49,,
370856,P,2001-05-11,1984,4,78.86,1.44,,
370857,P,2000-08-23,7267,7,81.80,3.26,,
370858,P,2002-02-19,35792,7,13.49,5.99,,
370859,P,2001-12-14,57087,10,45.62,2.67,,
370860,P,2002-05-16,13770,7,25.34,9.97,,
370861,P,2002-04-26,43970,5,9.07,0.84,,
370862,P,2000-09-26,97456,1,48.61,4.42,,
370863,P,2000-05-11,84392,10,61.13,9.45,,
370864,P,2001-09-21,51754,4,78.54,0.17,,
370865,P,2001-04-15,77560,4,36.26,3.79,,
370866,P,2000-08-19,69936,3,56.44,6.42,,
370867,P,2001-03-11,94217,5,14.86,5.27,,
370868,P,2002-09-09,25818,2,24.01,4.78,,
370869,P,2002-03-16,8813,5,25.66,4.34,,
370870,P,2002-09-17,29113,6,43.35,6.57,,
370871,P,2001-10-15,83842,8,97.91,7.06,,
370872,P,2001-11-22,55844,10,92.24,0.86,,
370873,P,2000-02-16,90310,7,79.20,5.16,,
370874,P,2001-12-31,7845,5,75.70,0.84,,
370875,P,2002-09-04,83708,8,47.38,9.56,,
370876,P,2000-08-16,13231,6,33.83,3.77,,
370877,P,2000-06-07,9888,6,15.14,7.24,,
370878,P,2002-08-06,91850,4,95.19,8.46,,
370879,P,2001-05-11,8307,3,61.05,4.15,,
370880,P,2002-08-31,99490,4,64.68,0.19,,
370881,P,2001-11-18,57420,3,28.62,0.49,,
370882,P,2001-06-12,9227,3,3.92,4.25,,
370883,P,2001-01-28,63692,7,69.05,2.36,,
370884,P,2002-08-19,91549,5,58.89,1.49,,
370885,P,2000-05-17,76137,5,35.42,8.28,,
370886,P,2001-12-13,38118,5,47.85,0.74,,
370887,P,2001-03-31,86345,8,26.11,2.43,,
370888,P,2001-03-08,63112,6,12.70,1.82,,
370889,P,2000-03-22,6782,4,18.66,7.36,,
370890,P,2000-12-03,54976,10,10.54,9.18,,
370891,P,2000-09-27,20595,1,60.99,6.40,,
370892,P,2001-11-10,11941,3,48.16,3.87,,
370893,P,2001-05-12,14235,9,46.95,4.22,,
370894,P,2002-01-22,84674,10,59.63,4.92,,
370895,P,2002-05-02,59332,7,38.05,4.87,,
370896,P,2000-04-04,63164,10,62.72,8.14,,
370897,P,2002-02-08,30188,9,30.23,7.45,,
370898,P,2001-03-01,22244,3,0.71,2.21,,
370899,P,2000-03-14,65476,5,59.73,7.42,,
370900,P,2001-09-30,68517,10,66.24,8.23,,
370901,P,2000-04-07,9674,2,51.73,6.99,,
370902,P,2001-04-02,26128,10,76.94,6.33,,
370903,P,2002-02-26,67752,1,11.57,1.16,,
370904,P,2000-02-12,8325,3,32.25,6.00,,
370905,P,2001-06-25,41984,7,76.19,1.19,,
370906,P,2001-03-24,2070,7,34.17,0.13,,
370907,P,2002-08-01,15233,8,98.69,2.90,,
370908,P,2002-07-15,89070,9,43.48,5.47,,
370909,P,2000-12-23,43503,1,51.31,0.00,,
370910,P,2000-03-11,31709,7,52.13,8.88,,
370911,P,2000-03-26,15171,8,48.64,0.05,,
370912,P,2002-03-26,6249,10,71.75,1.83,,
370913,P,2002-05-27,32522,1,99.79,0.74,,
370914,P,2000-10-16,61236,1,14.17,0.31,,
370915,P,2000-12-09,68715,6,49.29,9.26,,
370916,P,2000-09-03,36200,8,47.33,9.71,,
370917,P,2002-05-29,89158,10,21.43,0.55,,
370918,P,2001-03-28,54912,8,10.96,6.53,,
370919,P,2000-03-05,61565,9,39.69,5.65,,
370920,P,2002-06-26,84764,5,70.52,9.95,,
370921,P,2000-04-05,57957,2,92.32,9.71,,
370922,P,2000-04-01,29409,6,96.89,3.65,,
370923,P,2002-09-11,67729,9,88.65,2.20,,
370924,P,2000-10-30,13063,6,92.48,3.89,,
370925,P,2000-07-17,63383,3,21.89,8.27,,
370926,P,2002-06-16,13768,8,71.69,6.29,,
370927,P,2001-04-26,90317,1,10.38,5.30,,
370928,P,2002-01-01,61414,9,41.10,8.64,,
370929,P,2002-01-18,93460,8,44.97,0.68,,
370930,P,2001-09-09,70849,8,9.17,1.57,,
370931,P,2001-11-20,71710,4,50.22,4.60,,
370932,P,2001-07-27,18305,1,65.03,5.93,,
370933,P,2002-05-28,34248,4,80.92,8.26,,
370934,P,2001-05-09,35246,5,1.23,9.59,,
370935,P,2002-04-28,89071,1,97.89,3.34,,
370936,P,2002-05-02,41250,3,56.62,8.10,,
370937,P,2000-09-21,99618,3,21.93,6.76,,
370938,P,2000-01-27,69885,5,86.15,3.79,,
370939,P,2002-08-17,90817,5,62.95,2.96,,
370940,P,2002-05-19,12383,8,98.58,3.25,,
370941,P,2001-02-25,24464,5,24.49,7.46,,
370942,P,2000-09-19,68590,1,58.66,0.57,,
370943,P,2002-05-28,82278,8,87.14,3.51,,
370944,P,2001-03-12,43290,4,37.92,1.25,,
370945,P,2001-02-06,77995,5,23.73,3.30,,
370946,P,2000-05-29,20172,8,44.05,4.62,,
370947,P,2001-11-08,87369,8,58.07,6.62,,
370948,P,2000-10-15,9327,3,5.78,9.29,,
370949,P,2001-10-09,12946,9,63.23,2.73,,
370950,P,2000-06-15,97507,4,42.27,4.26,,
370951,P,2001-12-10,40652,1,93.04,6.47,,
370952,P,2000-11-23,43534,5,24.25,9.96,,
370953,P,2001-10-23,12590,10,88.78,9.09,,
370954,P,2000-07-12,45523,5,18.98,3.68,,
370955,P,2001-09-07,61234,5,38.75,4.17,,
370956,P,2000-08-06,47770,3,80.78,3.10,,
370957,P,2000-06-20,21779,8,44.09,6.05,,
370958,P,2002-06-19,73849,9,17.37,0.73,,
370959,P,2002-08-10,17380,4,19.49,1.03,,
370960,P,2000-11-01,67100,1,43.33,1.04,,
370961,P,2000-12-10,32043,8,79.25,7.97,,
370962,P,2001-10-31,11549,1,69.61,1.04,,
370963,P,2002-02-04,28591,8,85.57,6.58,,
370964,P,2002-03-31,56713,6,4.88,7.65,,
370965,P,2002-07-22,79210,7,43.35,8.31,,
370966,P,2000-11-26,64169,5,83.73,7.70,,
370967,P,2000-01-05,53752,10,76.08,3.42,,
370968,P,2002-07-04,5842,2,24.06,5.94,,
370969,P,2002-08-24,22596,4,8.68,6.93,,
370970,P,2000-12-27,92092,5,35.46,5.37,,
370971,P,2001-02-21,54562,2,41.84,4.56,,
370972,P,2001-10-19,62877,1,73.95,2.55,,
370973,P,2001-12-31,29281,10,25.49,0.08,,
370974,P,2000-08-17,75040,5,23.57,3.22,,
370975,P,2002-08-18,54856,4,83.99,2.31,,
370976,P,2001-10-06,8477,8,88.80,3.78,,
370977,P,2000-08-30,1281,9,36.14,8.97,,
370978,P,2002-02-23,46240,7,42.13,8.67,,
370979,P,2000-05-14,25659,8,44.07,6.41,,
370980,P,2002-04-12,45440,1,74.20,2.36,,
370981,P,2002-07-15,95254,10,28.81,2.53,,
370982,P,2001-05-28,8312,8,77.64,3.69,,
370983,P,2002-06-17,49007,5,39.06,7.91,,
370984,P,2001-08-05,7834,4,39.66,6.65,,
370985,P,2001-12-04,60836,4,21.38,7.55,,
370986,P,2000-01-28,88155,10,95.21,7.91,,
370987,P,2001-07-31,22371,7,66.11,2.89,,
370988,P,2002-08-13,8118,10,10.96,4.44,,
370989,P,2000-03-12,43240,4,65.33,6.51,,
370990,P,2001-10-01,45233,4,88.09,7.63,,
370991,P,2002-08-23,78005,9,98.32,4.23,,
370992,P,2001-04-26,84634,2,52.60,5.06,,
370993,P,2000-09-26,94289,8,67.78,0.86,,
370994,P,2000-08-28,93070,10,9.60,7.55,,
370995,P,2000-12-24,12734,4,48.09,7.18,,
370996,P,2001-03-06,62692,5,31.67,4.62,,
370997,P,2000-12-01,51447,1,89.94,7.81,,
370998,P,2002-02-12,55271,8,12.29,0.88,,
370999,P,2000-12-27,1512,6,49.41,0.73,,
371000,P,2000-05-28,64841,2,78.81,2.06,,
371001,P,2001-07-28,41196,7,16.20,8.97,,
371002,P,2000-08-08,9791,10,28.53,1.70,,
371003,P,2002-01-02,27824,7,1.21,9.66,,
371004,P,2000-04-05,66249,9,58.49,6.25,,
371005,P,2001-08-17,71386,10,44.47,7.18,,
371006,P,2001-11-15,67245,9,25.45,0.33,,
371007,P,2002-07-15,16363,10,13.47,2.28,,
371008,P,2002-04-16,53182,7,40.14,6.66,,
371009,P,2000-05-08,22014,7,13.60,5.36,,
371010,P,2002-04-25,73115,2,23.06,9.45,,
371011,P,2002-02-26,37250,6,81.47,6.30,,
371012,P,2002-05-30,95954,3,28.71,2.90,,
371013,P,2001-09-15,34866,2,84.96,0.57,,
371014,P,2000-07-09,12420,10,32.46,2.48,,
371015,P,2001-04-08,18296,8,62.57,0.72,,
371016,P,2000-04-29,26117,4,59.82,8.88,,
371017,P,2001-02-13,46115,4,11.80,8.98,,
371018,P,2002-02-10,53068,2,9.73,7.13,,
371019,P,2002-02-02,43936,6,20.56,8.31,,
371020,P,2000-10-08,77950,2,88.16,1.38,,
371021,P,2000-06-09,99828,2,92.31,7.01,,
371022,P,2001-05-23,54693,2,91.18,9.73,,
371023,P,2002-09-22,27000,4,59.58,4.51,,
371024,P,2001-11-18,67012,8,79.80,6.49,,
371025,P,2000-01-11,56921,4,6.00,0.20,,
371026,P,2001-03-14,52745,9,82.95,3.10,,
371027,P,2000-10-12,34549,1,51.53,4.42,,
371028,P,2001-09-11,57418,7,33.57,9.35,,
371029,P,2002-01-29,4367,10,55.27,7.32,,
371030,P,2001-10-19,60972,6,52.36,3.70,,
371031,P,2002-09-24,43111,7,44.42,9.93,,
371032,P,2000-04-21,98336,1,1.69,4.64,,
371033,P,2001-03-24,61374,5,98.07,5.16,,
371034,P,2000-12-12,43974,3,88.22,4.21,,
371035,P,2001-04-18,60680,8,24.93,7.23,,
371036,P,2001-07-25,75341,9,0.98,7.47,,
371037,P,2000-05-07,93747,10,10.21,4.21,,
371038,P,2001-04-21,73457,7,71.09,6.99,,
371039,P,2000-02-06,34935,2,62.32,4.39,,
371040,P,2002-07-05,49147,3,87.15,8.48,,
371041,P,2001-01-23,28632,6,99.71,9.49,,
371042,P,2002-04-24,19372,3,19.52,6.19,,
371043,P,2000-03-18,81619,6,3.89,1.79,,
371044,P,2002-01-05,41835,2,20.70,5.10,,
371045,P,2000-07-15,59988,1,79.54,6.98,,
371046,P,2001-05-10,95170,4,83.52,8.78,,
371047,P,2000-02-11,75500,6,5.29,5.15,,
371048,P,2002-02-07,86297,7,4.91,2.83,,
371049,P,2001-03-15,12313,4,56.18,0.57,,
371050,P,2002-08-13,91346,6,52.37,6.44,,
371051,P,2000-05-21,46404,5,94.52,9.40,,
371052,P,2000-10-04,79142,8,53.52,0.14,,
371053,P,2001-09-22,52834,8,3.66,2.89,,
371054,P,2000-04-20,47018,6,68.16,1.38,,
371055,P,2001-08-23,94276,7,49.33,7.93,,
371056,P,2002-05-25,53333,7,46.68,5.82,,
371057,P,2002-01-07,88901,4,18.12,4.79,,
371058,P,2000-12-31,34014,10,87.06,5.06,,
371059,P,2000-01-30,62153,9,63.47,5.94,,
371060,P,2001-07-18,84271,6,78.84,6.48,,
371061,P,2002-09-12,93550,2,61.06,2.71,,
371062,P,2000-04-15,38623,3,64.46,3.48,,
371063,P,2002-04-03,42694,9,71.20,3.33,,
371064,P,2000-05-05,93124,3,58.20,0.61,,
371065,P,2002-05-23,58588,10,92.76,0.16,,
371066,P,2002-03-21,88114,3,32.05,4.54,,
371067,P,2001-07-20,73390,5,80.46,2.70,,
371068,P,2002-09-22,84610,9,18.78,5.81,,
371069,P,2001-02-15,88262,6,53.18,9.81,,
371070,P,2001-01-31,17881,8,38.65,1.30,,
371071,P,2000-10-29,19587,7,77.39,5.06,,
371072,P,2000-04-21,50028,9,85.92,8.06,,
371073,P,2001-09-03,55093,6,79.42,3.52,,
371074,P,2000-03-28,37156,7,90.68,4.32,,
371075,P,2000-06-28,70153,9,10.60,2.92,,
371076,P,2000-04-02,72020,6,93.41,4.50,,
371077,P,2001-04-14,883,1,62.10,1.88,,
371078,P,2002-06-05,54124,6,87.68,3.75,,
371079,P,2000-05-23,62765,1,34.61,6.18,,
371080,P,2002-01-25,54877,2,12.36,5.99,,
371081,P,2001-11-11,85550,10,3.57,6.98,,
371082,P,2000-03-14,18174,10,24.94,9.32,,
371083,P,2001-06-03,28299,10,11.08,9.84,,
371084,P,2001-05-17,42888,3,89.60,8.86,,
371085,P,2002-06-05,49692,2,58.45,9.31,,
371086,P,2002-01-13,15102,2,63.18,1.84,,
371087,P,2001-01-25,57916,6,17.50,6.16,,
371088,P,2000-07-10,22753,8,64.75,7.04,,
371089,P,2000-11-14,97865,8,81.96,6.88,,
371090,P,2000-12-03,31423,10,11.37,4.04,,
371091,P,2001-07-09,8909,8,0.64,2.50,,
371092,P,2002-01-08,6412,4,1.98,4.63,,
371093,P,2000-09-15,14950,1,25.09,7.64,,
371094,P,2001-08-07,22730,1,13.03,2.42,,
371095,P,2002-07-15,1423,5,73.79,1.86,,
371096,P,2002-04-25,4525,5,13.26,1.04,,
371097,P,2001-12-01,71392,10,11.13,1.01,,
371098,P,2001-02-05,69008,10,80.95,8.44,,
371099,P,2000-10-20,44589,1,77.95,3.15,,
371100,P,2001-12-14,23165,6,68.75,9.27,,
371101,P,2001-08-25,61080,2,41.90,1.82,,
371102,P,2002-06-23,85074,2,99.58,9.84,,
371103,P,2001-06-22,94824,4,61.99,9.82,,
371104,P,2002-04-09,86277,7,93.41,6.97,,
371105,P,2000-06-17,84524,10,52.21,3.60,,
371106,P,2002-09-05,96846,7,54.79,1.85,,
371107,P,2002-04-14,72097,7,53.25,1.12,,
371108,P,2002-01-14,54504,4,39.73,1.48,,
371109,P,2001-03-17,7531,4,10.46,8.26,,
371110,P,2002-08-22,75594,2,78.93,5.76,,
371111,P,2000-11-30,65593,9,35.68,6.74,,
371112,P,2002-07-23,74271,2,52.29,5.98,,
371113,P,2000-12-18,6144,2,92.63,7.61,,
371114,P,2002-01-26,44135,2,58.53,1.53,,
371115,P,2002-04-04,18148,7,88.76,0.71,,
371116,P,2002-06-15,47170,10,37.47,9.96,,
371117,P,2001-04-17,86261,3,97.26,1.59,,
371118,P,2000-08-10,15070,4,12.04,7.24,,
371119,P,2002-06-03,73915,2,40.13,0.12,,
371120,P,2001-01-01,34347,7,38.75,9.49,,
371121,P,2002-05-26,40269,8,81.34,0.73,,
371122,P,2001-11-11,89349,5,26.06,8.03,,
371123,P,2001-09-10,60578,10,57.73,4.11,,
371124,P,2002-09-16,25398,10,4.09,3.44,,
371125,P,2001-09-30,19007,4,54.94,5.70,,
371126,P,2002-06-04,28418,8,91.63,9.40,,
371127,P,2002-04-16,59702,9,76.53,5.47,,
371128,P,2002-07-22,31080,1,62.47,8.95,,
371129,P,2002-06-08,29953,6,2.59,5.79,,
371130,P,2000-10-22,53842,10,12.18,7.03,,
371131,P,2002-09-18,22904,10,32.11,3.10,,
371132,P,2002-04-13,29969,9,23.18,9.27,,
371133,P,2002-09-14,32156,3,55.32,6.79,,
371134,P,2002-03-07,26075,10,98.63,3.83,,
371135,P,2001-02-03,96304,1,35.39,2.83,,
371136,P,2000-04-03,75889,6,22.05,9.28,,
371137,P,2001-05-07,18952,6,92.90,9.10,,
371138,P,2001-07-10,36741,1,45.74,1.38,,
371139,P,2002-01-13,30673,4,2.04,4.61,,
371140,P,2001-12-31,17079,1,60.60,3.87,,
371141,P,2002-03-28,72976,6,62.55,1.70,,
371142,P,2002-04-22,59136,1,85.08,0.04,,
371143,P,2000-10-16,53050,2,25.36,5.81,,
371144,P,2001-01-26,80991,6,53.22,9.70,,
371145,P,2001-12-06,98894,2,21.37,6.50,,
371146,P,2001-06-12,66337,8,80.17,1.13,,
371147,P,2001-12-12,53095,8,27.75,8.57,,
371148,P,2000-11-15,10543,8,51.93,1.58,,
371149,P,2000-05-31,88333,5,90.19,7.81,,
371150,P,2001-09-01,87416,8,27.53,5.04,,
371151,P,2001-11-27,89426,4,90.02,9.50,,
371152,P,2002-08-13,21607,8,10.12,0.74,,
371153,P,2001-01-29,66120,9,98.94,1.11,,
371154,P,2001-04-21,44519,6,48.23,3.01,,
371155,P,2001-12-23,4926,3,70.53,3.82,,
371156,P,2001-05-17,69407,1,32.30,2.68,,
371157,P,2002-07-22,27529,5,23.74,2.37,,
371158,P,2001-06-21,92138,6,63.55,7.86,,
371159,P,2000-10-06,36027,7,80.22,2.12,,
371160,P,2000-09-22,74592,2,57.96,2.89,,
371161,P,2000-05-09,70291,6,42.77,2.93,,
371162,P,2000-05-14,62522,1,92.13,0.58,,
371163,P,2000-11-04,63926,5,32.94,6.37,,
371164,P,2000-06-22,85488,7,78.93,6.18,,
371165,P,2001-04-10,54690,10,39.60,5.59,,
371166,P,2001-01-26,78475,4,93.51,0.82,,
371167,P,2000-02-07,7186,8,12.51,0.95,,
371168,P,2001-05-02,62868,9,91.06,6.48,,
371169,P,2000-06-15,32784,9,65.68,2.85,,
371170,P,2001-05-31,82265,3,74.02,5.46,,
371171,P,2000-07-18,30231,9,65.78,6.82,,
371172,P,2000-11-07,10518,10,37.07,0.16,,
371173,P,2000-12-29,98987,1,24.43,5.96,,
371174,P,2002-06-04,88586,3,63.51,5.77,,
371175,P,2002-05-20,58808,6,95.39,5.63,,
371176,P,2002-05-18,48193,1,93.49,4.79,,
371177,P,2000-10-01,9996,2,29.75,7.33,,
371178,P,2000-11-29,45763,1,74.23,2.28,,
371179,P,2001-04-09,78871,7,6.20,3.50,,
371180,P,2001-07-26,81648,10,22.71,8.78,,
371181,P,2000-05-05,36743,8,92.46,1.53,,
371182,P,2002-06-01,71833,10,7.25,3.49,,
371183,P,2000-11-22,32854,6,76.70,9.96,,
371184,P,2002-07-21,56031,7,31.73,9.90,,
371185,P,2002-05-09,47054,5,71.41,0.98,,
371186,P,2000-07-04,2933,4,17.89,1.48,,
371187,P,2002-06-02,88807,6,53.86,2.32,,
371188,P,2000-05-09,65035,3,98.65,3.17,,
371189,P,2000-09-03,2896,1,76.75,1.61,,
371190,P,2002-08-22,91573,10,77.95,1.73,,
371191,P,2002-06-10,91342,1,37.75,3.74,,
371192,P,2002-07-25,3565,2,47.18,1.31,,
371193,P,2000-05-06,68386,1,94.01,9.79,,
371194,P,2001-08-12,56756,10,30.02,5.95,,
371195,P,2002-04-14,2332,8,60.94,8.05,,
371196,P,2002-05-09,1437,9,62.63,8.36,,
371197,P,2001-05-10,55325,4,16.22,8.27,,
371198,P,2002-03-04,35860,1,24.38,5.66,,
371199,P,2002-03-08,66095,7,70.82,4.95,,
371200,P,2001-02-04,39536,3,83.59,6.46,,
371201,P,2000-05-21,35480,5,89.88,2.63,,
371202,P,2001-07-30,31920,8,33.95,6.45,,
371203,P,2000-05-15,92410,8,54.69,7.89,,
371204,P,2000-09-28,7240,2,65.62,3.85,,
371205,P,2000-11-27,19495,10,15.76,2.00,,
371206,P,2001-04-04,59465,5,77.29,5.45,,
371207,P,2000-05-11,85754,1,16.89,9.66,,
371208,P,2002-08-21,66967,7,11.52,0.85,,
371209,P,2001-09-20,74828,7,21.69,3.72,,
371210,P,2002-08-27,36845,5,37.35,4.14,,
371211,P,2000-02-19,59620,2,7.84,5.89,,
371212,P,2002-02-19,60722,3,61.15,7.87,,
371213,P,2001-10-07,29974,4,33.11,3.06,,
371214,P,2002-01-06,98937,5,37.11,6.31,,
371215,P,2002-07-14,77199,8,42.87,7.32,,
371216,P,2000-04-18,75489,6,41.03,9.32,,
371217,P,2000-02-20,86680,9,92.72,5.30,,
371218,P,2000-08-09,60114,7,12.61,6.72,,
371219,P,2001-12-21,66123,6,72.09,8.15,,
371220,P,2002-03-02,73929,2,21.03,7.61,,
371221,P,2000-05-24,77503,7,58.11,7.08,,
371222,P,2001-01-13,14827,6,25.11,6.82,,
371223,P,2000-11-03,28629,9,20.03,1.33,,
371224,P,2002-03-26,69917,3,4.41,3.75,,
371225,P,2001-06-13,56758,8,7.98,3.64,,
371226,P,2002-04-07,2099,7,51.32,3.01,,
371227,P,2002-04-04,20161,10,72.15,2.19,,
371228,P,2001-12-23,58321,4,28.68,1.58,,
371229,P,2000-06-25,63941,3,43.27,1.03,,
371230,P,2000-07-18,66939,4,59.14,7.77,,
371231,P,2001-06-18,9990,4,72.23,6.43,,
371232,P,2000-05-22,54459,6,91.06,6.00,,
371233,P,2001-08-06,79715,2,74.25,4.35,,
371234,P,2000-04-07,12220,5,61.57,7.92,,
371235,P,2002-09-03,75103,2,53.65,8.15,,
371236,P,2001-08-01,73183,7,32.79,1.71,,
371237,P,2000-01-31,36756,5,83.00,9.12,,
371238,P,2001-07-28,36929,8,75.24,6.80,,
371239,P,2000-08-31,53382,3,34.61,6.06,,
371240,P,2001-10-24,52991,9,56.64,6.53,,
371241,P,2002-06-22,92908,1,66.06,0.68,,
371242,P,2000-06-25,60807,4,80.21,1.15,,
371243,P,2002-03-02,20456,10,22.29,4.21,,
371244,P,2001-07-03,60184,5,40.71,0.73,,
371245,P,2002-09-20,57653,7,86.66,7.34,,
371246,P,2001-06-30,6460,1,99.97,6.15,,
371247,P,2002-06-23,75813,2,84.90,8.08,,
371248,P,2001-07-17,21007,5,66.23,5.03,,
371249,P,2000-08-25,99282,8,53.53,1.52,,
371250,P,2001-10-12,1053,2,50.68,8.94,,
371251,P,2001-07-15,43830,1,4.85,1.88,,
371252,P,2001-07-09,88705,6,25.88,1.35,,
371253,P,2001-12-29,81430,6,41.52,7.07,,
371254,P,2000-03-03,84349,6,54.49,6.68,,
371255,P,2001-12-08,84452,6,53.66,3.31,,
371256,P,2001-02-22,33625,1,36.09,7.57,,
371257,P,2000-11-20,95277,7,88.68,4.13,,
371258,P,2000-07-20,71915,4,1.05,3.19,,
371259,P,2000-03-20,14463,3,67.19,9.61,,
371260,P,2001-10-21,27290,8,35.30,9.79,,
371261,P,2001-06-27,54281,2,55.37,8.19,,
371262,P,2002-07-24,82052,1,24.82,6.31,,
371263,P,2001-06-07,3431,7,79.16,1.30,,
371264,P,2001-08-04,44659,9,38.42,2.86,,
371265,P,2001-12-08,97473,2,95.84,3.91,,
371266,P,2001-02-05,37331,4,45.92,2.11,,
371267,P,2002-08-15,8453,3,93.68,1.57,,
371268,P,2000-11-01,93540,3,80.01,6.68,,
371269,P,2002-03-23,23019,5,4.22,1.89,,
371270,P,2000-07-07,4535,2,28.06,9.45,,
371271,P,2001-09-11,54313,10,81.99,1.88,,
371272,P,2001-04-26,79714,4,5.76,0.38,,
371273,P,2000-05-16,91868,1,28.11,1.39,,
371274,P,2002-03-06,76352,7,86.05,2.46,,
371275,P,2001-02-01,54836,8,81.80,9.49,,
371276,P,2001-12-05,54739,8,88.59,6.09,,
371277,P,2000-04-16,5842,6,53.32,0.86,,
371278,P,2002-08-27,25477,4,38.06,8.17,,
371279,P,2000-05-05,32473,10,77.29,6.81,,
371280,P,2000-06-14,76161,9,66.85,9.89,,
371281,P,2002-08-18,8684,8,54.04,5.24,,
371282,P,2001-04-21,136,10,74.35,8.25,,
371283,P,2000-06-27,26166,10,67.48,9.70,,
371284,P,2000-02-02,65855,5,20.93,7.00,,
371285,P,2001-12-28,98777,4,72.62,7.07,,
371286,P,2000-11-27,68386,4,20.33,2.78,,
371287,P,2001-05-29,54060,8,77.30,7.25,,
371288,P,2002-02-28,50722,5,71.76,4.89,,
371289,P,2001-10-18,28655,6,13.14,2.14,,
371290,P,2001-07-07,15406,5,59.18,2.79,,
371291,P,2000-06-09,88154,9,55.50,0.54,,
371292,P,2001-05-25,69615,7,42.77,4.58,,
371293,P,2002-05-08,78479,5,95.03,9.82,,
371294,P,2001-11-02,68033,5,24.95,1.96,,
371295,P,2000-12-24,36792,10,41.96,0.84,,
371296,P,2002-09-26,31157,10,99.57,8.28,,
371297,P,2002-04-25,57719,9,1.20,0.65,,
371298,P,2000-05-11,29392,9,8.18,9.34,,
371299,P,2002-06-02,488,8,44.77,6.30,,
371300,P,2000-03-23,73134,9,93.57,5.33,,
371301,P,2002-05-07,33448,6,53.28,4.66,,
371302,P,2002-08-15,94521,10,70.63,8.70,,
371303,P,2001-10-29,61457,7,48.56,6.13,,
371304,P,2002-08-29,49118,3,87.19,1.75,,
371305,P,2001-11-08,92900,5,90.82,7.85,,
371306,P,2000-09-28,40403,10,88.94,8.41,,
371307,P,2000-10-28,64411,5,77.83,6.73,,
371308,P,2001-06-12,1720,10,8.97,6.13,,
371309,P,2002-08-25,8667,2,3.33,4.12,,
371310,P,2000-07-16,5461,9,88.29,1.43,,
371311,P,2002-09-04,39321,2,97.41,7.25,,
371312,P,2000-03-17,83226,5,18.44,7.84,,
371313,P,2001-05-12,90009,3,29.97,4.77,,
371314,P,2002-04-30,8110,7,71.87,6.17,,
371315,P,2001-07-05,44071,8,79.27,7.96,,
371316,P,2000-11-22,27280,3,23.42,9.59,,
371317,P,2001-08-13,76354,3,88.27,1.63,,
371318,P,2001-09-16,88044,5,63.15,4.94,,
371319,P,2000-12-18,88597,6,33.31,9.60,,
371320,P,2000-07-09,65265,2,90.94,2.19,,
371321,P,2000-03-05,60133,1,0.97,0.44,,
371322,P,2001-10-12,22716,4,46.81,4.17,,
371323,P,2000-08-04,61901,6,46.74,7.70,,
371324,P,2002-08-12,56107,8,59.75,0.71,,
371325,P,2002-03-02,30365,7,68.20,2.39,,
371326,P,2002-09-21,9891,2,33.38,8.18,,
371327,P,2000-03-06,90774,8,90.64,6.43,,
371328,P,2000-05-21,34035,3,44.26,2.29,,
371329,P,2002-06-08,67481,1,54.05,4.66,,
371330,P,2001-10-31,60387,10,96.14,9.61,,
371331,P,2001-06-09,55041,8,55.54,6.68,,
371332,P,2000-03-18,93844,5,71.01,7.96,,
371333,P,2001-11-02,65510,6,76.18,3.39,,
371334,P,2001-01-16,21636,9,10.41,4.70,,
371335,P,2000-10-29,21263,4,73.69,8.80,,
371336,P,2002-02-01,19641,3,84.94,0.20,,
371337,P,2002-02-09,37317,1,23.72,9.88,,
371338,P,2001-12-22,66487,5,91.91,4.02,,
371339,P,2001-06-05,22730,5,71.99,0.61,,
371340,P,2001-07-22,93421,5,84.40,7.78,,
371341,P,2001-03-08,20218,6,55.98,9.06,,
371342,P,2000-01-15,72906,7,1.37,5.87,,
371343,P,2002-01-15,63357,6,66.17,6.76,,
371344,P,2000-11-14,62945,9,58.70,2.49,,
371345,P,2000-09-04,46809,8,47.28,2.92,,
371346,P,2001-01-17,13718,5,79.65,9.52,,
371347,P,2000-07-03,33378,8,65.56,7.72,,
371348,P,2000-10-14,7740,8,4.95,0.90,,
371349,P,2002-04-21,85250,9,34.89,1.51,,
371350,P,2001-07-17,86020,7,56.69,5.77,,
371351,P,2000-06-21,60741,1,36.65,4.23,,
371352,P,2000-05-23,57749,3,64.74,8.17,,
371353,P,2000-03-27,35598,7,13.90,2.15,,
371354,P,2000-02-03,16754,4,17.67,2.62,,
371355,P,2001-11-29,62662,1,21.29,8.74,,
371356,P,2002-08-25,50147,3,39.54,8.79,,
371357,P,2000-09-25,26437,3,53.95,8.51,,
371358,P,2002-04-15,65068,5,35.52,0.26,,
371359,P,2001-12-24,28014,7,29.70,0.48,,
371360,P,2000-12-29,41134,8,88.62,4.33,,
371361,P,2000-02-08,84687,4,0.63,0.26,,
371362,P,2002-07-07,55405,7,83.67,0.97,,
371363,P,2001-11-04,49988,1,82.96,8.26,,
371364,P,2000-05-15,27828,8,15.19,8.85,,
371365,P,2000-10-28,93724,5,45.11,0.61,,
371366,P,2001-12-06,28892,7,23.60,2.98,,
371367,P,2000-10-27,46297,6,9.41,4.52,,
371368,P,2001-07-28,10624,2,8.95,7.47,,
371369,P,2001-01-09,29642,8,93.96,3.31,,
371370,P,2000-06-26,20085,2,33.10,2.00,,
371371,P,2000-07-11,92138,9,15.76,5.23,,
371372,P,2002-06-26,76405,8,94.44,5.03,,
371373,P,2001-01-24,9817,10,82.40,6.26,,
371374,P,2001-01-29,36984,8,67.11,8.86,,
371375,P,2002-07-30,62108,1,66.30,5.96,,
371376,P,2000-12-20,98040,7,87.12,5.31,,
371377,P,2000-12-09,16432,10,86.30,1.09,,
371378,P,2000-01-09,71100,5,6.10,2.53,,
371379,P,2001-02-25,11272,3,63.97,4.97,,
371380,P,2001-10-05,97646,10,0.63,0.41,,
371381,P,2001-04-04,69536,2,89.35,7.96,,
371382,P,2001-03-04,79132,1,98.67,4.20,,
371383,P,2002-08-07,38677,3,64.71,6.70,,
371384,P,2000-04-23,16993,3,87.64,7.06,,
371385,P,2000-12-19,90221,8,77.09,4.40,,
371386,P,2000-11-02,1792,10,77.56,1.41,,
371387,P,2000-09-26,94223,4,81.30,2.37,,
371388,P,2002-04-13,61772,5,47.69,4.53,,
371389,P,2000-06-25,32347,2,86.52,1.78,,
371390,P,2000-06-01,93955,4,11.81,2.71,,
371391,P,2001-08-29,71873,2,9.12,9.49,,
371392,P,2002-08-11,90764,3,92.91,3.01,,
371393,P,2001-05-26,27290,7,92.15,0.83,,
371394,P,2001-04-23,11896,7,15.07,1.18,,
371395,P,2000-02-02,45151,2,1.87,6.66,,
371396,P,2000-01-23,22115,8,16.04,0.70,,
371397,P,2000-03-19,51333,4,12.24,8.55,,
371398,P,2000-03-02,51755,2,70.95,9.58,,
371399,P,2002-09-23,2867,5,87.13,8.97,,
371400,P,2001-10-24,13816,4,57.22,2.33,,
371401,P,2001-04-10,81969,6,36.89,3.18,,
371402,P,2002-02-21,29841,9,8.15,1.97,,
371403,P,2001-02-01,64569,2,67.27,6.09,,
371404,P,2002-07-25,44437,2,62.26,7.00,,
371405,P,2002-08-22,11088,2,65.04,7.71,,
371406,P,2001-10-09,88994,10,79.96,6.43,,
371407,P,2000-10-23,31441,7,75.64,5.41,,
371408,P,2000-01-25,32392,8,40.29,9.15,,
371409,P,2000-06-09,57922,6,49.91,0.30,,
371410,P,2001-06-12,93954,6,26.84,6.89,,
371411,P,2000-08-15,86013,3,96.94,1.35,,
371412,P,2000-01-13,86847,6,54.11,2.20,,
371413,P,2002-03-01,72986,1,11.93,5.35,,
371414,P,2002-09-18,98336,10,28.40,9.67,,
371415,P,2001-09-02,84388,3,7.57,9.94,,
371416,P,2001-04-29,53515,1,92.12,7.55,,
371417,P,2000-01-21,85742,5,91.72,3.57,,
371418,P,2000-09-17,1221,6,81.67,2.97,,
371419,P,2001-01-17,70825,3,29.53,9.24,,
371420,P,2002-03-20,14593,6,41.75,0.59,,
371421,P,2002-03-14,53353,10,91.20,1.89,,
371422,P,2000-05-09,16951,4,28.07,4.89,,
371423,P,2001-01-11,32858,2,41.84,7.23,,
371424,P,2000-06-22,59111,7,84.99,3.03,,
371425,P,2001-04-07,35174,1,69.48,4.96,,
371426,P,2000-10-24,14451,2,89.40,8.70,,
371427,P,2002-06-15,87707,9,96.67,9.50,,
371428,P,2002-08-21,67267,4,99.52,3.96,,
371429,P,2000-06-17,35554,1,73.01,9.18,,
371430,P,2001-11-13,38010,2,48.43,9.37,,
371431,P,2001-03-17,64603,4,37.18,0.31,,
371432,P,2000-04-13,83012,4,95.81,9.43,,
371433,P,2002-03-03,86317,1,25.42,1.67,,
371434,P,2001-01-31,5656,7,87.32,9.37,,
371435,P,2001-09-27,26034,2,20.24,3.32,,
371436,P,2002-06-21,39170,6,24.97,3.58,,
371437,P,2002-01-22,90161,2,49.47,8.02,,
371438,P,2001-03-02,92420,6,44.79,6.44,,
371439,P,2002-06-06,35067,8,25.78,9.16,,
371440,P,2002-04-08,27461,10,88.35,3.44,,
371441,P,2000-05-09,84608,6,67.59,9.66,,
371442,P,2001-06-01,21426,4,20.27,8.96,,
371443,P,2001-04-10,23698,6,11.54,6.00,,
371444,P,2000-08-21,44447,9,29.75,0.21,,
371445,P,2002-01-15,85828,5,65.53,2.43,,
371446,P,2002-02-27,8987,2,7.43,5.36,,
371447,P,2000-05-21,23420,1,75.28,6.71,,
371448,P,2001-05-21,81766,9,22.90,3.71,,
371449,P,2001-07-14,36629,9,21.39,7.65,,
371450,P,2000-02-05,41949,10,8.06,1.45,,
371451,P,2001-03-02,31981,7,28.29,1.05,,
371452,P,2002-08-30,80889,2,29.84,6.64,,
371453,P,2000-12-14,88040,6,88.47,2.98,,
371454,P,2001-05-24,4113,1,93.81,1.53,,
371455,P,2001-04-13,97619,1,55.11,5.15,,
371456,P,2000-03-21,94253,1,99.32,4.20,,
371457,P,2000-10-08,10488,8,21.97,2.87,,
371458,P,2001-10-17,27584,6,24.09,1.94,,
371459,P,2002-04-14,61430,8,56.78,7.00,,
371460,P,2001-04-06,62207,7,52.90,6.88,,
371461,P,2002-03-14,71788,4,97.24,9.73,,
371462,P,2002-02-21,30239,9,46.46,2.72,,
371463,P,2000-10-19,67467,4,68.81,9.18,,
371464,P,2001-05-06,61832,2,77.56,6.04,,
371465,P,2002-04-23,54958,5,79.46,8.44,,
371466,P,2000-05-23,74811,8,48.34,5.58,,
371467,P,2002-07-15,74168,2,7.84,0.64,,
371468,P,2000-01-03,57371,10,31.40,8.96,,
371469,P,2000-05-16,15236,10,54.33,5.97,,
371470,P,2002-01-27,59068,7,52.38,6.80,,
371471,P,2001-03-08,44667,5,31.02,6.02,,
371472,P,2002-08-30,81291,6,69.50,8.76,,
371473,P,2001-05-25,98264,8,78.98,5.84,,
371474,P,2002-04-07,8495,5,70.16,1.52,,
371475,P,2000-06-19,67494,4,43.03,6.86,,
371476,P,2002-04-20,79721,7,59.08,9.59,,
371477,P,2000-11-22,77626,2,70.79,4.90,,
371478,P,2001-10-06,85836,7,77.60,5.68,,
371479,P,2001-06-22,99057,9,23.15,9.02,,
371480,P,2001-05-15,52863,6,68.93,0.84,,
371481,P,2000-12-26,51708,2,9.67,0.40,,
371482,P,2001-03-20,98381,3,78.69,8.70,,
371483,P,2000-02-24,99647,7,87.41,3.82,,
371484,P,2001-11-07,20704,10,88.04,6.55,,
371485,P,2002-01-21,67431,8,66.59,3.62,,
371486,P,2002-01-07,44264,4,65.11,3.47,,
371487,P,2002-07-11,68409,5,85.07,0.35,,
371488,P,2002-08-08,87334,4,61.19,4.16,,
371489,P,2001-02-11,20766,3,71.54,6.64,,
371490,P,2001-11-29,46661,3,1.19,9.75,,
371491,P,2002-04-09,2308,8,0.21,1.09,,
371492,P,2002-06-14,24211,5,61.17,5.66,,
371493,P,2000-11-30,65445,6,13.20,3.04,,
371494,P,2000-11-29,38053,1,25.04,5.16,,
371495,P,2001-07-18,87871,2,96.57,6.61,,
371496,P,2002-07-30,73555,10,70.90,4.25,,
371497,P,2000-11-28,28903,8,59.64,5.97,,
371498,P,2000-03-29,42530,7,72.87,0.89,,
371499,P,2001-08-28,9563,9,0.04,5.15,,
371500,P,2002-05-10,41938,9,84.23,2.54,,
371501,P,2000-12-19,73991,7,42.43,0.53,,
371502,P,2001-01-19,25942,4,25.76,3.35,,
371503,P,2001-03-07,23686,1,26.60,6.70,,
371504,P,2002-06-03,22444,7,20.73,8.88,,
371505,P,2000-07-28,14840,4,80.25,7.88,,
371506,P,2000-11-30,28307,2,57.08,4.35,,
371507,P,2001-02-09,56935,3,8.82,7.44,,
371508,P,2002-09-10,57392,7,74.43,7.54,,
371509,P,2000-03-20,27783,7,17.74,8.21,,
371510,P,2000-05-04,56673,9,37.37,7.85,,
371511,P,2002-07-19,4554,7,97.70,1.48,,
371512,P,2001-02-13,4475,7,68.89,2.94,,
371513,P,2001-10-29,16154,2,15.94,4.53,,
371514,P,2000-01-28,75440,4,60.56,6.83,,
371515,P,2001-04-22,48874,4,5.38,1.78,,
371516,P,2001-05-31,41204,7,57.32,5.30,,
371517,P,2002-03-23,6023,8,34.56,2.37,,
371518,P,2002-07-25,71820,9,92.84,9.36,,
371519,P,2002-04-20,46306,3,3.79,8.29,,
371520,P,2001-05-03,15142,8,31.93,3.32,,
371521,P,2000-09-20,64515,2,60.18,5.78,,
371522,P,2000-09-17,10423,4,34.17,6.05,,
371523,P,2002-08-02,50738,6,67.34,4.67,,
371524,P,2000-04-13,54005,7,52.52,6.07,,
371525,P,2002-01-13,71540,4,93.68,5.54,,
371526,P,2002-01-21,79720,3,48.97,3.04,,
371527,P,2001-03-10,40793,10,12.27,1.83,,
371528,P,2002-03-05,78481,3,34.44,9.17,,
371529,P,2000-11-30,25610,2,15.09,1.24,,
371530,P,2000-03-02,63003,6,22.08,2.01,,
371531,P,2001-11-21,60534,2,78.61,2.31,,
371532,P,2000-09-22,33315,10,94.51,2.80,,
371533,P,2002-09-21,34170,9,4.02,5.24,,
371534,P,2000-07-05,76997,5,34.26,9.42,,
371535,P,2000-07-26,61780,3,98.93,0.24,,
371536,P,2001-05-07,26525,9,47.04,7.43,,
371537,P,2002-02-13,90106,5,43.44,2.42,,
371538,P,2002-03-29,35682,10,88.22,0.69,,
371539,P,2000-11-04,40481,6,20.02,5.62,,
371540,P,2002-02-16,95317,7,80.52,2.31,,
371541,P,2002-08-05,27566,4,29.06,0.62,,
371542,P,2001-12-02,5815,7,20.83,2.43,,
371543,P,2002-05-26,95344,4,39.72,8.78,,
371544,P,2000-12-24,7221,8,31.20,2.60,,
371545,P,2000-01-22,14590,4,88.08,5.58,,
371546,P,2001-07-25,59879,7,36.74,7.54,,
371547,P,2001-10-23,92557,10,31.62,7.22,,
371548,P,2001-10-01,70779,5,49.97,9.02,,
371549,P,2001-01-10,97789,9,31.67,4.06,,
371550,P,2002-07-07,7692,10,51.51,3.40,,
371551,P,2001-10-08,63901,6,21.79,5.34,,
371552,P,2000-09-04,95451,3,60.19,7.60,,
371553,P,2002-04-27,68684,1,99.17,3.73,,
371554,P,2001-04-27,22448,10,69.40,1.59,,
371555,P,2000-06-20,52596,9,93.31,7.75,,
371556,P,2002-06-08,23799,9,69.88,9.41,,
371557,P,2001-01-19,63868,1,9.69,7.25,,
371558,P,2002-06-02,74935,2,37.45,9.09,,
371559,P,2000-07-09,26875,3,95.00,6.94,,
371560,P,2000-11-26,11402,9,42.89,4.67,,
371561,P,2000-10-16,88941,2,82.73,7.61,,
371562,P,2001-09-19,63547,5,67.41,7.45,,
371563,P,2000-03-02,90531,6,74.11,3.21,,
371564,P,2000-03-26,78655,4,48.56,5.99,,
371565,P,2000-12-28,18114,7,19.44,0.43,,
371566,P,2001-12-17,83435,4,0.27,7.94,,
371567,P,2000-03-30,36910,7,49.08,2.28,,
371568,P,2000-02-26,26034,8,11.46,4.21,,
371569,P,2001-02-23,48798,1,56.89,5.87,,
371570,P,2002-02-18,51123,8,38.36,9.69,,
371571,P,2001-12-30,81890,3,68.63,4.67,,
