234024,P,2001-12-07,64586,10,43.79,8.13,,
234025,P,2001-11-24,38321,6,84.81,6.86,,
234026,P,2002-01-06,70606,4,46.26,5.76,,
234027,P,2002-01-20,98570,2,40.57,8.22,,
234028,P,2002-07-02,26456,5,64.61,1.74,,
234029,P,2002-05-22,80132,7,71.89,2.30,,
234030,P,2001-01-30,28372,2,98.93,0.88,,
234031,P,2002-02-12,29739,8,84.29,1.64,,
234032,P,2001-08-20,2121,8,95.58,2.80,,
234033,P,2001-08-23,56093,6,99.55,6.55,,
234034,P,2002-08-21,61970,10,9.23,3.30,,
234035,P,2000-08-05,46040,1,11.57,5.60,,
234036,P,2000-01-28,32608,6,54.71,2.52,,
234037,P,2000-07-22,57711,1,84.22,9.61,,
234038,P,2002-01-13,69189,10,5.19,5.54,,
234039,P,2001-03-21,91323,2,43.78,4.98,,
234040,P,2000-01-24,86936,8,26.05,8.81,,
234041,P,2000-12-05,40622,1,87.41,4.33,,
234042,P,2001-10-16,57912,10,67.20,3.12,,
234043,P,2001-12-27,94428,1,63.02,0.50,,
234044,P,2000-07-16,7217,5,51.54,4.00,,
234045,P,2002-08-26,74008,6,18.33,9.14,,
234046,P,2002-01-27,74570,8,79.17,1.37,,
234047,P,2000-03-11,80492,1,40.42,9.02,,
234048,P,2001-01-30,91159,10,78.31,4.68,,
234049,P,2000-07-28,4223,4,57.43,6.21,,
234050,P,2001-05-20,13101,10,18.35,7.39,,
234051,P,2002-01-21,9176,2,63.46,7.07,,
234052,P,2000-03-31,85519,8,16.08,8.87,,
234053,P,2000-12-04,9122,2,85.82,3.08,,
234054,P,2000-02-26,52569,5,2.05,5.09,,
234055,P,2001-08-31,55575,3,66.45,1.48,,
234056,P,2001-04-23,91710,5,83.47,5.77,,
234057,P,2002-04-07,9567,3,31.55,4.87,,
234058,P,2001-03-28,66216,7,30.18,0.03,,
234059,P,2002-08-26,3042,9,86.15,4.39,,
234060,P,2000-02-23,90248,3,65.54,8.89,,
234061,P,2000-09-09,35066,3,70.15,2.54,,
234062,P,2002-06-04,42382,7,71.77,6.78,,
234063,P,2001-07-17,71950,2,93.28,2.96,,
234064,P,2001-10-07,78387,8,59.04,1.61,,
234065,P,2002-03-26,47687,6,30.93,5.74,,
234066,P,2002-07-03,77963,10,65.93,8.05,,
234067,P,2001-01-10,97428,8,22.66,6.57,,
234068,P,2001-07-05,81605,5,77.91,2.62,,
234069,P,2001-03-10,65744,6,67.84,8.78,,
234070,P,2001-12-26,22530,5,73.93,8.10,,
234071,P,2000-08-19,92003,9,67.51,7.93,,
234072,P,2000-01-07,54305,5,92.10,4.86,,
234073,P,2002-09-27,12498,1,69.17,4.61,,
234074,P,2002-09-24,89535,4,88.76,1.21,,
234075,P,2001-09-08,77144,3,47.23,0.97,,
234076,P,2000-05-11,94050,6,16.18,4.77,,
234077,P,2000-09-06,20213,9,8.46,8.64,,
234078,P,2000-07-26,37803,10,95.27,0.93,,
234079,P,2002-06-09,20546,9,82.92,1.50,,
234080,P,2002-07-06,6839,7,64.49,3.41,,
234081,P,2000-11-14,27702,4,77.10,2.99,,
234082,P,2002-01-05,70871,2,36.38,3.07,,
234083,P,2001-11-09,51976,4,95.27,0.00,,
234084,P,2002-06-15,79025,4,61.96,2.76,,
234085,P,2002-04-03,93255,6,17.73,4.66,,
234086,P,2001-04-16,50522,7,69.42,4.96,,
234087,P,2000-05-27,76334,9,26.37,3.64,,
234088,P,2000-02-03,46990,1,91.36,1.55,,
234089,P,2000-02-06,61570,7,73.12,2.43,,
234090,P,2000-02-29,45615,1,91.24,2.88,,
234091,P,2000-07-21,67722,5,23.36,6.58,,
234092,P,2000-05-01,15566,5,55.80,3.45,,
234093,P,2002-08-31,17236,2,17.19,3.68,,
234094,P,2002-07-21,80954,4,32.36,4.76,,
234095,P,2002-03-12,67309,8,86.33,3.46,,
234096,P,2000-08-14,26118,4,44.92,1.99,,
234097,P,2000-09-17,27697,7,38.06,4.09,,
234098,P,2001-04-18,87832,4,56.84,2.38,,
234099,P,2002-01-21,38379,3,41.99,2.11,,
234100,P,2001-05-23,6735,9,94.42,0.29,,
234101,P,2001-07-30,37510,1,36.76,4.84,,
234102,P,2000-08-26,6773,5,43.25,6.83,,
234103,P,2000-04-22,62897,6,18.40,0.01,,
234104,P,2000-12-15,2467,9,81.04,9.89,,
234105,P,2000-07-30,44472,2,3.35,3.40,,
234106,P,2001-03-05,49491,2,91.07,5.68,,
234107,P,2000-06-28,82741,4,38.31,2.50,,
234108,P,2000-02-27,15106,6,67.04,4.26,,
234109,P,2002-04-17,86767,10,18.02,0.34,,
234110,P,2000-08-20,71867,2,60.32,8.37,,
234111,P,2000-02-11,36733,10,74.69,2.28,,
234112,P,2002-02-09,66721,3,40.12,8.02,,
234113,P,2002-06-21,47959,8,18.09,4.75,,
234114,P,2001-02-16,66018,3,59.65,8.47,,
234115,P,2002-03-28,53545,2,34.51,4.81,,
234116,P,2000-11-26,68826,4,4.10,2.38,,
234117,P,2002-03-22,23123,7,64.03,6.38,,
234118,P,2000-10-31,13956,10,60.36,7.78,,
234119,P,2000-07-26,67829,6,82.12,2.32,,
234120,P,2000-11-09,29725,8,18.31,8.49,,
234121,P,2002-02-04,70331,7,56.10,3.38,,
234122,P,2000-03-22,32916,4,54.41,5.87,,
234123,P,2001-06-23,13611,4,34.74,5.23,,
234124,P,2000-11-05,87856,1,54.40,7.67,,
234125,P,2001-05-19,46832,8,97.13,5.59,,
234126,P,2000-12-22,50629,4,89.75,2.48,,
234127,P,2001-12-24,96839,3,63.90,2.18,,
234128,P,2001-06-14,88345,1,45.80,6.17,,
234129,P,2000-05-18,69353,3,52.14,0.16,,
234130,P,2001-05-22,25517,10,9.46,5.80,,
234131,P,2002-04-08,93897,2,43.17,6.85,,
234132,P,2001-10-31,10242,9,62.37,0.99,,
234133,P,2000-07-23,60847,4,65.80,0.66,,
234134,P,2001-03-23,75679,1,40.44,5.40,,
234135,P,2000-09-08,51548,7,29.91,6.26,,
234136,P,2002-07-21,40828,2,64.52,5.13,,
234137,P,2000-12-28,53327,8,94.54,1.43,,
234138,P,2000-12-06,22653,3,88.96,4.70,,
234139,P,2001-11-20,71387,5,6.97,5.62,,
234140,P,2000-05-22,34070,4,98.98,2.74,,
234141,P,2001-01-04,21570,5,83.78,0.38,,
234142,P,2002-09-08,43853,2,30.82,1.82,,
234143,P,2001-06-27,26295,1,93.57,8.83,,
234144,P,2000-05-17,30114,6,99.78,0.66,,
234145,P,2000-04-25,56239,2,24.00,3.48,,
234146,P,2002-03-17,8927,1,24.73,6.44,,
234147,P,2002-03-30,76133,5,63.43,5.31,,
234148,P,2002-06-05,23808,8,11.28,1.40,,
234149,P,2000-03-11,24424,6,23.52,3.78,,
234150,P,2001-04-29,30616,6,19.29,3.26,,
234151,P,2000-04-20,99077,7,56.79,5.75,,
234152,P,2001-12-23,27416,4,40.04,6.94,,
234153,P,2000-11-23,2825,3,66.16,1.70,,
234154,P,2000-01-23,98130,7,25.89,4.63,,
234155,P,2000-05-26,92301,1,13.60,4.27,,
234156,P,2001-05-20,17296,10,93.07,3.07,,
234157,P,2002-05-18,25074,9,61.84,1.31,,
234158,P,2000-06-01,71935,10,56.56,2.10,,
234159,P,2002-06-26,39557,1,87.78,6.94,,
234160,P,2002-05-25,15192,8,27.32,4.32,,
234161,P,2001-12-24,80108,2,35.46,6.51,,
234162,P,2000-03-29,6716,4,60.28,1.31,,
234163,P,2001-10-22,69542,7,68.30,9.20,,
234164,P,2000-09-14,95017,9,29.40,6.78,,
234165,P,2002-02-25,35474,10,1.36,6.49,,
234166,P,2000-05-03,93365,7,16.18,9.56,,
234167,P,2002-08-24,49925,3,89.81,7.49,,
234168,P,2000-02-04,99955,1,42.44,8.71,,
234169,P,2001-12-13,79384,2,88.47,0.26,,
234170,P,2000-03-26,94587,3,27.96,6.30,,
234171,P,2000-06-13,62933,5,39.30,6.55,,
234172,P,2000-02-06,5084,3,93.03,0.52,,
234173,P,2001-05-23,84950,2,59.88,3.92,,
234174,P,2000-04-24,93095,8,92.53,3.88,,
234175,P,2002-07-26,88232,9,96.01,8.91,,
234176,P,2002-02-21,57515,7,9.17,9.51,,
234177,P,2001-10-06,31092,8,45.89,7.03,,
234178,P,2000-06-27,30457,3,98.49,9.22,,
234179,P,2001-03-08,16583,4,72.64,0.18,,
234180,P,2002-01-15,85046,8,89.74,0.26,,
234181,P,2000-11-14,85656,8,1.21,7.44,,
234182,P,2000-12-29,35409,8,97.09,4.07,,
234183,P,2001-12-26,22103,6,45.92,0.09,,
234184,P,2002-03-22,21055,1,96.15,0.23,,
234185,P,2002-03-31,83277,3,27.20,6.64,,
234186,P,2002-02-11,75320,5,17.57,3.59,,
234187,P,2000-08-09,33418,9,23.91,1.44,,
234188,P,2001-11-24,59388,5,37.65,6.69,,
234189,P,2001-05-08,16765,2,11.40,4.36,,
234190,P,2001-02-15,83876,10,13.94,7.78,,
234191,P,2000-01-09,8693,1,33.58,2.15,,
234192,P,2000-01-09,89416,8,2.52,0.18,,
234193,P,2002-08-24,67679,3,39.61,5.56,,
234194,P,2000-09-01,72404,7,16.98,0.23,,
234195,P,2000-06-19,20792,9,36.45,8.76,,
234196,P,2002-09-06,51062,5,85.29,8.83,,
234197,P,2002-01-18,52712,2,9.18,7.50,,
234198,P,2001-11-20,75882,6,0.93,7.47,,
234199,P,2000-08-28,79534,7,20.72,2.65,,
234200,P,2001-02-22,88938,2,69.74,9.48,,
234201,P,2001-08-03,43570,9,54.10,7.13,,
234202,P,2002-01-27,1683,3,44.29,2.34,,
234203,P,2002-09-13,78552,4,61.90,0.38,,
234204,P,2000-10-04,8715,10,46.04,2.94,,
234205,P,2000-02-26,27225,8,25.41,0.47,,
234206,P,2000-11-12,5461,3,39.57,0.85,,
234207,P,2000-06-13,41211,4,35.93,7.18,,
234208,P,2001-11-22,386,7,79.07,5.49,,
234209,P,2000-07-06,91219,8,64.45,1.70,,
234210,P,2001-05-19,64814,5,55.50,5.11,,
234211,P,2000-07-01,23193,10,29.49,5.20,,
234212,P,2000-01-14,60585,6,87.55,9.79,,
234213,P,2002-06-27,1818,2,52.39,7.89,,
234214,P,2002-03-27,51813,8,9.47,9.82,,
234215,P,2001-09-26,46049,4,57.64,7.62,,
234216,P,2001-03-27,7711,7,72.93,6.13,,
234217,P,2000-06-12,12264,3,4.44,6.24,,
234218,P,2000-10-15,88142,10,94.67,9.80,,
234219,P,2000-02-19,4083,2,65.29,9.76,,
234220,P,2000-06-09,9782,3,55.17,9.91,,
234221,P,2002-04-08,14492,8,21.39,4.41,,
234222,P,2002-08-12,78922,6,27.81,0.67,,
234223,P,2000-11-27,54026,10,8.90,7.91,,
234224,P,2000-01-15,61233,1,75.67,1.25,,
234225,P,2001-08-24,81232,1,13.52,1.03,,
234226,P,2001-01-06,56187,10,32.80,1.65,,
234227,P,2001-09-06,83019,10,53.60,3.11,,
234228,P,2002-02-17,50617,2,19.81,6.98,,
234229,P,2002-09-23,99649,4,51.65,9.08,,
234230,P,2002-09-16,72654,1,91.10,0.71,,
234231,P,2002-01-29,95707,4,48.47,8.18,,
234232,P,2001-08-23,92015,5,71.00,1.30,,
234233,P,2001-06-11,72396,5,37.47,7.25,,
234234,P,2000-03-10,68481,8,96.97,1.50,,
234235,P,2000-09-16,21040,5,10.89,7.86,,
234236,P,2001-12-03,91883,7,55.72,1.88,,
234237,P,2001-01-18,91276,7,78.24,7.39,,
234238,P,2001-03-17,20222,4,69.36,1.33,,
234239,P,2002-08-12,59093,7,18.92,7.71,,
234240,P,2001-09-17,8150,5,36.54,7.43,,
234241,P,2002-01-29,4853,6,87.96,8.00,,
234242,P,2001-09-23,60349,6,88.55,6.68,,
234243,P,2002-07-20,92438,6,78.40,6.89,,
234244,P,2000-11-16,48300,8,9.30,5.73,,
234245,P,2001-01-26,14961,1,39.04,2.52,,
234246,P,2000-02-03,32052,6,42.56,2.43,,
234247,P,2000-08-25,1600,8,35.60,5.04,,
234248,P,2000-10-23,61292,2,89.26,9.86,,
234249,P,2000-12-20,14171,6,75.19,7.28,,
234250,P,2002-04-03,29084,7,99.19,3.82,,
234251,P,2001-02-06,48590,7,15.04,4.45,,
234252,P,2002-04-17,30422,1,57.28,2.65,,
234253,P,2001-09-25,86835,9,64.59,9.60,,
234254,P,2002-01-06,56206,10,53.58,5.42,,
234255,P,2002-05-04,86776,2,93.88,4.70,,
234256,P,2002-04-05,21582,1,99.37,6.56,,
234257,P,2001-08-08,55428,2,72.08,6.66,,
234258,P,2002-03-18,52893,6,46.15,7.23,,
234259,P,2002-07-15,11359,9,27.46,6.01,,
234260,P,2001-01-05,23483,1,35.21,0.30,,
234261,P,2002-02-12,58417,8,97.28,3.69,,
234262,P,2000-09-21,30085,7,80.56,4.14,,
234263,P,2002-05-18,46412,7,75.25,0.14,,
234264,P,2002-02-09,61399,3,98.65,3.11,,
234265,P,2001-09-17,96244,7,48.37,3.33,,
234266,P,2002-03-05,10990,1,53.27,8.13,,
234267,P,2000-09-25,83907,1,26.19,1.07,,
234268,P,2000-11-20,65173,1,29.76,4.75,,
234269,P,2001-07-14,42926,6,8.06,5.85,,
234270,P,2001-02-12,22466,1,52.54,6.83,,
234271,P,2000-12-08,41268,10,52.67,6.60,,
234272,P,2000-12-24,56466,7,74.84,8.30,,
234273,P,2000-04-19,993,3,76.10,6.14,,
234274,P,2001-09-17,70808,5,87.04,9.12,,
234275,P,2000-10-12,66242,4,80.11,6.95,,
234276,P,2001-10-16,13984,10,26.27,6.34,,
234277,P,2000-03-26,42232,2,38.82,3.89,,
234278,P,2000-10-31,31938,6,2.01,1.55,,
234279,P,2002-06-06,58754,5,12.03,9.93,,
234280,P,2001-07-24,34367,5,13.76,8.51,,
234281,P,2000-01-19,70964,6,66.30,0.80,,
234282,P,2001-05-21,4260,8,33.26,9.27,,
234283,P,2001-08-31,90551,2,88.29,4.88,,
234284,P,2002-09-07,35004,9,74.85,6.78,,
234285,P,2001-06-23,26838,7,28.71,1.40,,
234286,P,2000-08-01,68701,7,80.62,0.57,,
234287,P,2000-10-30,17316,6,89.02,7.86,,
234288,P,2000-08-31,5650,5,48.76,7.20,,
234289,P,2000-02-05,97038,7,30.74,7.41,,
234290,P,2000-09-06,72797,10,26.29,4.92,,
234291,P,2002-01-20,40171,10,40.78,8.08,,
234292,P,2001-07-07,4156,1,6.38,9.83,,
234293,P,2000-07-26,74853,3,91.16,7.71,,
234294,P,2001-06-23,62464,5,77.80,9.10,,
234295,P,2001-01-17,35361,3,65.46,6.71,,
234296,P,2001-03-17,89821,2,76.28,3.00,,
234297,P,2000-12-16,57146,4,93.79,0.22,,
234298,P,2002-09-26,40447,5,84.16,6.66,,
234299,P,2000-02-13,34632,8,90.71,5.81,,
234300,P,2001-10-21,40808,7,63.22,9.38,,
234301,P,2001-12-18,96161,3,1.78,7.60,,
234302,P,2002-09-19,7486,1,0.42,1.43,,
234303,P,2001-12-16,83930,6,32.24,7.28,,
234304,P,2000-04-04,64479,9,69.00,3.29,,
234305,P,2002-09-23,44437,1,78.10,8.55,,
234306,P,2002-09-18,21256,7,75.42,5.32,,
234307,P,2002-05-17,90387,8,83.98,8.95,,
234308,P,2001-11-17,3387,2,15.09,5.78,,
234309,P,2001-06-08,78912,2,86.30,5.87,,
234310,P,2001-04-13,94445,7,97.29,5.21,,
234311,P,2001-01-09,9963,4,7.77,3.97,,
234312,P,2000-02-03,45759,9,16.80,1.78,,
234313,P,2000-01-05,19858,9,2.89,9.25,,
234314,P,2000-09-10,75292,7,71.73,0.31,,
234315,P,2001-01-10,52460,8,60.51,3.00,,
234316,P,2002-08-28,14236,8,26.25,0.09,,
234317,P,2001-04-21,63977,8,64.71,4.31,,
234318,P,2000-05-14,50972,3,66.82,8.30,,
234319,P,2002-04-24,63802,5,20.07,5.13,,
234320,P,2002-07-25,20641,7,99.47,8.30,,
234321,P,2000-07-16,30302,6,1.62,0.33,,
234322,P,2001-08-14,39509,5,91.57,5.42,,
234323,P,2001-02-20,69967,3,47.34,3.07,,
234324,P,2000-06-09,58588,1,14.42,1.44,,
234325,P,2001-09-09,81236,5,71.34,7.82,,
234326,P,2002-08-01,65480,3,73.14,9.75,,
234327,P,2000-03-24,99958,6,51.88,5.39,,
234328,P,2000-02-23,50585,9,2.67,3.06,,
234329,P,2002-01-20,47967,4,21.42,3.72,,
234330,P,2000-03-08,88485,7,35.52,6.35,,
234331,P,2000-06-11,547,8,61.82,7.25,,
234332,P,2001-03-23,62175,8,79.39,9.29,,
234333,P,2001-10-31,21347,7,90.30,7.09,,
234334,P,2001-06-09,2661,2,76.98,0.76,,
234335,P,2001-01-27,28351,6,86.32,1.68,,
234336,P,2000-11-14,39397,2,98.00,6.00,,
234337,P,2000-12-16,49422,4,72.17,5.81,,
234338,P,2001-07-27,40042,2,93.50,1.37,,
234339,P,2000-06-28,14547,7,59.31,9.13,,
234340,P,2000-07-26,3487,8,30.12,1.05,,
234341,P,2000-12-13,40164,6,57.92,1.80,,
234342,P,2001-12-29,92004,1,98.47,1.03,,
234343,P,2000-10-19,54272,3,43.43,7.29,,
234344,P,2001-04-15,20215,4,4.52,8.08,,
234345,P,2001-12-23,59972,3,20.78,0.38,,
234346,P,2001-09-07,7236,8,75.65,7.97,,
234347,P,2000-08-14,40993,6,53.13,2.77,,
234348,P,2002-04-10,91803,1,39.40,3.57,,
234349,P,2000-02-08,27260,8,41.36,0.82,,
234350,P,2002-07-28,1623,5,29.76,4.44,,
234351,P,2002-02-18,34630,10,50.49,3.07,,
234352,P,2001-03-16,97846,2,27.41,7.97,,
234353,P,2001-04-11,37677,7,14.38,5.13,,
234354,P,2002-01-24,79583,1,79.30,2.38,,
234355,P,2001-02-14,83278,10,88.15,0.51,,
234356,P,2002-01-15,10876,10,80.14,1.59,,
234357,P,2002-02-26,27232,6,40.32,4.98,,
234358,P,2000-11-10,97591,7,20.26,3.41,,
234359,P,2001-05-10,96952,6,26.94,2.64,,
234360,P,2000-11-19,63766,2,73.25,8.52,,
234361,P,2000-06-14,58309,10,54.91,2.07,,
234362,P,2002-09-13,37708,1,88.12,7.65,,
234363,P,2002-04-21,20664,9,77.18,4.88,,
234364,P,2002-09-06,94340,9,45.28,6.52,,
234365,P,2001-10-12,92478,10,24.94,9.31,,
234366,P,2000-02-05,70718,2,90.33,5.91,,
234367,P,2000-06-23,68353,3,63.01,3.20,,
234368,P,2001-06-06,1316,3,52.87,5.95,,
234369,P,2001-12-13,92950,10,63.22,9.15,,
234370,P,2001-06-16,17792,9,97.94,7.28,,
234371,P,2001-12-02,21549,7,61.17,7.89,,
234372,P,2002-08-31,59731,8,26.10,5.71,,
234373,P,2002-08-22,70292,9,85.96,5.62,,
234374,P,2001-04-16,28947,5,66.49,4.64,,
234375,P,2002-07-28,11633,4,74.64,0.38,,
234376,P,2000-05-04,29969,3,78.36,6.98,,
234377,P,2002-01-31,89205,9,58.73,5.65,,
234378,P,2000-10-18,47553,4,60.26,9.89,,
234379,P,2001-09-19,37766,2,91.52,7.32,,
234380,P,2000-09-30,63887,9,0.62,4.52,,
234381,P,2002-06-12,64363,5,75.13,2.29,,
234382,P,2001-05-20,57418,6,93.21,3.96,,
234383,P,2000-11-23,78021,1,7.67,4.30,,
234384,P,2002-04-28,76806,9,86.73,3.26,,
234385,P,2002-02-07,36025,2,40.30,2.51,,
234386,P,2001-11-30,74947,2,91.71,5.43,,
234387,P,2001-03-30,8552,2,39.28,7.92,,
234388,P,2001-04-15,12604,3,12.48,0.69,,
234389,P,2001-12-06,84609,3,80.59,3.43,,
234390,P,2000-05-19,96260,1,15.66,3.76,,
234391,P,2001-07-19,76772,6,9.86,3.05,,
234392,P,2001-05-29,42608,7,52.21,7.60,,
234393,P,2002-02-01,20359,4,60.13,0.02,,
234394,P,2001-01-07,19537,6,27.25,3.76,,
234395,P,2002-06-14,50647,7,49.54,0.80,,
234396,P,2002-05-09,78938,4,1.89,2.94,,
234397,P,2002-06-05,28482,6,41.98,1.80,,
234398,P,2000-08-22,44969,3,91.07,1.95,,
234399,P,2000-11-30,87723,3,60.91,7.30,,
234400,P,2001-07-19,59150,2,81.25,1.63,,
234401,P,2000-08-29,47046,9,98.51,6.16,,
234402,P,2002-05-04,63305,9,43.05,9.70,,
234403,P,2000-12-04,91358,10,49.97,5.19,,
234404,P,2002-03-04,94846,7,93.01,7.34,,
234405,P,2001-05-23,46133,6,75.65,5.50,,
234406,P,2000-05-05,65908,2,61.90,9.78,,
234407,P,2001-10-04,76168,8,47.49,3.36,,
234408,P,2002-06-08,14664,4,85.27,2.92,,
234409,P,2000-09-03,75341,1,53.08,1.71,,
234410,P,2000-09-25,88191,7,11.83,7.47,,
234411,P,2000-10-12,57061,1,26.18,1.48,,
234412,P,2001-10-26,13488,7,92.90,0.70,,
234413,P,2001-02-25,94288,10,79.87,8.69,,
234414,P,2001-08-16,8717,2,42.84,2.13,,
234415,P,2000-07-30,46838,10,84.56,1.57,,
234416,P,2002-03-13,26758,7,49.33,2.61,,
234417,P,2000-12-08,62461,5,3.14,0.57,,
234418,P,2001-11-18,32488,1,9.06,2.83,,
234419,P,2002-04-23,94884,7,47.18,5.55,,
234420,P,2000-04-30,44926,2,72.21,9.63,,
234421,P,2000-06-11,89230,10,0.20,1.53,,
234422,P,2000-03-31,49440,5,19.46,9.89,,
234423,P,2002-03-09,73583,10,22.38,1.75,,
234424,P,2001-10-22,35234,6,85.64,1.57,,
234425,P,2001-05-16,11591,10,94.13,0.93,,
234426,P,2001-06-12,74235,10,45.94,6.03,,
234427,P,2001-02-09,96448,2,37.51,6.56,,
234428,P,2000-06-24,78011,3,20.57,8.07,,
234429,P,2002-06-03,68646,6,54.83,0.86,,
234430,P,2001-11-17,84017,6,60.28,3.04,,
234431,P,2000-02-14,26750,6,6.36,6.02,,
234432,P,2002-09-09,84159,1,50.08,5.36,,
234433,P,2000-05-09,36631,1,1.70,5.90,,
234434,P,2001-04-25,8984,3,61.75,4.21,,
234435,P,2002-09-10,41049,5,14.99,1.81,,
234436,P,2002-06-30,14834,9,80.77,1.72,,
234437,P,2001-03-13,5219,4,79.69,4.02,,
234438,P,2001-05-21,54889,7,42.52,7.04,,
234439,P,2002-02-16,45179,5,23.94,4.56,,
234440,P,2000-02-17,11393,10,85.58,8.18,,
234441,P,2001-11-20,26989,4,64.20,7.17,,
234442,P,2002-07-08,67430,5,73.85,1.53,,
234443,P,2000-08-18,94736,6,20.42,3.12,,
234444,P,2001-03-15,49922,7,30.93,2.98,,
234445,P,2002-08-15,81623,6,89.41,9.29,,
234446,P,2001-05-10,34398,6,83.04,5.64,,
234447,P,2001-04-07,87875,10,88.02,7.75,,
234448,P,2001-05-24,23626,6,44.60,8.79,,
234449,P,2000-03-16,52139,10,45.02,6.50,,
234450,P,2000-05-19,8472,5,57.95,6.65,,
234451,P,2002-08-12,70243,8,98.19,8.98,,
234452,P,2002-02-08,92017,7,30.22,6.75,,
234453,P,2000-05-24,79962,5,41.26,2.17,,
234454,P,2002-09-16,35723,7,91.92,0.86,,
234455,P,2001-07-30,65149,10,54.70,4.72,,
234456,P,2002-08-27,84297,5,62.54,9.18,,
234457,P,2002-08-01,34424,9,54.09,3.42,,
234458,P,2002-09-27,6213,7,17.33,3.00,,
234459,P,2001-07-25,93168,1,3.64,0.39,,
234460,P,2000-12-07,45245,4,9.70,6.12,,
234461,P,2000-02-03,24571,1,64.39,4.32,,
234462,P,2000-05-31,41690,1,23.99,7.43,,
234463,P,2001-02-16,54114,3,80.72,4.58,,
234464,P,2000-08-16,48630,3,7.03,1.13,,
234465,P,2002-08-06,56009,2,60.84,0.17,,
234466,P,2001-03-10,9316,1,32.06,1.06,,
234467,P,2000-05-02,85508,7,24.52,3.78,,
234468,P,2001-07-16,31160,3,39.91,5.07,,
234469,P,2000-03-18,56581,9,81.88,0.77,,
234470,P,2000-07-06,78521,2,22.05,7.66,,
234471,P,2002-03-24,77429,3,12.64,2.99,,
234472,P,2001-09-12,27630,3,8.82,3.83,,
234473,P,2000-07-17,22860,10,50.88,5.65,,
234474,P,2002-08-09,75089,9,34.54,7.17,,
234475,P,2001-07-14,26845,6,62.35,1.49,,
234476,P,2002-08-01,12343,9,98.98,2.95,,
234477,P,2001-06-02,7369,10,60.48,6.24,,
234478,P,2002-06-07,39349,2,55.72,7.58,,
234479,P,2002-04-20,47958,5,11.22,4.20,,
234480,P,2001-03-22,53718,3,3.77,9.86,,
234481,P,2000-07-15,20686,1,78.33,5.92,,
234482,P,2002-05-03,14243,9,24.88,6.34,,
234483,P,2000-02-06,36603,4,26.82,7.29,,
234484,P,2002-04-21,17818,4,83.05,7.60,,
234485,P,2000-03-27,1742,1,86.64,2.29,,
234486,P,2002-02-20,96325,1,76.00,8.86,,
234487,P,2001-12-03,73463,7,15.19,3.19,,
234488,P,2000-07-01,67682,7,13.10,1.46,,
234489,P,2002-08-14,24498,6,53.99,0.11,,
234490,P,2002-08-08,5425,6,50.14,7.10,,
234491,P,2002-03-23,93180,6,0.27,6.77,,
234492,P,2001-08-20,11711,9,67.37,5.87,,
234493,P,2001-09-18,2719,2,29.42,3.54,,
234494,P,2001-04-23,6006,3,34.94,1.42,,
234495,P,2000-02-17,70616,2,82.44,3.49,,
234496,P,2001-09-25,94975,2,20.28,4.42,,
234497,P,2001-05-12,56346,6,94.58,1.87,,
234498,P,2000-08-09,21874,4,99.40,0.55,,
234499,P,2001-03-03,72988,9,91.30,1.25,,
234500,P,2002-07-06,48207,1,11.72,9.62,,
234501,P,2002-02-13,84827,10,23.31,1.31,,
234502,P,2001-06-12,60241,1,13.48,6.57,,
234503,P,2002-01-18,12415,3,60.36,8.74,,
234504,P,2001-06-06,51490,1,6.69,1.98,,
234505,P,2001-09-11,59293,10,30.16,5.01,,
234506,P,2000-07-03,40501,10,62.38,7.70,,
234507,P,2001-08-14,40982,2,9.81,2.47,,
234508,P,2000-05-05,90263,6,23.90,4.73,,
234509,P,2001-12-23,77919,9,43.72,1.32,,
234510,P,2002-04-23,65729,4,13.96,3.73,,
234511,P,2001-02-05,38068,3,55.90,1.16,,
234512,P,2001-09-10,3942,3,14.06,9.77,,
234513,P,2001-07-06,47874,10,76.36,3.26,,
234514,P,2000-04-30,54536,7,11.91,3.18,,
234515,P,2002-05-22,80596,5,70.74,5.74,,
234516,P,2002-06-27,79048,8,54.83,7.03,,
234517,P,2000-06-12,75897,3,2.50,4.94,,
234518,P,2001-03-09,68525,8,29.06,9.37,,
234519,P,2002-05-15,22266,10,12.77,8.48,,
234520,P,2001-04-06,41135,6,97.07,1.30,,
234521,P,2000-05-06,70886,8,15.57,4.30,,
234522,P,2002-08-03,95110,1,79.36,3.64,,
234523,P,2001-03-30,30504,6,33.63,5.10,,
234524,P,2000-08-02,75949,1,79.49,8.43,,
234525,P,2001-04-16,51124,10,37.00,8.65,,
234526,P,2001-02-19,355,4,47.78,3.72,,
234527,P,2001-12-06,41450,10,32.19,9.87,,
234528,P,2000-11-17,31323,3,50.59,5.64,,
234529,P,2000-08-18,74178,5,59.08,7.74,,
234530,P,2002-03-02,39502,9,71.78,7.98,,
234531,P,2002-09-20,83318,5,51.74,4.13,,
234532,P,2001-06-09,81100,10,25.73,2.33,,
234533,P,2000-08-12,79215,9,98.50,6.87,,
234534,P,2000-03-15,9417,1,56.87,6.48,,
234535,P,2000-07-12,87818,8,90.94,1.96,,
234536,P,2002-08-21,3651,6,22.94,2.50,,
234537,P,2001-06-19,31566,2,86.67,2.85,,
234538,P,2000-02-07,24631,6,44.60,5.75,,
234539,P,2002-07-17,536,5,75.07,2.15,,
234540,P,2001-06-30,21527,9,4.05,3.08,,
234541,P,2001-06-16,88857,2,89.85,0.50,,
234542,P,2002-01-06,30372,6,65.66,8.24,,
234543,P,2001-09-04,1255,4,33.83,9.14,,
234544,P,2001-11-02,68308,1,6.40,3.35,,
234545,P,2000-11-27,27992,7,83.70,2.89,,
234546,P,2000-11-26,79660,1,16.50,9.48,,
234547,P,2000-11-09,69943,2,47.09,3.11,,
234548,P,2000-03-20,80846,4,21.84,0.43,,
234549,P,2000-03-12,73825,1,37.31,1.28,,
234550,P,2002-07-19,57520,4,14.23,3.19,,
234551,P,2000-06-22,55425,3,98.95,2.33,,
234552,P,2001-03-12,11468,3,0.74,7.08,,
234553,P,2002-05-13,64027,5,71.11,8.23,,
234554,P,2001-10-13,92298,7,44.18,2.65,,
234555,P,2000-12-27,77382,6,48.28,8.25,,
234556,P,2002-09-25,80103,9,12.80,0.41,,
234557,P,2002-05-29,93599,3,36.43,3.02,,
234558,P,2000-02-28,82018,10,15.71,4.91,,
234559,P,2000-08-05,72940,8,42.88,8.74,,
234560,P,2000-04-16,8913,4,53.40,5.32,,
234561,P,2000-05-18,83199,2,60.06,7.33,,
234562,P,2001-02-16,44019,2,8.54,6.29,,
234563,P,2001-05-07,40218,2,31.02,8.61,,
234564,P,2001-05-05,19338,8,71.24,2.99,,
234565,P,2002-08-13,1127,9,19.09,8.04,,
234566,P,2000-05-24,52996,7,49.99,6.46,,
234567,P,2000-12-21,83592,5,28.42,9.30,,
234568,P,2002-05-30,169,3,77.80,5.91,,
234569,P,2001-07-08,83695,4,31.50,0.68,,
234570,P,2001-06-28,29590,1,20.06,7.13,,
234571,P,2000-07-04,7896,5,89.71,9.25,,
234572,P,2000-10-08,64806,4,10.35,4.13,,
234573,P,2000-03-19,73377,6,90.12,8.33,,
234574,P,2002-01-09,61978,10,7.65,9.59,,
234575,P,2000-12-18,57551,2,6.63,1.03,,
234576,P,2001-07-19,29338,3,77.84,4.65,,
234577,P,2001-08-27,80859,5,22.95,2.99,,
234578,P,2001-05-09,20130,10,31.64,9.64,,
234579,P,2002-06-06,53003,4,49.45,3.04,,
234580,P,2000-02-24,88911,5,1.25,1.53,,
234581,P,2002-03-10,83334,1,4.02,9.77,,
234582,P,2001-07-15,80374,1,86.89,1.14,,
234583,P,2000-09-22,28653,2,74.42,3.31,,
234584,P,2001-07-28,70132,9,13.17,4.47,,
234585,P,2001-05-11,74372,7,93.53,2.48,,
234586,P,2002-03-05,44152,4,55.16,2.38,,
234587,P,2002-06-18,33577,10,79.41,4.12,,
234588,P,2000-08-05,34787,6,47.33,4.29,,
234589,P,2000-09-06,53697,9,58.03,7.48,,
234590,P,2001-12-24,43392,5,28.18,6.87,,
234591,P,2000-05-20,27229,4,86.59,9.54,,
234592,P,2000-11-28,33480,1,84.81,6.61,,
234593,P,2002-08-13,94761,3,69.24,9.60,,
234594,P,2002-01-09,26446,8,98.15,1.54,,
234595,P,2001-12-26,1866,9,4.65,5.13,,
234596,P,2000-08-22,74597,4,22.07,0.82,,
234597,P,2001-04-13,1888,8,92.16,2.05,,
234598,P,2001-10-09,10437,7,4.25,7.44,,
234599,P,2001-09-07,47971,10,65.02,2.89,,
234600,P,2001-11-28,47644,5,3.26,7.11,,
234601,P,2001-04-12,25886,3,53.80,0.52,,
234602,P,2002-03-20,59404,5,13.75,4.77,,
234603,P,2000-12-22,756,3,62.03,8.70,,
234604,P,2002-04-19,33155,6,75.99,4.43,,
234605,P,2000-09-12,52699,10,55.50,6.01,,
234606,P,2000-04-10,75760,4,44.93,4.25,,
234607,P,2002-01-10,60827,2,47.09,1.33,,
234608,P,2000-02-17,40002,2,16.30,8.18,,
234609,P,2000-09-02,58974,5,88.06,5.27,,
234610,P,2002-01-15,51180,9,98.88,4.08,,
234611,P,2001-09-29,87319,9,69.15,2.94,,
234612,P,2000-11-11,99801,4,98.82,7.82,,
234613,P,2002-02-28,72139,10,69.13,5.55,,
234614,P,2002-06-02,50494,9,78.30,3.70,,
234615,P,2000-03-03,16363,7,81.74,4.83,,
234616,P,2000-03-03,46188,10,68.00,6.76,,
234617,P,2000-08-25,33680,4,39.74,9.86,,
234618,P,2002-03-12,4376,6,85.68,3.25,,
234619,P,2002-03-08,12868,6,74.95,5.02,,
234620,P,2001-02-24,17589,7,28.08,3.96,,
234621,P,2001-02-07,32310,1,20.99,9.09,,
234622,P,2002-03-30,23741,7,14.06,7.89,,
234623,P,2002-02-22,82258,10,50.39,0.73,,
234624,P,2000-01-15,7116,6,79.33,0.24,,
234625,P,2001-11-02,20199,9,55.40,0.19,,
234626,P,2002-07-31,62231,10,25.36,9.00,,
234627,P,2000-06-10,33406,3,33.44,5.30,,
234628,P,2001-01-24,68438,2,88.15,3.24,,
234629,P,2002-08-21,32686,8,86.65,8.42,,
234630,P,2001-11-27,83373,4,65.17,7.00,,
234631,P,2001-09-28,69476,10,37.46,2.69,,
234632,P,2000-02-01,78200,10,21.03,7.53,,
234633,P,2001-12-13,83284,3,5.67,3.65,,
234634,P,2000-11-28,44731,2,98.41,7.72,,
234635,P,2001-03-05,12484,7,77.50,1.30,,
234636,P,2000-06-16,71540,8,3.02,0.48,,
234637,P,2000-08-02,94520,6,66.54,4.34,,
234638,P,2002-03-23,71031,10,33.67,5.77,,
234639,P,2000-12-28,87836,9,7.89,0.69,,
234640,P,2000-02-23,82500,1,74.58,7.53,,
234641,P,2002-05-07,23177,8,68.10,8.25,,
234642,P,2000-06-03,55586,2,78.00,6.89,,
234643,P,2000-05-27,29826,6,84.15,4.62,,
234644,P,2001-04-16,27795,9,46.70,2.40,,
234645,P,2000-05-02,35496,10,17.45,3.04,,
234646,P,2002-02-14,32797,4,69.10,9.83,,
234647,P,2002-06-08,47625,10,61.22,3.10,,
234648,P,2001-06-26,70771,7,98.98,9.98,,
234649,P,2000-03-23,89137,7,19.26,1.22,,
234650,P,2000-12-17,17200,3,89.86,0.55,,
234651,P,2001-06-05,79751,3,30.67,8.25,,
234652,P,2001-07-03,32279,10,48.25,9.16,,
234653,P,2002-06-09,48156,9,78.34,8.24,,
234654,P,2000-07-29,37500,10,86.82,7.20,,
234655,P,2002-06-03,16713,2,61.82,3.56,,
234656,P,2001-06-16,10576,10,60.04,0.43,,
234657,P,2002-04-07,29873,9,28.70,3.60,,
234658,P,2000-06-13,63069,5,73.94,7.63,,
234659,P,2000-12-07,39842,7,12.34,4.47,,
234660,P,2002-08-10,82353,10,76.56,8.22,,
234661,P,2001-06-22,57097,2,89.50,8.98,,
234662,P,2001-01-16,94925,6,29.49,8.71,,
234663,P,2000-06-10,48439,5,57.55,0.38,,
234664,P,2002-08-19,9850,9,75.35,7.12,,
234665,P,2000-12-02,17747,5,47.60,2.37,,
234666,P,2000-06-23,53909,10,10.72,5.77,,
234667,P,2000-05-31,64535,4,50.39,6.39,,
234668,P,2001-09-01,53998,6,66.59,6.22,,
234669,P,2001-07-23,38747,10,21.32,0.26,,
234670,P,2001-07-02,46061,2,54.52,7.33,,
234671,P,2001-06-25,9227,10,41.75,0.78,,
234672,P,2001-03-30,19554,9,92.05,9.88,,
234673,P,2001-12-19,92413,6,68.72,3.10,,
234674,P,2002-06-23,48616,8,79.52,6.42,,
234675,P,2002-06-07,90624,10,83.09,1.93,,
234676,P,2000-02-11,86798,5,33.73,7.01,,
234677,P,2001-04-21,16500,2,23.02,4.05,,
234678,P,2000-06-13,27064,5,37.94,3.83,,
234679,P,2002-03-23,13351,4,59.62,2.57,,
234680,P,2001-11-06,73764,2,6.42,5.44,,
234681,P,2000-05-21,32802,3,32.02,3.31,,
234682,P,2001-10-23,96749,8,72.58,7.10,,
234683,P,2002-02-06,38181,7,11.02,1.09,,
234684,P,2001-07-02,48077,5,66.82,9.12,,
234685,P,2001-06-09,52549,10,40.57,9.99,,
234686,P,2001-10-11,53070,1,7.80,5.95,,
234687,P,2001-06-22,93351,2,52.76,6.15,,
234688,P,2002-05-02,75397,1,65.74,2.50,,
234689,P,2000-09-30,15685,3,56.58,6.11,,
234690,P,2001-05-23,87863,8,7.95,3.98,,
234691,P,2002-07-05,95559,4,33.78,3.44,,
234692,P,2000-04-30,49236,6,6.32,0.90,,
234693,P,2000-06-28,35147,7,34.00,5.79,,
234694,P,2002-06-25,96418,9,21.41,8.59,,
234695,P,2001-02-07,18056,5,48.63,1.67,,
234696,P,2000-04-02,70697,8,64.86,1.68,,
234697,P,2001-08-05,25066,7,33.19,9.89,,
234698,P,2001-09-07,56540,1,10.80,8.62,,
234699,P,2001-04-30,99592,1,91.32,9.04,,
234700,P,2002-09-06,59129,1,29.15,7.68,,
234701,P,2000-08-13,7654,8,62.84,2.38,,
234702,P,2001-01-02,76058,4,99.10,7.89,,
234703,P,2002-06-06,6844,6,77.60,7.65,,
234704,P,2000-04-16,57346,4,52.87,9.05,,
234705,P,2001-06-22,65340,7,4.19,4.23,,
234706,P,2000-06-07,91837,10,25.79,5.69,,
234707,P,2001-02-14,70959,7,81.23,6.14,,
234708,P,2000-02-28,96414,3,35.63,2.38,,
234709,P,2000-03-28,91739,2,36.72,8.82,,
234710,P,2002-02-07,75256,10,63.73,3.87,,
234711,P,2002-06-25,75746,5,59.08,4.27,,
234712,P,2001-12-15,59898,1,65.86,1.97,,
234713,P,2000-03-22,99307,8,30.42,2.32,,
234714,P,2000-08-25,14247,7,32.80,5.72,,
234715,P,2002-02-23,21925,8,28.54,0.62,,
234716,P,2000-04-22,3030,2,87.87,1.50,,
234717,P,2001-04-20,27628,6,40.72,5.44,,
234718,P,2002-03-31,63633,2,71.96,1.88,,
234719,P,2002-03-24,49565,8,28.68,9.96,,
234720,P,2000-08-24,73954,4,25.50,2.83,,
234721,P,2001-01-24,7862,5,20.42,6.95,,
234722,P,2000-03-11,46916,9,19.56,1.62,,
234723,P,2000-11-13,39334,2,23.18,1.30,,
234724,P,2001-07-19,83421,2,78.90,2.72,,
234725,P,2000-04-14,80713,8,87.03,6.56,,
234726,P,2002-06-21,72624,8,27.92,0.74,,
234727,P,2001-10-28,23248,8,23.31,7.33,,
234728,P,2001-03-12,14786,7,78.64,2.25,,
234729,P,2001-11-19,32992,2,37.40,9.19,,
234730,P,2000-06-13,81210,2,72.46,4.02,,
234731,P,2000-02-12,57631,1,8.12,5.51,,
234732,P,2002-05-16,27123,10,23.98,6.96,,
234733,P,2002-04-13,75497,1,89.55,7.72,,
234734,P,2000-10-08,61768,1,30.40,7.06,,
234735,P,2001-04-17,69168,10,25.10,4.05,,
234736,P,2001-09-14,1438,9,42.74,7.44,,
234737,P,2001-12-12,86235,1,21.00,4.54,,
234738,P,2002-09-27,31162,9,39.31,4.86,,
234739,P,2001-01-16,54056,10,9.55,1.26,,
234740,P,2002-05-30,60722,7,9.67,0.65,,
234741,P,2000-01-23,19082,7,25.34,5.08,,
234742,P,2002-04-06,4665,7,74.56,3.27,,
234743,P,2000-11-23,77633,3,20.98,9.44,,
234744,P,2002-09-25,94738,8,24.00,4.45,,
234745,P,2000-04-02,96981,3,5.69,5.95,,
234746,P,2002-02-03,68557,5,95.84,7.13,,
234747,P,2002-01-17,79290,6,42.91,5.46,,
234748,P,2000-06-25,60955,4,73.79,3.12,,
234749,P,2002-06-27,33987,8,87.22,2.37,,
234750,P,2001-07-06,83174,2,64.10,7.59,,
234751,P,2000-07-26,75880,5,33.08,9.06,,
234752,P,2000-12-31,68608,1,82.31,8.73,,
234753,P,2002-09-22,44569,7,36.94,4.30,,
234754,P,2001-02-04,96124,10,7.92,8.91,,
234755,P,2000-06-15,72545,5,88.15,7.37,,
234756,P,2000-09-26,49967,1,10.64,9.63,,
234757,P,2000-03-09,21461,6,60.59,9.29,,
234758,P,2000-05-11,19879,3,89.65,9.53,,
234759,P,2000-01-12,27652,9,36.84,7.58,,
234760,P,2002-02-25,95495,5,32.48,2.31,,
234761,P,2001-04-14,67621,3,63.43,9.70,,
234762,P,2000-01-21,84529,4,98.68,8.39,,
234763,P,2000-07-08,11039,4,43.59,1.20,,
234764,P,2002-09-15,70173,4,2.13,5.18,,
234765,P,2000-02-29,74472,1,36.06,5.15,,
234766,P,2000-01-08,6876,4,38.41,7.03,,
234767,P,2001-12-03,38194,1,21.77,2.68,,
234768,P,2000-03-16,64884,3,74.05,4.30,,
234769,P,2000-03-01,11113,7,75.19,4.85,,
234770,P,2001-05-25,79978,8,30.10,7.07,,
234771,P,2000-09-14,2603,8,87.49,4.45,,
234772,P,2000-02-20,20043,2,94.19,2.64,,
234773,P,2000-09-16,87652,10,19.90,4.78,,
234774,P,2001-09-29,55327,7,57.44,5.95,,
234775,P,2000-06-28,57245,1,32.91,3.77,,
234776,P,2000-02-15,52206,2,45.68,7.08,,
234777,P,2001-05-04,40833,3,67.19,0.39,,
234778,P,2000-04-11,39294,5,93.37,9.04,,
234779,P,2001-06-02,90880,7,87.45,1.86,,
234780,P,2001-08-13,43714,3,7.49,5.40,,
234781,P,2000-10-24,89805,3,39.96,3.31,,
234782,P,2000-12-31,70384,9,28.28,2.45,,
234783,P,2002-06-23,68146,5,63.04,0.20,,
234784,P,2002-06-16,11779,2,83.97,1.72,,
234785,P,2000-07-24,20245,4,52.64,8.29,,
234786,P,2001-10-13,29331,5,95.63,4.15,,
234787,P,2001-01-25,44074,5,54.23,2.05,,
234788,P,2002-09-23,90614,4,29.10,1.67,,
234789,P,2001-06-04,51481,1,43.80,5.58,,
234790,P,2001-06-22,3562,1,44.53,2.29,,
234791,P,2000-03-28,97432,7,18.55,8.19,,
234792,P,2002-07-13,40332,1,85.72,0.72,,
234793,P,2001-11-21,10175,7,6.54,8.31,,
234794,P,2000-03-23,45286,1,49.29,1.26,,
234795,P,2000-11-20,21782,8,76.09,9.68,,
234796,P,2000-03-15,29003,6,94.82,0.47,,
234797,P,2000-11-09,62510,10,98.95,1.51,,
234798,P,2002-03-30,83014,5,24.79,1.07,,
234799,P,2002-04-01,58623,1,1.34,6.83,,
234800,P,2001-11-06,33486,4,89.64,6.86,,
234801,P,2000-09-11,64897,7,3.57,2.58,,
234802,P,2001-01-05,35318,6,15.85,6.53,,
234803,P,2002-01-04,70030,3,94.94,4.62,,
234804,P,2002-05-21,26673,8,58.87,7.55,,
234805,P,2001-07-05,36911,7,50.36,0.71,,
234806,P,2002-04-07,21008,3,17.96,3.23,,
234807,P,2001-05-03,83148,10,64.65,0.91,,
234808,P,2001-03-10,15422,1,27.44,3.91,,
234809,P,2001-11-27,83218,3,12.31,7.29,,
234810,P,2002-06-16,4920,6,39.81,1.76,,
234811,P,2000-12-29,35275,4,64.51,2.05,,
234812,P,2001-03-02,55491,4,86.63,7.14,,
234813,P,2000-02-28,74802,4,4.93,2.18,,
234814,P,2000-10-19,83585,1,31.52,4.19,,
234815,P,2001-08-09,16091,4,83.50,9.90,,
234816,P,2002-06-29,7703,1,42.89,2.96,,
234817,P,2002-07-21,77439,5,50.60,8.68,,
234818,P,2001-06-10,72126,9,4.17,2.15,,
234819,P,2000-12-24,4174,8,68.80,0.97,,
234820,P,2000-07-11,31467,3,43.41,1.96,,
234821,P,2000-05-22,82796,1,91.65,7.46,,
234822,P,2002-03-04,76155,10,80.29,4.09,,
234823,P,2001-12-18,72635,8,0.32,5.42,,
234824,P,2000-11-21,52886,6,60.43,4.14,,
234825,P,2002-08-12,67339,5,76.95,3.73,,
234826,P,2001-09-19,26410,5,90.17,1.33,,
234827,P,2001-03-23,11460,4,14.42,3.11,,
234828,P,2001-09-16,73163,9,15.14,4.61,,
234829,P,2001-09-06,44645,9,54.06,4.05,,
234830,P,2001-07-23,90876,6,21.14,3.98,,
234831,P,2001-01-21,86835,1,62.14,6.37,,
234832,P,2000-05-29,45740,7,79.55,9.42,,
234833,P,2002-02-15,66317,3,81.04,3.63,,
234834,P,2002-07-16,62237,1,39.37,1.24,,
234835,P,2001-10-06,60644,10,45.90,8.02,,
234836,P,2000-06-29,88539,2,29.05,1.77,,
234837,P,2000-07-30,39783,10,80.42,8.68,,
234838,P,2000-11-04,88073,3,22.90,3.75,,
234839,P,2000-04-07,25841,4,31.35,4.42,,
234840,P,2002-08-27,52995,1,83.57,0.20,,
234841,P,2001-02-22,22878,4,84.17,3.33,,
234842,P,2001-07-29,90348,8,62.90,6.98,,
234843,P,2001-08-13,79173,5,19.84,5.32,,
234844,P,2002-09-15,3394,5,3.32,4.30,,
234845,P,2001-06-01,62029,8,60.98,8.72,,
234846,P,2002-09-13,60461,9,53.82,2.80,,
234847,P,2001-04-04,50987,4,46.79,3.03,,
234848,P,2000-06-02,62798,1,63.09,5.67,,
234849,P,2000-01-29,97184,4,32.14,1.07,,
234850,P,2000-12-25,29043,6,84.80,7.28,,
234851,P,2001-05-29,4606,1,77.88,7.72,,
234852,P,2000-08-19,87632,2,0.12,9.88,,
234853,P,2000-12-01,27149,5,24.67,1.78,,
234854,P,2002-04-27,83960,6,90.00,4.70,,
234855,P,2000-01-20,73819,7,34.47,7.51,,
234856,P,2001-11-23,65455,6,70.10,0.23,,
234857,P,2001-09-20,90245,5,39.03,6.28,,
234858,P,2001-06-03,83161,9,31.62,9.95,,
234859,P,2002-03-11,15959,2,90.90,0.80,,
234860,P,2000-03-21,95342,1,87.89,3.71,,
234861,P,2002-01-12,80359,5,9.41,9.96,,
234862,P,2001-12-21,76015,1,64.37,3.43,,
234863,P,2002-06-26,79305,4,56.46,3.46,,
234864,P,2002-08-24,39191,7,81.57,5.48,,
234865,P,2000-01-06,90367,7,24.91,0.17,,
234866,P,2001-03-09,40912,7,78.52,8.12,,
234867,P,2001-10-26,91455,3,8.44,3.63,,
234868,P,2000-12-16,3038,9,7.15,2.60,,
234869,P,2001-12-29,96117,8,78.36,4.49,,
234870,P,2002-07-08,7998,1,92.87,8.48,,
234871,P,2001-03-22,22573,6,60.60,5.41,,
234872,P,2002-05-22,41026,3,8.86,0.25,,
234873,P,2001-09-30,61061,9,12.82,2.52,,
234874,P,2000-02-29,49312,4,98.21,3.12,,
234875,P,2002-04-04,26807,8,50.38,6.06,,
234876,P,2001-07-31,9904,7,96.04,4.25,,
234877,P,2002-01-02,34759,8,24.08,0.91,,
234878,P,2002-03-07,24631,3,8.20,5.17,,
234879,P,2002-03-01,59367,6,56.57,3.58,,
234880,P,2002-04-24,95369,10,66.39,4.57,,
234881,P,2002-03-11,41435,9,82.60,0.16,,
234882,P,2002-02-13,89551,1,98.77,0.16,,
234883,P,2000-06-19,28764,2,50.83,8.10,,
234884,P,2002-09-10,47743,1,32.99,7.56,,
234885,P,2002-05-02,74657,7,24.22,9.83,,
234886,P,2002-04-13,81503,9,85.51,7.68,,
234887,P,2002-05-20,49021,6,40.27,6.99,,
234888,P,2000-06-09,77839,4,76.58,2.40,,
234889,P,2001-04-02,70178,7,32.30,0.44,,
234890,P,2002-08-05,8908,4,64.42,5.28,,
234891,P,2001-04-06,49118,8,29.41,5.18,,
234892,P,2001-12-07,4485,10,68.62,3.16,,
234893,P,2002-05-04,31240,8,58.43,7.36,,
234894,P,2001-09-25,33071,7,37.01,1.80,,
234895,P,2002-09-06,34039,10,76.37,8.73,,
234896,P,2001-09-19,70542,10,42.62,0.35,,
234897,P,2000-07-11,76297,7,16.58,0.32,,
234898,P,2000-07-14,99554,3,52.34,1.89,,
234899,P,2000-10-27,76126,7,53.20,5.12,,
234900,P,2001-04-17,24600,8,87.52,9.81,,
234901,P,2001-07-27,41754,8,14.11,6.46,,
234902,P,2000-05-03,56850,5,77.16,7.15,,
234903,P,2000-04-21,38027,7,66.54,0.81,,
234904,P,2000-11-30,58328,4,45.47,0.09,,
234905,P,2002-05-21,63221,5,23.96,9.55,,
234906,P,2000-01-07,62536,1,92.41,3.99,,
234907,P,2001-11-07,97871,3,66.66,6.13,,
234908,P,2001-04-07,35216,7,1.88,0.69,,
234909,P,2001-09-28,1736,3,61.50,3.68,,
234910,P,2002-02-14,52927,5,66.33,1.63,,
234911,P,2002-05-22,16951,7,52.79,9.09,,
234912,P,2001-04-04,85638,4,11.10,9.38,,
234913,P,2002-03-20,9623,10,62.73,7.95,,
234914,P,2002-07-06,60343,2,57.65,3.94,,
234915,P,2002-09-11,70983,8,52.18,7.61,,
234916,P,2002-05-15,82471,7,71.28,3.99,,
234917,P,2002-03-13,34977,2,98.17,3.82,,
234918,P,2001-10-07,13917,8,43.11,9.28,,
234919,P,2000-06-09,15463,3,68.62,7.33,,
234920,P,2000-03-24,18417,7,98.51,7.26,,
234921,P,2000-05-10,45796,2,30.89,6.93,,
234922,P,2000-12-30,55817,9,99.87,2.82,,
234923,P,2002-03-21,19326,3,73.39,5.77,,
234924,P,2001-02-08,95090,5,34.15,3.35,,
234925,P,2000-03-31,12932,3,73.21,6.88,,
234926,P,2001-01-09,3245,8,53.42,5.87,,
234927,P,2001-09-05,41531,5,21.62,6.99,,
234928,P,2002-08-16,6431,9,50.59,3.34,,
234929,P,2000-05-12,7214,3,67.84,9.10,,
234930,P,2001-04-06,57560,6,35.55,3.49,,
234931,P,2001-02-19,93759,5,42.94,9.41,,
234932,P,2001-01-23,7599,9,30.72,5.47,,
234933,P,2000-09-18,58673,1,14.95,3.53,,
234934,P,2001-12-10,74293,8,11.82,7.67,,
234935,P,2001-09-23,59624,6,98.04,9.57,,
234936,P,2001-03-03,91866,5,15.98,8.60,,
234937,P,2000-06-18,15854,3,16.19,7.71,,
234938,P,2001-08-11,43221,4,91.99,5.15,,
234939,P,2001-08-03,7092,5,41.86,3.20,,
234940,P,2002-04-22,67806,6,83.81,4.29,,
234941,P,2001-08-21,62012,8,61.47,4.23,,
234942,P,2002-02-02,84031,9,86.41,9.64,,
234943,P,2000-11-05,75179,1,40.38,2.32,,
234944,P,2000-10-12,96196,8,31.96,5.51,,
234945,P,2001-04-01,91944,1,84.00,0.52,,
234946,P,2001-03-01,79802,1,46.39,8.03,,
234947,P,2000-10-06,71208,2,37.55,8.03,,
234948,P,2002-04-20,8225,5,54.69,7.69,,
234949,P,2001-10-13,88003,7,13.80,1.34,,
234950,P,2002-07-04,83694,3,65.25,5.43,,
234951,P,2002-02-13,31173,2,90.80,4.59,,
234952,P,2001-01-23,75716,1,84.23,9.11,,
234953,P,2002-06-13,10741,5,18.09,5.89,,
234954,P,2000-07-23,55367,6,74.64,8.72,,
234955,P,2002-02-24,90069,4,60.83,2.83,,
234956,P,2001-07-04,67291,1,4.81,6.10,,
234957,P,2001-07-18,2531,5,86.95,6.90,,
234958,P,2000-08-30,37521,9,61.75,4.21,,
234959,P,2001-07-11,14159,8,49.57,0.72,,
234960,P,2002-09-27,84615,9,22.92,3.10,,
234961,P,2000-08-24,50050,2,22.53,2.11,,
234962,P,2001-07-16,44082,1,17.75,6.20,,
234963,P,2001-01-19,38112,9,19.25,6.90,,
234964,P,2001-04-27,97714,7,49.18,3.93,,
234965,P,2001-06-05,70363,5,24.05,7.03,,
234966,P,2001-09-01,67463,2,63.82,0.61,,
234967,P,2001-10-25,58943,2,68.60,6.17,,
234968,P,2000-01-21,58049,6,49.40,4.52,,
234969,P,2000-08-16,14605,8,66.09,6.44,,
234970,P,2001-11-21,16134,5,14.62,9.10,,
234971,P,2000-08-01,54078,7,2.90,0.36,,
234972,P,2000-03-21,78838,2,90.44,1.52,,
234973,P,2001-01-06,35227,8,54.25,6.44,,
234974,P,2002-03-13,61943,4,83.80,2.34,,
234975,P,2000-04-26,99490,1,1.47,7.43,,
234976,P,2002-02-28,30062,5,19.21,5.75,,
234977,P,2001-05-20,27615,6,63.17,1.55,,
234978,P,2002-05-30,58485,5,16.67,8.84,,
234979,P,2000-07-19,5281,3,0.97,4.21,,
234980,P,2001-08-04,49725,1,73.28,5.18,,
234981,P,2000-07-14,76016,7,57.97,5.28,,
234982,P,2000-12-20,45242,7,50.18,8.19,,
234983,P,2000-03-07,29772,8,0.82,1.01,,
234984,P,2001-02-19,12128,1,60.02,2.92,,
234985,P,2000-11-17,41499,1,79.72,3.83,,
234986,P,2000-07-14,19899,8,36.01,1.19,,
234987,P,2001-02-13,36704,3,51.45,9.99,,
234988,P,2000-11-15,55583,9,13.31,5.60,,
234989,P,2002-04-30,92121,9,41.03,7.19,,
234990,P,2002-05-11,44946,8,5.93,9.24,,
234991,P,2000-01-24,24814,3,65.71,6.47,,
234992,P,2001-04-06,27438,5,83.82,3.26,,
234993,P,2002-02-28,74707,1,8.21,3.85,,
234994,P,2002-09-06,5972,1,85.89,3.22,,
234995,P,2001-09-04,43624,10,76.12,9.54,,
234996,P,2001-07-20,30801,5,65.57,1.59,,
234997,P,2001-02-12,80210,1,45.65,9.92,,
234998,P,2001-12-18,67383,4,76.74,8.65,,
234999,P,2001-02-17,78208,6,49.02,9.27,,
235000,P,2000-11-17,64338,2,88.60,8.68,,
235001,P,2001-07-14,61134,5,63.80,3.36,,
235002,P,2001-11-08,9327,6,80.39,1.01,,
235003,P,2000-06-10,15830,3,92.25,5.79,,
235004,P,2001-01-07,52172,6,49.53,7.98,,
235005,P,2000-03-31,59762,3,89.23,9.24,,
235006,P,2001-06-02,91518,3,37.41,7.21,,
235007,P,2001-08-24,52242,4,0.04,9.11,,
235008,P,2001-06-03,50503,3,8.27,4.64,,
235009,P,2002-03-07,88871,6,24.72,6.79,,
235010,P,2001-03-08,51349,4,45.05,8.55,,
235011,P,2000-04-14,46911,3,32.06,2.54,,
235012,P,2000-04-25,30494,6,39.76,4.12,,
235013,P,2000-07-15,20345,6,42.77,0.50,,
235014,P,2001-03-21,30423,2,91.16,7.73,,
235015,P,2002-03-20,46150,4,93.16,3.56,,
235016,P,2001-02-23,90116,2,30.87,9.12,,
235017,P,2001-03-21,5995,1,71.67,5.90,,
235018,P,2001-05-04,51677,10,60.06,9.64,,
235019,P,2002-03-24,80996,4,80.68,9.09,,
235020,P,2001-03-24,22782,7,72.19,1.03,,
235021,P,2000-03-12,28473,5,72.58,2.94,,
235022,P,2001-04-20,96820,8,46.78,7.01,,
235023,P,2001-12-18,94770,6,54.07,4.02,,
235024,P,2001-11-23,88154,5,1.40,9.38,,
235025,P,2000-10-20,93968,4,38.12,7.18,,
235026,P,2002-06-13,77772,4,8.22,3.19,,
235027,P,2001-09-20,54702,3,87.82,3.94,,
