239433,P,2001-12-16,30823,10,9.76,3.88,,
239434,P,2000-08-02,76138,7,16.77,1.02,,
239435,P,2001-10-15,33193,5,21.81,2.30,,
239436,P,2000-09-07,83484,6,70.04,1.83,,
239437,P,2001-11-30,4992,8,5.86,6.23,,
239438,P,2001-07-26,85352,5,69.12,2.62,,
239439,P,2000-09-06,44523,5,22.89,0.83,,
239440,P,2002-06-27,82276,8,14.32,8.51,,
239441,P,2001-03-09,87305,4,93.05,1.90,,
239442,P,2000-06-07,668,8,42.52,5.71,,
239443,P,2000-02-23,91738,6,57.42,3.10,,
239444,P,2002-02-13,65328,2,46.17,5.64,,
239445,P,2000-02-15,28221,10,27.32,9.52,,
239446,P,2001-02-28,9761,4,80.62,4.66,,
239447,P,2001-06-11,45061,7,45.58,0.75,,
239448,P,2000-01-31,39274,9,89.50,6.01,,
239449,P,2000-10-10,32330,4,16.04,0.61,,
239450,P,2002-03-25,79374,9,6.72,9.00,,
239451,P,2000-05-03,64304,6,59.66,8.63,,
239452,P,2001-04-21,87109,2,95.55,4.92,,
239453,P,2001-08-04,29500,10,48.04,4.53,,
239454,P,2001-03-14,44846,4,33.28,0.85,,
239455,P,2002-09-09,72472,2,94.41,3.76,,
239456,P,2002-01-11,33972,8,77.66,4.79,,
239457,P,2000-08-22,2427,4,69.71,5.89,,
239458,P,2000-02-18,54595,5,49.84,3.09,,
239459,P,2000-01-25,70976,4,15.05,3.71,,
239460,P,2001-05-29,77591,5,66.83,0.59,,
239461,P,2002-09-03,89307,10,34.93,3.90,,
239462,P,2001-10-30,43413,10,18.69,1.54,,
239463,P,2002-06-15,54090,1,18.98,1.76,,
239464,P,2002-07-25,20323,2,60.34,8.44,,
239465,P,2000-11-16,72129,2,11.50,5.19,,
239466,P,2002-04-16,15672,7,53.08,1.80,,
239467,P,2002-02-01,54538,5,17.26,3.81,,
239468,P,2001-09-05,92258,4,39.82,0.21,,
239469,P,2001-01-31,16887,1,85.46,9.57,,
239470,P,2000-06-01,16253,7,13.44,3.53,,
239471,P,2001-12-07,39128,4,96.46,2.01,,
239472,P,2000-02-15,44694,10,34.69,0.03,,
239473,P,2000-11-16,20534,10,1.77,7.38,,
239474,P,2000-01-24,13427,10,54.67,1.37,,
239475,P,2001-06-01,73968,6,22.84,7.20,,
239476,P,2002-07-12,19641,10,36.80,2.83,,
239477,P,2000-12-30,71142,2,9.84,8.99,,
239478,P,2000-10-05,41514,2,99.09,6.94,,
239479,P,2000-01-30,66162,1,42.59,9.02,,
239480,P,2002-08-11,91425,7,44.33,7.67,,
239481,P,2002-09-18,62723,1,49.45,3.96,,
239482,P,2001-06-27,87709,3,86.05,7.70,,
239483,P,2001-03-20,47761,7,35.69,6.40,,
239484,P,2000-03-20,51007,10,73.94,9.24,,
239485,P,2002-04-18,67602,4,16.85,9.33,,
239486,P,2002-02-05,49339,2,8.42,1.89,,
239487,P,2001-06-01,386,3,87.82,7.57,,
239488,P,2000-09-23,21854,5,30.91,3.23,,
239489,P,2000-01-04,17241,6,92.03,1.49,,
239490,P,2000-07-16,95849,5,90.54,1.97,,
239491,P,2000-07-11,48224,10,71.92,2.22,,
239492,P,2001-03-28,48683,9,88.23,5.38,,
239493,P,2000-03-14,51414,1,29.60,5.40,,
239494,P,2000-04-11,97488,4,12.80,3.29,,
239495,P,2001-11-29,35736,4,27.23,5.82,,
239496,P,2001-11-10,37231,7,70.70,4.14,,
239497,P,2000-10-25,61392,9,48.95,8.53,,
239498,P,2000-02-24,67505,7,76.53,4.61,,
239499,P,2001-02-27,39197,6,55.34,0.28,,
239500,P,2001-12-05,87546,5,66.86,9.49,,
239501,P,2001-07-21,74290,5,93.32,5.01,,
239502,P,2001-01-23,2218,4,40.97,6.09,,
239503,P,2001-03-15,27304,1,40.97,1.00,,
239504,P,2000-06-16,84635,7,71.32,0.00,,
239505,P,2001-11-21,86690,8,37.36,9.89,,
239506,P,2001-05-22,68110,5,45.36,2.11,,
239507,P,2000-07-02,64560,2,96.84,5.62,,
239508,P,2001-07-01,84881,9,86.58,0.54,,
239509,P,2001-09-23,82833,3,74.28,8.73,,
239510,P,2002-05-14,42394,5,94.52,8.66,,
239511,P,2000-06-17,3303,7,93.67,6.92,,
239512,P,2000-01-16,34179,9,12.43,7.05,,
239513,P,2000-03-31,52187,8,27.74,2.68,,
239514,P,2001-10-28,47162,6,7.87,4.34,,
239515,P,2001-05-26,80537,3,83.35,6.97,,
239516,P,2000-10-08,18047,8,27.64,5.50,,
239517,P,2000-06-14,67874,6,5.39,6.64,,
239518,P,2001-01-06,82761,5,49.44,1.40,,
239519,P,2001-12-31,15840,3,43.93,1.42,,
239520,P,2001-12-16,46378,8,23.95,2.08,,
239521,P,2002-07-04,12255,2,24.05,5.34,,
239522,P,2002-07-04,32844,5,36.17,1.25,,
239523,P,2002-03-13,38987,1,11.08,5.38,,
239524,P,2000-08-16,39661,10,33.47,4.42,,
239525,P,2001-05-29,24,1,3.14,3.99,,
239526,P,2002-01-28,77518,9,94.77,6.93,,
239527,P,2002-07-22,1623,4,41.07,2.79,,
239528,P,2001-12-17,45256,10,80.87,9.64,,
239529,P,2000-02-29,11802,3,32.99,6.56,,
239530,P,2002-09-08,93846,4,17.42,6.54,,
239531,P,2001-01-22,52248,10,17.17,2.56,,
239532,P,2000-11-28,17701,3,90.94,7.68,,
239533,P,2002-06-22,96736,10,20.13,1.58,,
239534,P,2001-02-16,71654,10,34.23,4.37,,
239535,P,2002-09-04,9386,5,81.50,1.23,,
239536,P,2002-08-29,86780,8,13.93,4.03,,
239537,P,2001-08-30,22464,10,17.31,4.79,,
239538,P,2001-06-06,27427,7,92.42,5.83,,
239539,P,2000-11-30,20555,9,11.20,2.71,,
239540,P,2002-06-13,12337,2,48.20,4.11,,
239541,P,2000-06-20,10421,9,86.49,9.27,,
239542,P,2001-12-08,766,5,6.62,9.69,,
239543,P,2001-05-07,63671,3,82.28,8.85,,
239544,P,2001-11-19,60501,4,46.45,8.44,,
239545,P,2002-07-03,3178,6,34.48,4.12,,
239546,P,2001-07-26,46039,1,59.98,7.42,,
239547,P,2001-01-24,42808,5,43.93,2.91,,
239548,P,2002-07-22,72701,4,93.21,3.68,,
239549,P,2002-01-20,62048,5,42.69,3.39,,
239550,P,2001-01-15,8423,5,42.39,2.69,,
239551,P,2000-11-18,25377,2,42.84,9.34,,
239552,P,2002-02-21,98963,8,4.75,1.34,,
239553,P,2002-03-04,81524,7,48.55,3.38,,
239554,P,2000-01-27,91505,7,93.07,8.48,,
239555,P,2001-05-17,94628,4,4.58,8.71,,
239556,P,2002-02-02,86810,4,8.36,6.95,,
239557,P,2001-01-31,75259,3,38.96,8.70,,
239558,P,2002-01-01,63198,7,22.18,5.64,,
239559,P,2002-05-27,38609,5,65.58,7.90,,
239560,P,2002-03-10,86173,4,72.68,9.40,,
239561,P,2000-02-15,56562,3,68.61,5.12,,
239562,P,2001-08-02,45630,3,7.78,0.35,,
239563,P,2001-07-08,16050,1,22.26,0.60,,
239564,P,2001-01-12,87413,8,79.87,3.87,,
239565,P,2000-05-11,86297,6,4.67,5.90,,
239566,P,2000-02-01,36927,5,71.66,6.95,,
239567,P,2001-07-22,90297,10,27.21,5.64,,
239568,P,2001-10-30,15231,9,35.24,9.68,,
239569,P,2000-02-13,21297,9,46.39,4.21,,
239570,P,2002-05-28,50223,7,53.31,4.31,,
239571,P,2000-08-02,35957,2,52.36,2.88,,
239572,P,2002-02-08,37002,2,71.01,5.52,,
239573,P,2002-09-18,35165,1,13.33,4.18,,
239574,P,2000-01-13,47124,10,2.35,5.80,,
239575,P,2001-08-27,8566,5,69.37,2.45,,
239576,P,2000-02-02,69353,10,55.59,8.19,,
239577,P,2001-11-24,11856,1,5.71,7.29,,
239578,P,2001-09-03,17273,7,12.50,4.48,,
239579,P,2000-06-10,21974,1,51.99,5.47,,
239580,P,2001-01-06,58274,8,96.24,8.51,,
239581,P,2001-12-14,89400,7,15.66,4.23,,
239582,P,2001-01-30,5119,9,54.28,3.58,,
239583,P,2001-11-16,99440,7,8.24,5.02,,
239584,P,2001-10-04,96881,5,93.49,7.60,,
239585,P,2001-11-13,71028,8,41.08,3.06,,
239586,P,2000-10-20,10922,9,41.04,4.27,,
239587,P,2002-08-23,27297,5,9.06,2.10,,
239588,P,2000-10-23,6664,1,87.25,0.37,,
239589,P,2000-02-08,11344,7,17.73,0.17,,
239590,P,2001-09-11,87771,1,70.15,1.77,,
239591,P,2001-01-11,30556,7,32.70,6.92,,
239592,P,2000-05-09,31075,1,97.64,3.08,,
239593,P,2001-07-24,39725,2,84.34,9.82,,
239594,P,2002-03-04,76728,2,80.94,6.49,,
239595,P,2000-03-10,16151,7,73.73,3.48,,
239596,P,2002-01-31,18067,2,49.92,0.46,,
239597,P,2001-11-03,9296,6,69.56,0.86,,
239598,P,2001-05-24,85558,4,39.79,6.10,,
239599,P,2000-07-13,2818,7,47.52,1.99,,
239600,P,2000-09-30,15748,5,99.09,4.37,,
239601,P,2002-03-21,69057,1,28.09,8.16,,
239602,P,2001-08-22,48811,4,60.20,7.81,,
239603,P,2002-04-27,164,6,32.61,2.85,,
239604,P,2002-04-19,44097,7,54.10,4.11,,
239605,P,2001-12-09,9810,3,62.94,0.71,,
239606,P,2000-06-26,69940,1,74.30,8.93,,
239607,P,2002-07-22,29894,1,93.11,2.98,,
239608,P,2000-12-16,44412,2,21.70,2.82,,
239609,P,2002-03-24,4494,7,94.85,6.79,,
239610,P,2000-10-23,99262,2,89.57,4.17,,
239611,P,2001-06-21,26480,8,68.10,1.22,,
239612,P,2001-09-25,75263,10,79.87,0.41,,
239613,P,2000-08-23,21062,9,19.01,7.42,,
239614,P,2000-08-26,56125,1,42.80,0.92,,
239615,P,2001-12-30,68476,1,45.27,5.13,,
239616,P,2001-06-25,75217,1,59.14,8.91,,
239617,P,2001-03-01,45149,10,76.00,0.64,,
239618,P,2002-02-17,94001,9,76.85,7.56,,
239619,P,2002-06-23,20617,9,5.97,0.88,,
239620,P,2001-08-23,64711,5,55.72,8.33,,
239621,P,2002-08-15,39755,7,59.27,4.75,,
239622,P,2002-05-12,81173,3,49.98,3.08,,
239623,P,2000-06-16,40093,4,70.41,9.64,,
239624,P,2001-05-26,51102,4,34.90,6.58,,
239625,P,2001-06-13,75403,7,28.65,9.26,,
239626,P,2000-09-19,17759,1,49.97,6.83,,
239627,P,2000-09-09,54315,10,23.39,8.11,,
239628,P,2000-09-26,73528,9,75.38,3.54,,
239629,P,2000-03-02,51689,2,50.28,7.71,,
239630,P,2000-03-27,21087,7,47.72,3.59,,
239631,P,2000-09-14,76816,8,12.52,8.57,,
239632,P,2001-03-15,6962,1,35.18,0.41,,
239633,P,2000-01-10,88667,2,25.44,8.61,,
239634,P,2000-08-07,53482,3,47.69,7.54,,
239635,P,2001-01-25,69537,4,55.33,5.82,,
239636,P,2000-05-04,64954,5,23.46,0.52,,
239637,P,2001-10-13,38138,5,46.45,0.72,,
239638,P,2002-07-24,1112,7,79.33,4.89,,
239639,P,2001-01-29,95584,8,68.57,0.27,,
239640,P,2000-10-24,47099,8,70.15,4.52,,
239641,P,2000-04-03,48735,3,36.15,1.71,,
239642,P,2000-12-27,8494,5,5.81,8.33,,
239643,P,2001-06-24,89359,9,38.68,7.19,,
239644,P,2001-08-13,645,2,37.81,0.67,,
239645,P,2002-03-21,55855,10,58.04,9.86,,
239646,P,2000-12-28,58858,9,71.94,2.81,,
239647,P,2002-03-13,71125,10,79.17,7.07,,
239648,P,2000-05-20,92759,1,11.93,3.26,,
239649,P,2002-06-17,79647,7,32.58,3.84,,
239650,P,2002-06-25,92648,1,48.92,7.30,,
239651,P,2001-10-03,66273,8,1.76,6.98,,
239652,P,2001-03-27,92705,2,54.01,0.16,,
239653,P,2000-03-07,31064,4,25.32,2.03,,
239654,P,2001-12-13,97919,3,95.78,3.47,,
239655,P,2001-12-02,74312,3,79.26,9.65,,
239656,P,2002-03-20,75343,4,66.87,9.40,,
239657,P,2002-03-08,50769,4,68.24,9.06,,
239658,P,2002-09-06,86443,8,76.91,3.32,,
239659,P,2000-02-29,20375,8,57.93,8.60,,
239660,P,2002-03-13,27648,9,94.75,9.49,,
239661,P,2002-05-02,6057,6,21.35,7.28,,
239662,P,2000-11-23,79050,1,87.40,3.28,,
239663,P,2002-04-18,30543,9,9.84,3.94,,
239664,P,2001-07-18,81277,5,90.39,1.29,,
239665,P,2000-11-10,44459,3,2.90,8.94,,
239666,P,2002-02-23,6870,9,92.40,1.92,,
239667,P,2001-05-02,99346,2,35.42,8.14,,
239668,P,2000-10-21,89569,1,29.11,5.42,,
239669,P,2002-01-06,37321,10,94.04,1.77,,
239670,P,2001-01-06,60733,3,39.66,5.00,,
239671,P,2001-06-08,87734,7,16.85,2.85,,
239672,P,2000-12-01,57096,10,59.99,4.71,,
239673,P,2002-08-13,42235,5,44.34,2.73,,
239674,P,2002-03-10,43839,5,88.73,4.47,,
239675,P,2000-11-09,29726,1,49.11,6.39,,
239676,P,2001-07-18,59979,1,9.67,2.31,,
239677,P,2001-10-31,10328,1,10.48,1.45,,
239678,P,2001-05-18,65335,8,99.14,3.20,,
239679,P,2000-01-14,67176,6,61.22,3.54,,
239680,P,2000-05-10,92052,4,93.92,9.57,,
239681,P,2000-01-16,52287,9,7.57,2.62,,
239682,P,2001-02-14,58143,8,77.54,1.66,,
239683,P,2002-07-01,29877,8,93.68,6.59,,
239684,P,2000-01-20,99930,3,70.27,8.06,,
239685,P,2002-08-30,14271,5,5.92,5.56,,
239686,P,2002-07-14,12169,1,0.77,5.39,,
239687,P,2001-01-02,83786,6,65.00,7.43,,
239688,P,2000-07-13,91073,9,47.49,0.69,,
239689,P,2002-02-27,28051,1,15.53,7.05,,
239690,P,2000-04-24,1302,7,12.76,0.77,,
239691,P,2000-05-10,21034,6,64.71,3.42,,
239692,P,2001-07-19,60007,9,34.23,4.80,,
239693,P,2000-03-07,66655,6,82.76,4.76,,
239694,P,2001-05-22,28202,3,67.63,8.65,,
239695,P,2002-07-12,77306,1,51.18,6.32,,
239696,P,2000-04-22,90055,3,61.89,6.64,,
239697,P,2000-09-13,84026,3,34.78,6.37,,
239698,P,2002-04-14,2335,10,57.29,0.66,,
239699,P,2000-06-08,88327,6,12.57,4.29,,
239700,P,2002-02-25,60061,5,23.75,5.00,,
239701,P,2001-11-06,53570,10,81.04,6.57,,
239702,P,2001-10-15,83544,4,69.27,4.09,,
239703,P,2001-04-06,10670,2,95.30,1.54,,
239704,P,2001-05-26,82257,5,6.96,8.06,,
239705,P,2002-02-28,91937,5,31.98,1.80,,
239706,P,2000-04-09,87084,6,47.64,8.93,,
239707,P,2000-11-18,52951,3,67.66,7.77,,
239708,P,2002-01-11,29495,3,92.58,1.75,,
239709,P,2001-12-11,53208,2,91.74,8.77,,
239710,P,2001-05-23,50156,3,33.67,8.92,,
239711,P,2000-12-15,92748,6,76.73,1.27,,
239712,P,2000-02-15,98323,2,83.47,7.75,,
239713,P,2000-01-09,45638,5,28.97,0.46,,
239714,P,2000-03-12,2566,8,23.12,1.37,,
239715,P,2000-12-22,44105,5,12.15,8.82,,
239716,P,2002-06-04,84893,8,99.44,5.60,,
239717,P,2002-08-28,39844,8,24.91,3.27,,
239718,P,2001-12-27,39193,7,85.92,5.45,,
239719,P,2000-09-24,50878,9,13.70,2.41,,
239720,P,2001-10-12,46840,2,64.23,2.89,,
239721,P,2000-07-22,43258,9,91.76,6.22,,
239722,P,2000-06-20,36729,3,4.09,4.17,,
239723,P,2001-04-23,8005,9,19.40,4.82,,
239724,P,2001-02-19,94626,8,17.01,5.98,,
239725,P,2001-02-09,67579,10,35.77,6.38,,
239726,P,2001-05-21,34232,5,97.95,7.33,,
239727,P,2002-03-14,62840,9,55.63,7.07,,
239728,P,2000-04-08,87794,3,28.03,8.96,,
239729,P,2001-01-19,69323,1,27.96,5.99,,
239730,P,2001-02-10,22618,3,77.93,0.78,,
239731,P,2000-09-27,11676,5,35.41,8.07,,
239732,P,2001-08-29,68026,4,62.66,0.35,,
239733,P,2002-04-27,69100,8,19.32,8.32,,
239734,P,2001-11-09,69281,8,37.96,8.11,,
239735,P,2002-03-13,85790,10,39.26,6.68,,
239736,P,2001-11-25,36600,10,28.86,6.76,,
239737,P,2002-09-13,79403,9,41.43,7.66,,
239738,P,2000-12-06,72973,7,52.86,4.92,,
239739,P,2001-08-07,90514,10,69.51,4.35,,
239740,P,2002-04-19,91920,7,64.72,6.34,,
239741,P,2002-05-10,85030,7,53.43,0.04,,
239742,P,2001-05-16,29088,3,9.16,0.02,,
239743,P,2002-02-19,99367,1,65.00,8.97,,
239744,P,2001-03-07,25120,3,0.39,9.29,,
239745,P,2001-03-30,38639,2,85.05,9.85,,
239746,P,2000-04-07,84604,4,53.71,4.16,,
239747,P,2001-05-06,39048,10,15.01,5.62,,
239748,P,2002-04-13,1821,7,29.85,0.65,,
239749,P,2001-05-01,54203,5,20.03,4.08,,
239750,P,2002-07-09,35226,1,77.15,0.56,,
239751,P,2002-04-11,17146,6,55.08,7.60,,
239752,P,2002-07-04,41808,1,94.09,6.27,,
239753,P,2000-11-19,93334,10,53.50,2.72,,
239754,P,2002-04-26,14850,3,23.96,8.70,,
239755,P,2002-08-25,13883,9,56.35,7.41,,
239756,P,2000-11-23,42214,1,13.68,8.07,,
239757,P,2001-10-04,65394,3,67.62,8.62,,
239758,P,2000-01-01,72133,10,10.26,0.57,,
239759,P,2000-07-20,91345,5,50.64,0.65,,
239760,P,2000-11-28,75410,2,43.80,3.59,,
239761,P,2002-07-05,81136,3,67.45,8.29,,
239762,P,2000-08-16,22124,7,31.61,9.85,,
239763,P,2000-10-20,63552,5,20.22,1.72,,
239764,P,2001-10-30,68316,7,11.17,0.54,,
239765,P,2002-02-10,26067,9,8.04,3.08,,
239766,P,2000-11-03,32014,9,63.50,9.20,,
239767,P,2000-11-02,79703,8,36.25,8.27,,
239768,P,2000-02-16,66729,2,81.34,9.12,,
239769,P,2001-04-23,77499,4,1.75,8.48,,
239770,P,2000-02-04,90280,8,53.48,9.89,,
239771,P,2001-10-02,44242,8,37.25,6.59,,
239772,P,2000-08-11,7512,10,24.71,4.01,,
239773,P,2001-01-29,45791,10,16.76,0.07,,
239774,P,2000-09-13,43100,3,46.41,4.89,,
239775,P,2000-06-16,46094,3,67.51,5.03,,
239776,P,2002-07-04,86245,5,45.68,9.32,,
239777,P,2001-02-07,53812,2,27.50,7.44,,
239778,P,2001-06-14,56351,7,34.49,5.16,,
239779,P,2000-02-16,49936,5,8.35,1.27,,
239780,P,2000-08-10,14084,5,7.30,5.35,,
239781,P,2000-12-30,99257,3,69.03,7.88,,
239782,P,2002-07-20,37730,4,69.78,5.55,,
239783,P,2001-03-05,70299,8,44.78,2.36,,
239784,P,2001-12-10,92627,10,58.74,6.61,,
239785,P,2000-05-13,44822,7,37.60,3.09,,
239786,P,2002-04-15,68970,3,96.09,5.59,,
239787,P,2001-12-31,72593,10,3.24,7.73,,
239788,P,2000-07-15,68675,9,39.04,1.23,,
239789,P,2001-03-28,43278,2,18.74,4.65,,
239790,P,2000-06-17,93311,10,23.69,7.17,,
239791,P,2001-07-21,58637,9,59.25,8.50,,
239792,P,2001-04-15,72462,7,34.76,5.97,,
239793,P,2001-01-20,39885,9,26.31,6.24,,
239794,P,2001-10-09,22788,10,96.35,6.27,,
239795,P,2000-10-20,3048,4,13.78,0.84,,
239796,P,2000-05-30,12264,8,19.25,2.22,,
239797,P,2001-08-06,74113,2,77.80,2.63,,
239798,P,2000-12-09,98219,7,97.23,9.95,,
239799,P,2002-05-01,74442,10,81.56,7.32,,
239800,P,2001-11-05,86112,6,99.57,0.34,,
239801,P,2000-12-16,67473,2,3.70,1.08,,
239802,P,2000-06-05,65422,6,27.01,9.42,,
239803,P,2002-05-07,64774,9,56.10,8.65,,
239804,P,2002-08-24,9898,7,82.82,8.43,,
239805,P,2002-05-11,2541,4,17.41,9.46,,
239806,P,2001-05-04,40304,4,15.59,1.52,,
239807,P,2000-04-27,63966,2,85.42,6.65,,
239808,P,2000-11-20,47122,10,6.43,2.05,,
239809,P,2002-06-07,67127,8,84.19,3.74,,
239810,P,2000-10-14,40229,5,70.12,8.97,,
239811,P,2001-05-22,65065,9,79.25,6.19,,
239812,P,2002-09-10,41979,6,66.58,6.41,,
239813,P,2000-02-21,56596,2,64.83,0.73,,
239814,P,2000-06-09,22074,9,51.61,3.01,,
239815,P,2001-09-27,51804,5,85.10,7.97,,
239816,P,2002-04-28,21343,7,48.01,8.81,,
239817,P,2002-03-21,43693,5,95.86,0.11,,
239818,P,2000-07-20,52154,8,20.71,7.01,,
239819,P,2000-10-11,70800,4,40.99,9.18,,
239820,P,2000-09-10,14366,5,70.72,7.70,,
239821,P,2001-10-16,95536,4,42.12,7.82,,
239822,P,2000-07-15,8271,1,65.59,4.89,,
239823,P,2000-02-15,61723,10,87.46,6.94,,
239824,P,2001-06-22,62138,6,93.67,0.05,,
239825,P,2000-11-27,22490,3,10.12,0.96,,
239826,P,2001-06-11,22786,1,91.16,7.22,,
239827,P,2001-02-10,33920,4,59.10,4.87,,
239828,P,2000-12-22,3427,7,99.82,5.29,,
239829,P,2000-10-02,44193,4,33.43,0.64,,
239830,P,2001-09-22,75610,10,89.27,5.51,,
239831,P,2001-11-29,92945,2,37.01,8.15,,
239832,P,2002-09-22,29572,1,31.05,9.83,,
239833,P,2000-10-01,60292,1,36.32,2.28,,
239834,P,2001-02-19,36571,9,55.18,9.31,,
239835,P,2001-07-28,87881,2,0.66,6.07,,
239836,P,2000-09-03,78143,1,41.07,1.67,,
239837,P,2002-02-03,20277,6,60.88,2.24,,
239838,P,2000-09-19,10092,10,66.50,6.36,,
239839,P,2001-07-10,41455,9,32.31,5.52,,
239840,P,2000-03-15,29243,5,88.41,2.16,,
239841,P,2001-06-28,75413,4,81.08,3.27,,
239842,P,2002-09-23,25785,3,87.90,0.01,,
239843,P,2000-10-31,20136,3,73.54,4.42,,
239844,P,2001-03-31,89787,5,53.93,8.99,,
239845,P,2000-01-31,8201,2,86.99,0.90,,
239846,P,2000-06-28,97949,3,1.46,4.86,,
239847,P,2002-05-05,6524,10,28.25,7.96,,
239848,P,2002-02-24,59697,4,63.42,2.30,,
239849,P,2000-08-14,8837,7,11.84,3.85,,
239850,P,2002-03-01,61060,10,75.49,3.06,,
239851,P,2002-08-29,31129,8,98.51,5.61,,
239852,P,2000-11-17,83090,5,63.33,5.85,,
239853,P,2001-10-15,96491,2,83.06,8.65,,
239854,P,2000-09-24,25342,6,48.29,6.39,,
239855,P,2002-06-30,90446,6,55.81,5.72,,
239856,P,2002-08-02,36069,7,52.65,3.70,,
239857,P,2001-09-12,77160,10,5.33,5.71,,
239858,P,2001-05-03,22529,5,44.02,7.86,,
239859,P,2000-09-27,34562,1,89.67,3.83,,
239860,P,2002-02-16,81044,8,46.94,9.92,,
239861,P,2002-03-31,6483,7,2.23,8.80,,
239862,P,2001-05-30,93950,2,14.90,1.89,,
239863,P,2002-04-17,34734,10,17.59,0.97,,
239864,P,2001-04-11,50609,10,27.06,3.16,,
239865,P,2002-02-07,34825,2,69.31,2.97,,
239866,P,2000-12-28,11180,8,36.59,6.64,,
239867,P,2001-12-14,81797,7,1.01,5.70,,
239868,P,2001-02-22,67660,10,13.87,7.80,,
239869,P,2001-03-22,4716,10,64.65,9.66,,
239870,P,2000-06-21,19751,1,45.95,8.63,,
239871,P,2002-09-19,66804,1,51.59,0.27,,
239872,P,2001-08-24,50787,10,59.23,2.18,,
239873,P,2001-04-07,85067,7,39.12,7.62,,
239874,P,2002-09-17,51562,6,99.70,5.15,,
239875,P,2001-08-19,13045,9,15.22,9.16,,
239876,P,2000-10-23,96445,9,67.09,6.01,,
239877,P,2001-01-16,36404,6,52.17,0.49,,
239878,P,2001-06-03,35148,6,10.41,3.57,,
239879,P,2001-05-24,11258,6,11.84,7.31,,
239880,P,2000-08-10,61292,7,91.75,9.35,,
239881,P,2000-01-06,80468,1,75.71,4.85,,
239882,P,2001-06-16,24631,6,85.71,5.75,,
239883,P,2001-08-15,36263,5,25.75,7.01,,
239884,P,2002-07-15,96830,9,67.27,7.33,,
239885,P,2000-09-17,45226,5,29.93,0.65,,
239886,P,2000-10-24,1331,8,91.95,8.05,,
239887,P,2000-09-10,29453,3,55.94,1.43,,
239888,P,2001-04-28,17200,10,26.25,3.40,,
239889,P,2002-08-22,57080,3,51.96,5.00,,
239890,P,2001-10-13,26073,8,6.83,8.35,,
239891,P,2001-06-06,51261,8,33.06,3.70,,
239892,P,2000-12-16,83956,8,17.14,6.16,,
239893,P,2000-11-03,87506,5,39.57,6.27,,
239894,P,2002-01-19,22023,6,97.23,3.23,,
239895,P,2002-04-20,11220,4,70.98,7.46,,
239896,P,2002-05-06,59265,1,81.97,2.10,,
239897,P,2001-06-21,8718,1,99.62,9.04,,
239898,P,2002-01-19,77961,1,54.56,5.11,,
239899,P,2001-03-10,87650,6,98.78,2.88,,
239900,P,2001-05-05,50226,10,64.88,7.31,,
239901,P,2000-01-28,92550,5,63.44,8.34,,
239902,P,2002-07-11,79794,10,82.55,0.77,,
239903,P,2000-03-16,29619,9,4.70,7.73,,
239904,P,2000-03-30,22344,6,68.51,4.79,,
239905,P,2001-09-16,50151,3,7.93,6.83,,
239906,P,2000-06-25,85458,9,80.39,4.98,,
239907,P,2002-01-07,60864,3,3.26,4.26,,
239908,P,2000-09-29,89047,10,74.14,6.76,,
239909,P,2002-08-31,92619,9,9.49,9.15,,
239910,P,2002-06-23,79484,7,80.41,3.51,,
239911,P,2001-08-26,30020,3,61.53,9.82,,
239912,P,2002-02-22,20894,6,52.17,0.65,,
239913,P,2001-07-12,61107,8,15.66,6.05,,
239914,P,2000-08-02,50845,1,66.77,5.84,,
239915,P,2001-12-15,43115,4,9.01,0.22,,
239916,P,2001-04-17,31235,6,2.57,5.40,,
239917,P,2001-08-08,40846,8,29.57,6.55,,
239918,P,2002-05-29,1515,7,41.88,1.65,,
239919,P,2002-02-02,42732,5,3.93,1.97,,
239920,P,2002-01-07,74527,10,2.64,2.59,,
239921,P,2002-04-25,3903,10,14.51,4.09,,
239922,P,2000-11-22,44082,5,52.20,8.04,,
239923,P,2002-09-07,98347,5,27.56,5.60,,
239924,P,2001-06-01,41297,2,85.00,1.52,,
239925,P,2001-10-22,89939,1,52.55,6.47,,
239926,P,2000-03-10,1776,8,76.36,1.20,,
239927,P,2002-06-23,14301,9,8.97,9.89,,
239928,P,2001-03-08,17390,2,25.21,0.88,,
239929,P,2001-10-03,93503,1,17.76,1.22,,
239930,P,2000-02-17,22868,3,17.09,9.10,,
239931,P,2000-09-12,71042,7,57.73,6.63,,
239932,P,2000-11-28,42618,5,87.44,1.72,,
239933,P,2002-02-08,2643,4,96.93,8.49,,
239934,P,2002-09-26,21995,3,63.24,7.43,,
239935,P,2001-02-01,63026,7,11.14,3.24,,
239936,P,2001-07-13,91650,9,11.64,2.92,,
239937,P,2000-03-03,85931,3,91.48,3.05,,
239938,P,2000-03-18,72116,5,67.43,3.15,,
239939,P,2000-11-20,27206,5,53.51,4.34,,
239940,P,2002-06-03,39423,9,17.89,4.12,,
239941,P,2001-12-09,39541,8,75.55,9.00,,
239942,P,2002-04-12,28924,7,22.48,1.22,,
239943,P,2001-08-26,64842,4,66.92,2.74,,
239944,P,2000-04-25,44868,8,29.18,3.84,,
239945,P,2000-12-16,28808,3,91.83,4.82,,
239946,P,2001-12-28,12746,4,21.68,2.64,,
239947,P,2000-05-16,92657,6,33.95,3.74,,
239948,P,2002-03-19,33523,9,91.44,1.30,,
239949,P,2001-06-21,99641,9,77.79,2.71,,
239950,P,2000-02-07,74130,10,88.79,4.65,,
239951,P,2000-06-19,71419,1,30.56,6.24,,
239952,P,2000-12-09,40234,6,0.90,2.92,,
239953,P,2001-10-01,47119,4,1.01,7.31,,
239954,P,2000-04-10,69434,3,45.74,2.26,,
239955,P,2000-11-14,20095,1,97.44,2.44,,
239956,P,2000-06-24,55732,9,71.36,7.51,,
239957,P,2001-08-21,37963,6,62.79,4.77,,
239958,P,2002-01-01,40476,6,99.95,2.56,,
239959,P,2000-01-18,28733,5,26.16,4.94,,
239960,P,2002-02-12,66369,1,58.94,3.82,,
239961,P,2000-01-13,52807,2,55.11,5.70,,
239962,P,2002-05-14,88025,3,17.98,7.60,,
239963,P,2000-11-16,73656,9,80.71,3.94,,
239964,P,2002-03-31,50742,10,32.65,4.42,,
239965,P,2000-04-29,71842,9,7.28,7.42,,
239966,P,2001-06-15,3102,10,55.36,9.07,,
239967,P,2000-10-17,8204,9,99.59,3.04,,
239968,P,2001-03-24,42177,9,16.53,7.55,,
239969,P,2001-08-26,54458,7,66.13,5.34,,
239970,P,2002-02-25,74512,7,69.86,7.36,,
239971,P,2001-08-13,94964,2,65.05,9.88,,
239972,P,2001-12-12,91913,10,7.78,1.22,,
239973,P,2000-05-31,41283,2,99.98,7.21,,
239974,P,2002-09-11,86029,9,82.22,4.24,,
239975,P,2002-08-15,83366,6,30.97,6.00,,
239976,P,2000-03-01,4925,3,38.47,8.05,,
239977,P,2000-09-05,71062,10,35.74,9.28,,
239978,P,2001-07-06,24889,3,54.70,5.90,,
239979,P,2001-08-12,97774,2,70.31,2.15,,
239980,P,2000-01-20,48831,1,66.56,5.28,,
239981,P,2000-04-04,62968,2,42.07,0.10,,
239982,P,2001-07-14,85319,4,86.25,6.58,,
239983,P,2001-12-16,60436,7,15.81,2.80,,
239984,P,2001-12-18,7630,8,75.70,6.97,,
239985,P,2002-02-04,715,9,89.76,10.00,,
239986,P,2001-12-26,19575,4,75.37,7.06,,
239987,P,2002-08-05,68442,1,25.09,3.99,,
239988,P,2002-06-10,86315,6,7.86,0.26,,
239989,P,2001-09-14,38845,3,90.10,6.46,,
239990,P,2000-04-25,88216,4,13.59,6.02,,
239991,P,2001-12-30,11065,8,20.19,2.33,,
239992,P,2002-09-04,20966,1,56.69,2.13,,
239993,P,2001-12-26,74307,7,85.58,6.87,,
239994,P,2000-12-13,13011,4,72.37,7.64,,
239995,P,2001-05-22,6899,2,40.63,1.49,,
239996,P,2000-11-19,16652,9,16.44,1.40,,
239997,P,2001-05-04,57632,1,44.39,8.57,,
239998,P,2002-04-15,42585,5,77.66,7.87,,
239999,P,2000-05-15,60679,4,10.38,1.83,,
240000,P,2001-11-06,32748,5,13.58,6.01,,
240001,P,2002-08-24,52433,4,13.29,6.54,,
240002,P,2002-04-13,29173,2,34.19,5.10,,
240003,P,2002-01-16,32328,6,78.86,0.62,,
240004,P,2002-06-02,68817,9,90.11,0.51,,
240005,P,2001-10-22,34617,4,16.51,6.52,,
240006,P,2001-03-25,55,1,8.99,5.11,,
240007,P,2000-02-16,70531,3,39.75,2.84,,
240008,P,2002-08-21,31519,9,56.12,2.84,,
240009,P,2000-04-08,82515,6,62.03,1.88,,
240010,P,2000-11-26,55039,3,85.90,9.68,,
240011,P,2000-09-24,9962,9,37.51,8.19,,
240012,P,2000-10-31,21975,3,56.37,0.51,,
240013,P,2001-07-26,41865,2,63.97,9.56,,
240014,P,2001-05-10,44431,1,42.64,4.13,,
240015,P,2000-03-15,90466,8,5.15,6.26,,
240016,P,2000-02-20,70533,7,79.10,0.15,,
240017,P,2000-09-11,8247,2,86.14,8.63,,
240018,P,2000-02-25,10924,7,62.81,0.67,,
240019,P,2001-02-11,32570,3,0.99,7.13,,
240020,P,2001-03-27,30748,6,20.98,2.33,,
240021,P,2000-03-12,45970,4,90.07,7.48,,
240022,P,2002-05-11,92902,3,73.34,0.92,,
240023,P,2001-02-20,12705,5,20.81,8.97,,
240024,P,2000-07-24,76618,9,34.48,2.12,,
240025,P,2000-09-02,1128,6,48.54,4.21,,
240026,P,2002-08-03,79617,10,57.80,10.00,,
240027,P,2001-05-04,85172,1,45.37,1.54,,
240028,P,2001-01-20,78479,5,2.38,2.32,,
240029,P,2001-07-23,86084,7,93.30,1.99,,
240030,P,2001-12-11,88178,2,72.09,8.27,,
240031,P,2001-07-29,9745,5,61.24,8.91,,
240032,P,2001-02-08,24253,3,29.23,7.97,,
240033,P,2002-04-23,2786,7,86.69,5.89,,
240034,P,2000-10-19,84151,2,23.66,8.76,,
240035,P,2001-09-23,14632,3,46.67,2.06,,
240036,P,2000-11-20,16200,7,38.18,9.27,,
240037,P,2001-06-20,41342,10,8.78,3.25,,
240038,P,2002-08-13,7228,7,71.67,9.59,,
240039,P,2002-07-16,49775,10,33.70,7.81,,
240040,P,2002-01-10,56510,10,45.20,9.53,,
240041,P,2001-07-03,82168,1,65.71,8.09,,
240042,P,2002-07-22,26384,7,57.11,3.82,,
240043,P,2001-10-06,95343,8,19.18,5.15,,
240044,P,2000-11-07,40859,9,58.73,8.43,,
240045,P,2000-09-08,4684,2,20.75,6.21,,
240046,P,2002-06-10,1384,6,42.89,5.77,,
240047,P,2000-08-29,28104,7,14.69,8.34,,
240048,P,2000-08-25,84850,7,54.42,3.86,,
240049,P,2000-08-17,25773,9,68.75,5.24,,
240050,P,2000-03-01,51771,6,29.21,8.16,,
240051,P,2001-07-18,35362,1,3.55,4.22,,
240052,P,2002-09-26,60205,2,42.45,8.37,,
240053,P,2001-08-27,6198,10,45.68,5.28,,
240054,P,2001-08-27,3355,8,63.84,1.55,,
240055,P,2001-09-05,69335,1,44.12,8.64,,
240056,P,2001-03-29,84293,1,7.73,1.49,,
240057,P,2001-05-23,12986,10,18.47,5.62,,
240058,P,2000-12-13,62908,5,70.37,3.25,,
240059,P,2002-04-30,26471,7,37.78,6.61,,
240060,P,2001-04-16,25373,7,75.21,3.18,,
240061,P,2000-10-14,37903,10,95.25,6.44,,
240062,P,2000-09-26,9995,8,46.41,1.10,,
240063,P,2002-06-22,65112,6,48.20,3.20,,
240064,P,2000-06-12,52575,5,98.28,5.43,,
240065,P,2002-07-14,95058,6,33.59,2.64,,
240066,P,2001-03-05,62565,5,37.60,1.40,,
240067,P,2000-10-24,73547,10,62.60,8.44,,
240068,P,2001-11-26,15069,7,6.74,0.81,,
240069,P,2000-01-24,72031,7,67.23,7.61,,
240070,P,2001-04-07,55354,10,62.14,9.00,,
240071,P,2001-02-07,47461,5,54.07,9.57,,
240072,P,2000-07-13,7289,8,32.32,4.57,,
240073,P,2000-10-13,22672,7,91.22,9.42,,
240074,P,2001-04-25,29886,5,80.28,7.16,,
240075,P,2001-03-09,62482,2,52.37,7.15,,
240076,P,2000-06-24,67664,9,67.17,1.52,,
240077,P,2001-12-10,20190,8,52.16,9.50,,
240078,P,2002-07-02,43643,4,12.50,4.93,,
240079,P,2001-03-12,79662,7,14.43,1.60,,
240080,P,2000-10-18,46145,6,16.71,0.03,,
240081,P,2001-05-11,65634,6,82.24,4.60,,
240082,P,2000-07-13,4454,5,68.99,7.08,,
240083,P,2000-06-26,42017,9,97.76,8.75,,
240084,P,2000-12-25,76815,4,55.28,1.26,,
240085,P,2001-09-18,72522,10,27.58,3.19,,
240086,P,2002-01-26,79121,3,15.80,2.03,,
240087,P,2000-03-14,35627,7,43.46,8.96,,
240088,P,2002-09-03,95915,5,99.57,2.58,,
240089,P,2000-09-26,40970,1,93.60,8.03,,
240090,P,2000-10-14,22421,10,97.27,1.97,,
240091,P,2001-10-16,77663,8,80.81,6.41,,
240092,P,2000-01-19,21260,9,25.91,4.31,,
240093,P,2000-01-21,24035,7,75.02,0.68,,
240094,P,2001-02-10,11848,2,54.74,7.62,,
240095,P,2000-08-29,13070,3,73.85,3.16,,
240096,P,2000-10-13,36675,10,80.16,5.12,,
240097,P,2001-10-10,98439,10,99.06,1.79,,
240098,P,2001-05-25,71861,1,63.29,0.95,,
240099,P,2000-04-11,93073,2,18.86,7.43,,
240100,P,2001-09-07,9439,5,83.92,1.64,,
240101,P,2000-10-04,80955,10,9.37,0.77,,
240102,P,2000-11-08,80969,7,96.29,0.34,,
240103,P,2000-01-22,95165,3,10.98,5.78,,
240104,P,2001-08-09,4012,6,73.57,1.91,,
240105,P,2002-03-01,34723,3,88.20,3.00,,
240106,P,2000-08-04,93796,8,59.77,2.85,,
240107,P,2000-11-29,83522,5,66.18,9.17,,
240108,P,2000-09-16,10942,5,89.49,9.97,,
240109,P,2001-11-26,17394,6,13.64,5.03,,
240110,P,2002-01-17,45074,9,22.85,2.74,,
240111,P,2001-11-20,53749,2,39.15,5.84,,
240112,P,2000-08-28,5613,4,10.14,3.17,,
240113,P,2001-07-16,18838,9,61.16,3.34,,
240114,P,2001-01-27,82825,4,91.12,1.76,,
240115,P,2000-12-10,47610,4,10.34,7.20,,
240116,P,2001-09-09,52697,5,36.26,7.66,,
240117,P,2002-01-08,53705,8,67.66,9.02,,
240118,P,2000-01-16,5547,4,42.87,5.28,,
240119,P,2001-10-06,5853,2,67.65,6.51,,
240120,P,2001-08-23,98420,3,76.46,6.48,,
240121,P,2000-11-16,78958,7,71.24,3.20,,
240122,P,2001-05-27,75693,2,37.27,9.89,,
240123,P,2002-02-28,34050,10,26.71,3.72,,
240124,P,2001-10-07,58231,7,26.70,0.23,,
240125,P,2000-09-08,61946,2,88.20,6.81,,
240126,P,2001-02-13,13325,2,63.59,0.21,,
240127,P,2001-03-31,11322,2,3.93,5.30,,
240128,P,2002-07-04,53745,3,44.35,9.50,,
240129,P,2000-07-17,15127,2,3.18,7.45,,
240130,P,2000-02-13,87868,3,42.99,7.47,,
240131,P,2001-11-15,5657,9,32.11,6.28,,
240132,P,2000-10-10,10574,8,21.90,6.31,,
240133,P,2001-09-19,30858,1,50.00,1.91,,
240134,P,2002-03-29,18856,8,82.23,5.92,,
240135,P,2001-01-08,43658,4,37.10,3.41,,
240136,P,2001-05-13,95960,3,67.37,7.49,,
240137,P,2000-08-09,43842,2,82.99,3.82,,
240138,P,2002-09-24,62933,3,75.96,3.55,,
240139,P,2001-09-10,8441,2,83.90,9.03,,
240140,P,2000-10-12,11129,5,42.49,0.42,,
240141,P,2000-10-23,92777,8,16.32,2.23,,
240142,P,2000-07-16,22066,2,25.26,8.20,,
240143,P,2000-03-11,64801,1,88.33,4.03,,
240144,P,2000-01-29,22382,10,59.24,1.53,,
240145,P,2002-09-16,68158,5,79.79,7.70,,
240146,P,2001-01-21,18358,4,81.99,2.50,,
240147,P,2001-01-14,19634,1,28.28,1.20,,
240148,P,2002-08-20,64425,8,36.39,5.48,,
240149,P,2002-08-24,60902,3,96.18,2.36,,
240150,P,2001-11-02,45231,9,1.61,0.94,,
240151,P,2001-11-09,61022,10,37.17,8.25,,
240152,P,2002-08-23,99804,7,57.26,7.69,,
240153,P,2002-09-17,85055,3,89.37,6.70,,
240154,P,2000-09-04,56082,10,23.61,6.78,,
240155,P,2002-01-26,21152,10,83.97,7.34,,
240156,P,2001-08-13,28838,8,16.35,6.15,,
240157,P,2001-05-26,87571,5,37.96,1.35,,
240158,P,2000-04-10,36212,2,83.38,6.87,,
240159,P,2000-09-08,37060,7,55.03,5.85,,
240160,P,2000-11-12,51165,8,97.10,6.85,,
240161,P,2002-07-13,44389,4,90.50,7.87,,
240162,P,2000-09-24,47853,7,66.85,8.40,,
240163,P,2002-05-10,58024,1,23.32,4.13,,
240164,P,2000-07-26,93541,7,42.67,5.19,,
240165,P,2000-04-05,23854,6,0.19,7.10,,
240166,P,2002-04-13,27911,4,4.21,3.99,,
240167,P,2000-03-18,97762,9,69.99,5.36,,
240168,P,2001-08-05,1425,5,51.00,6.13,,
240169,P,2001-06-19,24549,8,40.84,8.21,,
240170,P,2002-07-08,65006,6,46.41,8.91,,
240171,P,2002-06-21,52109,5,29.18,3.02,,
240172,P,2001-07-10,271,5,85.12,8.84,,
240173,P,2000-03-23,38864,9,61.61,8.45,,
240174,P,2001-11-23,38036,1,11.99,4.03,,
240175,P,2000-05-23,63699,8,7.10,7.80,,
240176,P,2001-06-06,82068,8,11.43,6.54,,
240177,P,2001-05-09,57918,9,62.68,6.62,,
240178,P,2002-06-17,33942,5,8.54,3.94,,
240179,P,2000-03-27,24620,7,3.97,9.22,,
240180,P,2001-04-20,56965,8,34.20,2.98,,
240181,P,2000-09-22,88730,9,48.97,8.93,,
240182,P,2001-11-26,39849,1,29.41,4.44,,
240183,P,2002-01-19,63973,6,54.93,7.33,,
240184,P,2000-06-11,55998,7,93.03,5.12,,
240185,P,2001-02-14,83019,8,52.84,1.66,,
240186,P,2002-03-29,14673,5,61.18,4.79,,
240187,P,2001-02-20,47544,6,73.32,8.60,,
240188,P,2001-07-15,49568,9,33.25,9.56,,
240189,P,2000-07-21,37727,6,3.15,4.75,,
240190,P,2002-05-28,39244,3,38.36,0.68,,
240191,P,2002-07-08,26361,5,72.84,2.95,,
240192,P,2000-02-20,91670,3,96.73,9.56,,
240193,P,2001-04-02,17517,7,39.67,7.57,,
240194,P,2001-08-23,15787,3,10.77,9.66,,
240195,P,2001-04-15,46142,2,5.32,6.06,,
240196,P,2001-02-11,33864,9,99.35,5.59,,
240197,P,2000-05-02,42192,3,74.04,5.24,,
240198,P,2000-03-28,92350,9,30.65,0.05,,
240199,P,2001-04-07,88504,10,34.18,7.19,,
240200,P,2002-01-21,57355,6,13.69,5.14,,
240201,P,2000-12-26,95701,3,29.51,8.92,,
240202,P,2002-06-01,49019,10,13.26,0.69,,
240203,P,2001-04-13,82162,1,29.98,9.87,,
240204,P,2000-08-03,23841,7,26.64,0.52,,
240205,P,2001-05-11,26191,1,61.69,5.17,,
240206,P,2002-04-16,20714,8,21.87,2.97,,
240207,P,2000-09-19,89973,4,85.64,7.70,,
240208,P,2002-04-03,66328,10,98.97,8.33,,
240209,P,2001-01-29,78035,10,7.59,0.85,,
240210,P,2002-08-22,13797,5,72.01,3.72,,
240211,P,2001-02-03,80626,9,11.95,6.25,,
240212,P,2000-08-13,75373,2,48.48,9.19,,
240213,P,2001-05-05,14885,8,17.63,8.37,,
240214,P,2001-05-16,29773,7,44.48,6.04,,
240215,P,2001-11-15,56179,5,48.09,3.48,,
240216,P,2002-09-03,61829,6,96.98,4.24,,
240217,P,2001-01-04,26975,8,77.37,5.94,,
240218,P,2001-09-12,47758,6,67.12,4.62,,
240219,P,2002-06-15,38108,10,19.37,4.10,,
240220,P,2001-08-15,56244,1,22.48,1.12,,
240221,P,2001-06-02,70028,2,69.88,5.65,,
240222,P,2000-02-15,57661,9,38.37,6.63,,
240223,P,2002-08-31,13722,6,20.09,7.73,,
240224,P,2000-05-27,59135,9,35.64,3.99,,
240225,P,2002-06-12,61199,10,3.49,9.27,,
240226,P,2001-03-12,37104,3,68.42,8.08,,
240227,P,2001-04-19,54247,1,92.74,2.98,,
240228,P,2000-04-01,15430,5,83.78,2.00,,
240229,P,2000-12-01,52687,7,67.77,8.57,,
240230,P,2000-03-21,16108,7,72.99,9.45,,
240231,P,2002-07-09,48077,6,98.52,9.09,,
240232,P,2001-04-09,80972,7,59.67,6.68,,
240233,P,2001-05-15,55315,3,14.14,2.59,,
240234,P,2000-07-23,73532,8,32.15,3.34,,
240235,P,2000-02-23,30659,3,94.09,8.36,,
240236,P,2001-12-30,71900,6,57.32,1.38,,
240237,P,2002-01-03,44703,7,23.25,3.00,,
240238,P,2001-11-30,67642,10,87.82,1.26,,
240239,P,2001-01-13,33935,6,98.76,0.95,,
240240,P,2002-06-29,6740,3,26.52,7.85,,
240241,P,2000-07-07,77557,1,0.98,7.92,,
240242,P,2002-02-21,27101,3,92.79,1.65,,
240243,P,2002-06-10,85085,5,59.68,0.54,,
240244,P,2001-05-27,41097,4,99.84,7.04,,
240245,P,2002-03-25,82082,7,49.84,7.41,,
240246,P,2000-07-25,62417,9,23.30,7.59,,
240247,P,2000-12-29,12766,2,25.70,2.01,,
240248,P,2001-06-29,1336,3,67.53,0.45,,
240249,P,2002-02-01,27794,3,22.73,6.68,,
240250,P,2000-05-15,95229,8,87.43,6.94,,
240251,P,2001-09-15,35800,4,20.69,0.09,,
240252,P,2001-12-09,61599,2,14.96,0.07,,
240253,P,2000-09-29,17718,5,74.20,8.98,,
240254,P,2002-04-28,53662,7,37.24,5.21,,
240255,P,2002-02-19,78792,5,44.65,8.62,,
240256,P,2000-05-01,84596,1,74.92,8.99,,
240257,P,2000-07-01,53044,9,74.89,1.34,,
240258,P,2001-05-15,17948,8,57.00,9.38,,
240259,P,2000-04-16,18030,1,51.56,9.01,,
240260,P,2000-06-05,13974,3,30.89,3.40,,
240261,P,2001-09-19,37220,5,76.53,7.85,,
240262,P,2002-08-20,98408,5,2.21,0.82,,
240263,P,2000-08-04,84147,5,57.57,0.59,,
240264,P,2000-06-16,34485,2,3.32,6.24,,
240265,P,2000-12-02,97289,1,96.25,1.09,,
240266,P,2001-06-07,12051,3,96.25,1.21,,
240267,P,2002-02-17,49436,9,54.62,7.40,,
240268,P,2000-09-09,77154,2,87.81,6.05,,
240269,P,2002-09-17,50022,9,7.59,4.00,,
240270,P,2000-01-19,94787,3,93.01,7.09,,
240271,P,2000-04-14,97765,3,16.70,8.82,,
240272,P,2002-06-13,49164,9,54.74,9.57,,
240273,P,2001-02-02,24038,4,87.31,0.10,,
240274,P,2000-06-11,58477,5,14.97,6.86,,
240275,P,2002-08-03,56461,6,1.11,6.50,,
240276,P,2001-08-05,80881,10,61.07,7.35,,
240277,P,2002-09-12,19945,9,65.07,5.95,,
240278,P,2001-02-26,78919,5,99.36,9.49,,
240279,P,2000-09-02,76097,5,29.56,5.82,,
240280,P,2000-07-04,56434,5,95.91,3.31,,
240281,P,2002-08-02,15006,2,11.83,5.91,,
240282,P,2002-08-21,3563,10,80.29,1.98,,
240283,P,2000-03-09,79631,9,76.54,1.77,,
240284,P,2002-06-04,41544,4,20.35,1.38,,
240285,P,2000-02-21,49512,1,96.01,4.83,,
240286,P,2000-01-06,5727,4,14.21,5.53,,
240287,P,2001-09-25,74215,5,35.25,6.34,,
240288,P,2000-05-01,498,2,23.93,1.32,,
240289,P,2000-12-12,68057,3,71.36,8.99,,
240290,P,2000-01-21,39905,4,55.24,3.66,,
240291,P,2001-04-19,28341,10,68.06,3.78,,
240292,P,2001-12-11,77830,4,98.36,4.35,,
240293,P,2000-09-19,90569,1,47.88,1.33,,
240294,P,2001-06-09,93907,2,34.60,1.59,,
240295,P,2002-05-20,83465,3,6.53,0.59,,
240296,P,2001-03-20,36038,1,65.45,8.55,,
240297,P,2000-09-04,52176,1,74.56,6.14,,
240298,P,2000-01-16,60272,2,4.75,8.68,,
240299,P,2000-09-07,27215,9,56.49,5.21,,
240300,P,2001-08-20,21120,2,8.59,8.06,,
240301,P,2000-10-25,84406,6,84.98,3.38,,
240302,P,2000-04-04,6016,9,41.18,7.63,,
240303,P,2001-02-05,81043,7,5.69,7.48,,
240304,P,2001-12-15,11719,1,56.66,1.98,,
240305,P,2001-07-05,93964,6,59.04,9.83,,
240306,P,2001-10-18,22630,4,78.12,8.00,,
240307,P,2001-09-07,46127,5,83.69,6.39,,
240308,P,2000-03-25,8016,9,79.43,4.19,,
240309,P,2001-06-17,75709,1,55.38,4.38,,
240310,P,2002-05-24,69475,2,58.39,0.79,,
240311,P,2000-10-23,99301,2,54.16,7.24,,
240312,P,2002-05-18,98672,7,40.68,5.52,,
240313,P,2001-08-17,10724,6,42.52,1.49,,
240314,P,2001-07-19,60919,5,87.50,3.96,,
240315,P,2001-06-03,63090,8,4.38,3.69,,
240316,P,2002-01-02,83983,10,87.23,1.91,,
240317,P,2001-09-24,99951,4,95.45,3.31,,
240318,P,2002-02-08,12328,3,58.77,8.40,,
240319,P,2001-08-10,11126,9,1.47,7.85,,
240320,P,2001-04-27,58306,6,84.59,8.91,,
240321,P,2000-03-15,52992,10,99.32,9.34,,
240322,P,2002-09-12,15368,9,41.48,9.59,,
240323,P,2001-04-26,7790,4,42.32,3.71,,
240324,P,2002-04-05,69311,7,66.53,7.93,,
240325,P,2001-04-10,61413,5,47.52,6.84,,
240326,P,2002-05-02,2854,2,80.96,4.87,,
240327,P,2000-07-03,71747,9,35.08,4.57,,
240328,P,2001-05-09,14960,9,73.33,6.41,,
240329,P,2002-09-15,77290,4,98.14,1.22,,
240330,P,2000-01-19,76049,8,96.24,3.54,,
240331,P,2001-01-18,17543,3,32.45,3.58,,
240332,P,2000-06-01,704,3,15.60,3.24,,
240333,P,2001-02-01,62885,10,63.28,6.09,,
240334,P,2000-12-03,4521,7,34.61,3.57,,
240335,P,2001-07-30,84529,6,10.71,7.07,,
240336,P,2001-08-06,37040,8,18.75,9.83,,
240337,P,2001-06-28,64556,1,13.86,4.20,,
240338,P,2002-05-28,32634,4,32.31,9.06,,
240339,P,2001-04-20,80408,9,38.02,7.12,,
240340,P,2000-05-19,94032,3,66.42,2.07,,
240341,P,2000-01-10,82608,6,5.39,5.82,,
240342,P,2002-07-28,71380,6,93.07,2.85,,
240343,P,2001-10-20,51673,5,75.61,3.12,,
240344,P,2000-05-02,99880,6,2.94,8.21,,
240345,P,2000-07-12,40056,10,78.40,4.23,,
240346,P,2001-07-12,94690,8,87.74,7.16,,
240347,P,2000-11-06,44740,3,75.24,6.57,,
240348,P,2000-11-11,85464,4,41.27,5.91,,
240349,P,2000-12-28,93115,2,97.61,7.51,,
240350,P,2000-10-07,95033,8,59.83,7.28,,
240351,P,2001-04-15,53217,3,38.83,0.94,,
240352,P,2001-05-22,60566,9,37.63,7.64,,
240353,P,2002-03-23,63774,6,11.79,6.94,,
240354,P,2001-05-12,91556,10,48.73,0.16,,
240355,P,2002-04-11,94938,4,27.18,6.54,,
240356,P,2000-10-06,8891,5,47.84,7.11,,
240357,P,2002-09-21,27843,5,88.06,5.41,,
240358,P,2001-03-27,59129,9,67.55,9.82,,
240359,P,2002-02-06,61419,6,54.22,7.98,,
240360,P,2002-07-01,82479,8,64.44,9.55,,
240361,P,2001-09-26,83712,9,55.84,2.22,,
240362,P,2001-03-03,46905,1,67.79,4.13,,
240363,P,2001-07-17,32931,10,3.14,0.36,,
240364,P,2000-09-01,31711,2,53.78,6.70,,
240365,P,2000-12-26,20626,1,48.78,0.86,,
240366,P,2002-09-14,29416,5,86.60,0.66,,
240367,P,2002-07-28,34930,5,80.72,0.33,,
240368,P,2002-02-01,64866,8,55.17,9.09,,
240369,P,2000-04-24,89094,10,8.98,7.75,,
240370,P,2001-08-15,21010,10,47.08,1.39,,
240371,P,2002-02-08,57160,3,76.02,4.66,,
240372,P,2000-09-28,94809,6,71.58,0.75,,
240373,P,2000-03-01,91498,9,54.05,6.39,,
240374,P,2000-02-23,7062,2,92.65,1.02,,
240375,P,2000-08-07,8080,10,8.95,4.34,,
240376,P,2001-10-01,10139,8,14.22,3.10,,
240377,P,2001-07-13,82050,2,21.44,5.24,,
240378,P,2001-02-12,30521,5,73.91,5.86,,
240379,P,2001-02-16,44741,9,43.75,5.86,,
240380,P,2000-11-28,52332,2,78.70,3.03,,
240381,P,2001-10-09,50185,9,46.71,1.99,,
240382,P,2001-09-19,35475,10,14.82,0.03,,
240383,P,2002-02-20,38488,9,16.68,5.14,,
240384,P,2002-03-07,35963,4,36.69,8.72,,
240385,P,2000-01-06,94605,2,80.69,5.19,,
240386,P,2001-10-14,68035,10,95.11,6.31,,
240387,P,2001-06-06,33313,7,71.49,2.94,,
240388,P,2001-07-27,58261,1,94.65,2.43,,
240389,P,2002-02-04,31861,2,46.94,3.78,,
240390,P,2001-11-02,93830,9,32.09,4.48,,
240391,P,2001-11-29,84430,8,20.89,0.87,,
240392,P,2000-09-08,84621,9,92.85,9.78,,
240393,P,2002-07-25,37089,5,63.37,7.01,,
240394,P,2002-02-27,75721,2,29.51,3.96,,
240395,P,2000-10-07,15519,3,86.13,7.82,,
240396,P,2000-03-17,33048,8,93.88,0.59,,
240397,P,2001-09-10,42463,8,53.02,6.86,,
240398,P,2001-02-06,7087,8,33.23,6.74,,
240399,P,2002-01-31,69188,5,73.55,0.54,,
240400,P,2001-04-12,33480,8,28.05,1.01,,
240401,P,2001-02-08,87324,5,84.24,6.86,,
240402,P,2000-12-07,47477,9,70.15,5.01,,
240403,P,2002-05-08,22038,6,55.47,5.06,,
240404,P,2000-07-04,51906,9,4.87,9.65,,
240405,P,2001-03-14,67164,4,14.99,5.04,,
240406,P,2002-04-22,11701,6,70.11,0.91,,
240407,P,2000-03-13,45112,2,15.10,9.21,,
240408,P,2001-11-12,5182,9,89.43,2.68,,
240409,P,2000-10-12,80967,2,86.13,9.48,,
240410,P,2000-04-15,67758,3,73.68,0.72,,
240411,P,2000-07-08,35855,10,74.32,6.98,,
240412,P,2002-04-29,64689,9,69.41,7.26,,
240413,P,2002-06-28,73101,9,0.78,5.75,,
240414,P,2000-06-22,74269,9,48.30,8.40,,
240415,P,2002-03-25,86291,4,62.96,5.19,,
240416,P,2000-07-24,47073,4,85.30,8.08,,
240417,P,2000-12-26,27438,10,19.66,6.79,,
240418,P,2000-07-09,33664,1,28.70,4.55,,
240419,P,2002-08-03,24225,1,32.61,9.35,,
240420,P,2000-03-08,56970,1,64.34,9.05,,
240421,P,2000-06-28,53274,3,16.06,5.51,,
240422,P,2000-04-08,81978,10,78.92,1.45,,
240423,P,2002-06-11,36994,10,80.30,7.20,,
240424,P,2000-06-13,79555,3,8.72,8.98,,
240425,P,2000-05-02,86498,7,58.53,2.22,,
240426,P,2001-12-11,75762,9,57.31,2.29,,
240427,P,2000-12-10,29565,2,2.12,2.44,,
240428,P,2002-09-25,15385,5,88.18,0.09,,
240429,P,2000-03-11,52823,3,1.83,6.06,,
240430,P,2002-04-12,45709,6,84.29,3.96,,
240431,P,2000-08-04,94638,4,70.94,1.81,,
240432,P,2002-07-09,85874,8,89.49,1.26,,
240433,P,2002-04-10,93566,3,3.37,8.10,,
240434,P,2000-08-05,82874,5,41.10,0.27,,
240435,P,2002-05-17,43105,3,67.46,9.93,,
240436,P,2000-02-06,33638,10,19.24,4.56,,
240437,P,2000-05-09,54686,2,34.03,9.56,,
240438,P,2002-01-29,17735,9,49.05,5.87,,
240439,P,2001-02-14,5815,9,77.00,7.64,,
240440,P,2001-12-21,82227,6,40.63,1.33,,
240441,P,2000-09-21,17099,4,1.77,3.16,,
240442,P,2000-10-20,44110,1,41.84,5.57,,
240443,P,2002-02-19,8868,7,3.26,2.28,,
240444,P,2001-11-06,4533,9,83.59,0.28,,
240445,P,2002-07-10,72219,5,27.05,0.40,,
240446,P,2001-08-14,60408,1,29.40,8.56,,
240447,P,2002-04-27,17834,8,84.68,0.50,,
240448,P,2001-12-06,13463,5,14.86,1.18,,
240449,P,2001-03-12,21917,1,25.65,4.87,,
240450,P,2001-01-03,58362,8,0.79,9.33,,
240451,P,2002-04-07,39632,1,83.33,7.75,,
240452,P,2000-07-26,1895,3,10.75,2.42,,
240453,P,2002-06-02,8347,10,70.67,4.82,,
240454,P,2002-06-16,14577,2,41.73,7.19,,
240455,P,2000-10-10,48928,1,25.72,9.00,,
240456,P,2002-05-24,22142,2,49.60,6.95,,
240457,P,2002-01-08,30068,10,53.59,4.23,,
240458,P,2000-11-04,11679,2,54.81,4.26,,
240459,P,2000-05-07,99300,8,2.46,7.02,,
240460,P,2002-07-13,51057,7,6.99,5.70,,
240461,P,2000-11-08,71973,4,31.98,0.64,,
240462,P,2000-04-30,29497,5,38.02,7.85,,
240463,P,2001-06-16,56006,10,65.91,0.48,,
240464,P,2002-07-02,34218,1,21.18,4.34,,
240465,P,2002-05-31,34343,2,51.07,6.18,,
240466,P,2000-09-05,21823,8,71.29,3.75,,
240467,P,2001-04-13,65011,8,13.56,1.46,,
240468,P,2001-07-24,29715,2,99.59,3.95,,
240469,P,2000-08-23,33027,2,11.09,1.78,,
240470,P,2000-08-20,5097,3,75.28,1.33,,
240471,P,2000-10-31,41804,4,93.50,0.58,,
240472,P,2000-06-16,50683,2,64.60,6.61,,
240473,P,2000-08-09,44687,9,80.30,4.81,,
240474,P,2000-04-11,81116,3,22.61,0.43,,
240475,P,2001-08-03,90353,6,14.01,6.53,,
240476,P,2000-03-22,70656,6,25.16,5.51,,
240477,P,2000-11-20,58248,7,27.53,2.79,,
240478,P,2000-12-04,77593,6,56.65,4.93,,
240479,P,2000-02-23,69796,10,97.99,8.27,,
240480,P,2001-04-18,44038,2,16.25,8.89,,
240481,P,2002-05-27,46855,7,54.34,9.13,,
240482,P,2000-04-10,65130,1,17.05,6.99,,
240483,P,2001-01-16,37557,6,16.83,6.60,,
240484,P,2002-07-15,83259,8,99.81,6.43,,
240485,P,2000-09-16,94421,3,25.75,5.91,,
240486,P,2001-05-19,93189,10,44.28,6.02,,
240487,P,2000-11-07,67865,4,60.72,7.33,,
240488,P,2001-11-05,63842,8,41.84,7.65,,
240489,P,2002-03-29,70615,2,97.57,7.88,,
240490,P,2002-05-09,62,6,57.03,6.78,,
240491,P,2001-04-10,25259,6,61.84,7.99,,
240492,P,2002-01-24,67377,8,33.56,5.08,,
240493,P,2001-11-15,20216,8,71.10,5.40,,
240494,P,2000-10-15,38731,9,65.83,7.75,,
240495,P,2000-09-25,33456,9,56.10,5.46,,
240496,P,2000-09-20,33621,7,59.48,9.26,,
240497,P,2001-06-20,48780,1,31.36,8.22,,
240498,P,2000-12-14,54395,6,35.49,8.64,,
240499,P,2000-11-03,78316,8,53.19,3.92,,
240500,P,2000-02-10,61037,10,74.08,6.73,,
240501,P,2001-11-28,26076,9,74.74,7.51,,
240502,P,2002-09-20,95616,8,8.14,9.53,,
240503,P,2000-07-22,87357,6,65.48,9.88,,
240504,P,2000-05-19,95904,10,36.98,6.85,,
240505,P,2001-10-30,79075,6,33.48,5.25,,
240506,P,2001-02-09,31125,7,38.99,0.03,,
240507,P,2000-02-27,85360,1,46.06,3.36,,
240508,P,2001-12-12,49563,7,48.20,2.16,,
240509,P,2002-03-30,13011,2,50.51,0.64,,
240510,P,2002-05-31,77419,2,42.02,5.82,,
240511,P,2000-11-23,65557,2,16.62,3.71,,
240512,P,2002-04-06,22179,8,39.14,4.48,,
240513,P,2000-09-15,24411,9,90.27,2.97,,
240514,P,2001-01-11,28234,9,40.34,8.26,,
240515,P,2001-09-17,31616,2,35.33,1.96,,
240516,P,2001-03-22,3621,9,72.22,9.37,,
240517,P,2000-09-01,12318,9,72.98,5.95,,
240518,P,2001-10-25,19686,1,84.39,3.85,,
240519,P,2000-08-27,56958,9,76.50,8.11,,
240520,P,2001-06-28,87956,1,59.47,0.69,,
240521,P,2002-04-25,36108,4,49.35,1.50,,
240522,P,2000-04-06,40628,7,28.26,8.30,,
240523,P,2002-08-12,10926,9,58.35,2.46,,
240524,P,2000-10-11,52728,3,64.75,5.03,,
240525,P,2000-05-02,88596,4,45.63,3.16,,
240526,P,2000-10-05,93994,3,0.94,3.25,,
240527,P,2001-05-29,1783,6,94.48,4.45,,
240528,P,2000-12-21,73242,1,1.27,1.96,,
240529,P,2002-04-22,28371,6,75.12,7.54,,
240530,P,2001-04-09,1326,4,2.90,3.34,,
240531,P,2001-06-29,28615,1,63.42,4.93,,
240532,P,2000-06-24,20680,10,35.78,7.39,,
240533,P,2000-07-21,98586,7,44.71,4.47,,
240534,P,2001-09-02,95189,1,20.04,5.86,,
240535,P,2001-10-23,52909,5,5.12,6.54,,
240536,P,2002-06-06,52575,1,4.08,1.90,,
240537,P,2000-03-26,59948,5,44.89,1.01,,
240538,P,2001-06-06,93131,6,75.93,5.81,,
240539,P,2000-10-15,24604,6,85.29,2.03,,
240540,P,2001-02-02,65500,5,21.03,9.18,,
240541,P,2001-11-29,43316,10,20.61,0.80,,
240542,P,2001-01-09,65247,7,96.96,3.73,,
240543,P,2002-06-19,23746,9,92.69,2.39,,
240544,P,2002-02-22,69484,10,88.87,7.78,,
240545,P,2002-03-16,29581,7,50.19,1.71,,
240546,P,2000-12-03,45612,8,89.30,5.08,,
240547,P,2000-02-08,1020,6,28.24,7.65,,
240548,P,2001-07-28,47732,5,74.78,4.35,,
240549,P,2002-06-21,21937,8,50.42,0.45,,
240550,P,2000-06-29,73598,7,41.71,7.69,,
240551,P,2000-07-31,84562,4,68.71,2.23,,
240552,P,2002-08-22,6056,4,55.11,9.67,,
240553,P,2002-08-04,81314,4,37.98,9.04,,
240554,P,2002-08-04,85720,3,58.32,2.35,,
240555,P,2000-04-14,61561,8,45.04,9.75,,
240556,P,2002-03-18,71885,7,52.61,3.05,,
240557,P,2001-07-15,10691,5,17.11,9.25,,
240558,P,2001-06-29,11444,3,56.44,3.87,,
240559,P,2000-10-05,98808,10,34.16,3.75,,
240560,P,2000-11-22,19743,2,19.44,7.89,,
240561,P,2000-05-26,84481,10,20.12,3.49,,
240562,P,2002-05-23,87305,3,6.97,8.06,,
240563,P,2002-01-23,84897,3,31.09,2.31,,
240564,P,2001-03-18,70505,5,13.29,2.35,,
240565,P,2000-02-13,12861,6,96.39,5.87,,
240566,P,2001-12-14,5918,9,32.87,3.90,,
240567,P,2002-06-17,23482,10,77.49,5.88,,
240568,P,2001-11-16,60585,5,62.25,9.08,,
240569,P,2001-11-20,37590,5,81.11,2.22,,
240570,P,2001-07-20,57360,9,24.44,2.39,,
240571,P,2001-04-01,16035,10,95.03,4.41,,
240572,P,2000-10-23,85374,5,94.51,1.23,,
240573,P,2001-03-04,63358,2,65.38,3.67,,
240574,P,2001-06-22,17189,7,95.59,1.56,,
240575,P,2001-11-15,96033,9,84.90,7.47,,
240576,P,2001-08-24,48070,5,5.85,4.47,,
240577,P,2001-05-08,20761,10,6.54,0.07,,
240578,P,2000-10-29,71369,9,37.25,4.13,,
240579,P,2000-01-18,20499,1,12.77,7.83,,
240580,P,2002-06-30,9039,7,12.93,9.00,,
240581,P,2001-05-27,87143,4,93.97,5.80,,
240582,P,2000-11-04,76639,6,39.50,3.71,,
240583,P,2001-09-06,75248,4,98.00,2.74,,
240584,P,2001-02-02,78387,6,29.74,4.22,,
240585,P,2001-11-23,79904,1,18.16,7.65,,
240586,P,2000-10-17,37868,5,92.07,9.29,,
240587,P,2001-06-17,38062,7,52.00,9.85,,
240588,P,2001-03-17,5764,6,85.99,8.64,,
240589,P,2001-06-12,32026,6,33.05,2.08,,
240590,P,2000-08-06,63783,3,12.09,7.37,,
240591,P,2001-01-12,95194,2,66.42,0.12,,
240592,P,2000-07-12,303,3,51.47,8.82,,
240593,P,2000-09-19,35477,7,68.57,7.34,,
240594,P,2001-09-16,94297,7,99.47,1.72,,
240595,P,2000-09-29,84246,5,28.20,8.57,,
240596,P,2000-10-29,52112,2,24.00,4.48,,
240597,P,2002-03-30,85406,2,60.66,0.89,,
240598,P,2001-04-19,82998,1,43.66,3.02,,
240599,P,2000-02-01,22889,8,91.84,8.92,,
240600,P,2001-09-04,44132,9,92.29,7.08,,
240601,P,2000-06-26,86293,10,85.82,9.78,,
240602,P,2000-11-08,86360,2,20.20,7.70,,
240603,P,2001-04-21,98723,2,7.43,4.10,,
240604,P,2001-02-02,49258,5,75.58,5.75,,
240605,P,2002-09-02,36726,7,1.64,9.85,,
240606,P,2002-05-08,26799,8,12.12,1.33,,
240607,P,2002-07-16,26204,9,31.39,6.70,,
240608,P,2001-06-08,8934,8,57.86,5.03,,
240609,P,2002-04-28,92915,7,10.54,1.02,,
240610,P,2002-08-23,8705,8,92.86,1.42,,
240611,P,2000-05-27,75991,10,3.16,8.76,,
240612,P,2001-05-17,43259,5,77.08,5.04,,
240613,P,2001-07-01,11755,8,89.01,7.60,,
240614,P,2000-05-03,40140,5,54.61,4.40,,
240615,P,2001-02-16,20622,9,35.90,8.76,,
240616,P,2001-11-26,46294,2,90.77,9.79,,
240617,P,2000-11-29,41736,6,75.11,8.25,,
240618,P,2001-03-10,62562,9,90.53,5.05,,
240619,P,2001-04-04,62365,5,55.45,6.42,,
240620,P,2000-02-09,5780,3,70.96,3.08,,
240621,P,2002-05-07,81224,3,16.01,6.92,,
240622,P,2000-01-07,69429,6,7.79,3.61,,
240623,P,2001-06-18,29027,1,72.38,8.65,,
240624,P,2000-02-24,51232,8,78.70,7.98,,
240625,P,2000-08-17,32820,1,79.02,4.01,,
240626,P,2000-03-26,21755,3,67.67,9.73,,
240627,P,2000-05-15,86937,9,30.27,5.75,,
240628,P,2001-06-24,45270,1,30.06,1.76,,
240629,P,2000-05-12,63322,3,15.34,2.73,,
240630,P,2002-06-08,80374,6,9.07,4.40,,
240631,P,2002-02-20,24826,4,25.12,3.42,,
240632,P,2002-08-11,20390,3,8.37,1.32,,
240633,P,2001-10-09,71182,2,70.80,0.15,,
240634,P,2000-03-03,28998,5,74.89,8.47,,
240635,P,2002-09-12,96328,4,40.45,3.66,,
240636,P,2001-03-21,50469,6,63.26,1.88,,
240637,P,2002-03-29,16183,2,30.96,9.62,,
240638,P,2001-01-13,34776,8,92.04,8.31,,
240639,P,2000-04-06,75829,2,52.96,0.49,,
240640,P,2000-12-09,67953,5,59.90,3.30,,
240641,P,2002-08-20,27788,2,81.85,0.96,,
240642,P,2002-06-04,11257,2,49.01,0.56,,
240643,P,2000-06-01,58453,5,93.33,5.31,,
240644,P,2001-09-18,94897,6,68.34,7.16,,
240645,P,2001-10-22,79607,4,78.95,1.50,,
240646,P,2000-02-04,40078,7,26.34,6.39,,
240647,P,2000-11-30,64126,2,63.50,8.72,,
240648,P,2000-11-20,89464,4,84.38,2.95,,
240649,P,2001-01-08,19105,8,26.53,4.10,,
240650,P,2002-04-20,73517,9,41.80,1.12,,
240651,P,2000-05-24,473,9,40.53,8.94,,
240652,P,2000-04-13,92235,2,68.43,7.23,,
240653,P,2000-10-01,8971,1,73.88,9.18,,
240654,P,2001-02-27,22852,5,14.89,4.40,,
240655,P,2002-01-10,82926,9,84.87,8.08,,
240656,P,2001-05-11,16696,1,40.31,6.78,,
240657,P,2000-12-01,14469,1,13.64,2.30,,
240658,P,2001-02-16,47734,2,48.98,5.45,,
240659,P,2000-07-02,86867,6,19.20,5.59,,
240660,P,2000-05-10,63870,4,79.77,5.80,,
240661,P,2001-11-20,95557,2,11.72,4.15,,
240662,P,2001-06-04,41113,9,11.64,1.53,,
240663,P,2000-05-22,65959,10,30.47,8.26,,
240664,P,2001-02-04,98730,5,58.77,9.95,,
240665,P,2001-03-17,30509,6,74.99,8.87,,
240666,P,2000-05-04,1454,4,51.76,4.63,,
240667,P,2001-05-17,72376,3,72.90,9.67,,
240668,P,2000-12-23,68134,7,96.16,7.70,,
240669,P,2000-08-06,30159,5,73.75,9.31,,
240670,P,2000-07-11,27935,8,29.99,1.42,,
240671,P,2002-02-15,29077,8,30.71,6.79,,
240672,P,2000-04-02,70330,10,36.08,2.63,,
240673,P,2001-08-22,1014,8,69.04,5.28,,
240674,P,2000-09-11,90731,5,29.48,6.23,,
240675,P,2000-12-25,73593,6,37.93,6.69,,
240676,P,2000-06-01,80744,5,7.91,2.65,,
240677,P,2001-02-13,77296,10,57.18,4.09,,
240678,P,2001-09-26,41099,1,68.65,1.01,,
240679,P,2001-03-09,8210,8,70.55,7.92,,
240680,P,2001-03-28,87777,8,15.98,9.90,,
240681,P,2001-11-18,17706,2,90.66,6.57,,
240682,P,2002-03-29,59380,10,36.73,6.12,,
240683,P,2001-01-29,47993,8,15.84,8.35,,
240684,P,2001-07-07,3581,2,92.79,8.90,,
240685,P,2000-04-26,80960,3,50.14,2.40,,
240686,P,2001-09-24,86470,3,32.87,0.22,,
240687,P,2001-05-21,27770,8,20.13,1.92,,
240688,P,2001-07-02,52145,5,6.65,4.80,,
240689,P,2000-10-11,89348,8,44.52,2.69,,
240690,P,2000-02-20,47600,2,10.34,0.53,,
240691,P,2001-04-17,85484,6,72.84,6.89,,
240692,P,2000-05-11,70167,8,75.39,4.42,,
240693,P,2000-12-29,14394,8,87.31,0.65,,
240694,P,2002-08-30,79287,6,83.92,4.59,,
240695,P,2002-06-24,7875,4,14.79,2.76,,
240696,P,2002-05-02,75813,5,64.98,6.26,,
240697,P,2002-03-04,49108,1,80.26,3.58,,
240698,P,2002-04-20,31570,6,4.58,3.92,,
240699,P,2002-08-08,22713,1,79.54,5.38,,
240700,P,2002-03-27,78068,4,99.24,2.64,,
240701,P,2002-06-11,6166,9,17.05,0.52,,
240702,P,2000-10-05,42873,9,29.64,3.91,,
240703,P,2000-09-10,22562,2,34.78,7.95,,
240704,P,2000-11-29,8220,2,64.82,8.77,,
240705,P,2001-09-16,31571,1,2.30,1.87,,
240706,P,2000-11-01,28636,1,5.99,3.96,,
240707,P,2001-05-29,99658,1,43.37,1.16,,
240708,P,2000-02-02,79584,9,16.63,2.12,,
240709,P,2001-11-24,40302,6,94.60,2.70,,
240710,P,2001-08-01,66790,2,25.25,5.62,,
240711,P,2002-02-17,93658,6,59.28,6.77,,
240712,P,2000-10-31,67355,1,66.64,2.56,,
240713,P,2001-02-01,78677,1,40.01,3.71,,
240714,P,2002-07-19,370,9,52.86,7.00,,
240715,P,2000-11-18,81278,9,42.15,8.24,,
240716,P,2002-01-12,38314,9,6.15,0.63,,
240717,P,2000-11-17,74848,4,59.54,6.81,,
240718,P,2000-12-30,59243,9,88.26,1.94,,
240719,P,2002-08-18,76871,3,32.81,2.35,,
240720,P,2000-09-15,2881,3,26.94,5.53,,
240721,P,2002-09-07,92716,6,35.73,7.65,,
240722,P,2001-01-11,73697,7,49.64,3.22,,
240723,P,2001-04-15,58702,1,84.04,1.42,,
240724,P,2001-12-20,62406,2,64.97,2.98,,
240725,P,2000-12-18,42738,8,4.17,9.66,,
240726,P,2001-07-16,40962,6,60.72,6.46,,
240727,P,2000-02-27,96869,1,73.98,1.96,,
240728,P,2002-01-14,66364,8,21.52,5.52,,
240729,P,2001-12-19,27095,2,36.03,5.88,,
240730,P,2001-12-20,39558,5,28.34,2.68,,
240731,P,2001-11-29,28925,8,82.72,2.02,,
240732,P,2001-07-21,55823,1,21.81,1.27,,
240733,P,2001-09-20,33099,4,42.28,0.43,,
240734,P,2000-07-07,74953,2,67.52,2.63,,
240735,P,2001-10-14,95216,9,84.64,2.19,,
240736,P,2001-02-12,64552,9,20.04,8.37,,
240737,P,2001-11-04,79971,9,4.61,7.59,,
240738,P,2000-12-28,33306,3,46.15,5.21,,
240739,P,2000-08-22,46767,6,39.90,2.09,,
240740,P,2001-12-10,37085,6,88.69,3.44,,
240741,P,2000-05-29,36159,1,20.41,5.77,,
240742,P,2001-09-19,72486,6,3.52,2.86,,
240743,P,2002-09-24,95276,7,16.16,8.75,,
240744,P,2001-09-29,96480,7,80.74,0.33,,
240745,P,2002-06-24,51184,3,25.19,9.31,,
240746,P,2002-01-10,19787,5,6.07,7.26,,
240747,P,2000-01-24,4158,4,72.76,0.51,,
240748,P,2002-01-04,46934,1,18.37,6.59,,
240749,P,2002-02-26,62007,8,99.93,0.76,,
240750,P,2000-08-19,24583,6,70.76,9.08,,
240751,P,2000-05-25,7570,7,28.13,3.51,,
240752,P,2001-03-06,58939,9,91.79,8.68,,
240753,P,2001-10-08,10929,3,65.49,8.39,,
240754,P,2002-02-22,3027,3,2.17,0.13,,
240755,P,2000-10-13,38535,8,35.51,4.98,,
240756,P,2000-02-04,5524,3,88.10,2.78,,
240757,P,2002-02-23,98142,10,61.42,1.35,,
240758,P,2002-06-16,77845,10,74.32,6.82,,
240759,P,2001-04-27,92158,7,42.58,8.54,,
240760,P,2000-03-30,49517,9,56.50,4.05,,
240761,P,2000-09-17,87573,1,93.68,0.68,,
240762,P,2000-03-18,3666,8,68.07,0.70,,
240763,P,2000-11-10,10711,7,53.66,4.66,,
240764,P,2001-08-10,97245,7,75.68,8.91,,
240765,P,2000-07-21,92988,3,99.53,2.00,,
240766,P,2002-03-22,86352,10,52.30,9.32,,
240767,P,2001-11-10,35947,2,7.16,3.61,,
240768,P,2000-12-14,13496,1,76.09,0.23,,
240769,P,2002-09-05,24070,2,28.93,2.57,,
240770,P,2000-03-03,77579,7,14.10,9.86,,
240771,P,2001-04-02,748,9,54.21,2.66,,
240772,P,2000-02-15,39474,3,56.05,4.49,,
240773,P,2001-06-02,41835,6,5.24,1.78,,
240774,P,2002-09-27,99250,8,91.14,8.79,,
240775,P,2001-10-19,71394,9,40.17,5.51,,
240776,P,2000-04-10,70427,9,73.25,3.05,,
240777,P,2000-11-05,75752,10,43.51,5.54,,
240778,P,2001-10-21,90718,7,36.41,3.36,,
240779,P,2001-08-27,28293,10,30.34,0.26,,
240780,P,2001-07-24,65417,8,85.70,7.26,,
240781,P,2000-10-23,49504,5,35.09,6.47,,
240782,P,2001-09-16,84666,7,23.26,2.71,,
240783,P,2002-03-25,40893,6,26.95,4.88,,
240784,P,2002-04-14,84395,5,70.01,4.92,,
240785,P,2001-02-14,46754,4,26.05,2.93,,
240786,P,2000-07-17,56856,3,2.31,4.56,,
240787,P,2002-05-08,69968,3,8.57,4.10,,
240788,P,2002-09-15,78539,5,67.42,6.60,,
240789,P,2002-04-22,26836,1,74.48,3.29,,
240790,P,2000-01-26,76825,1,59.23,1.71,,
240791,P,2000-01-31,8499,4,18.22,2.72,,
240792,P,2000-07-06,64132,9,18.01,3.55,,
240793,P,2001-12-04,9460,5,89.95,8.42,,
240794,P,2001-06-08,37318,2,80.85,6.74,,
240795,P,2001-12-24,27664,1,54.74,0.35,,
240796,P,2002-08-02,91167,6,20.59,5.73,,
240797,P,2001-06-06,99913,4,93.14,0.44,,
240798,P,2002-01-01,83269,1,55.10,0.40,,
240799,P,2001-12-20,61115,2,23.02,1.14,,
240800,P,2000-11-11,30817,9,17.82,4.23,,
240801,P,2001-05-18,56384,9,64.64,8.89,,
240802,P,2001-02-09,7359,5,38.86,9.69,,
240803,P,2001-04-23,58544,5,46.87,7.98,,
240804,P,2002-04-20,60647,8,90.22,0.97,,
240805,P,2002-08-13,24719,5,37.03,9.44,,
240806,P,2000-01-28,32962,5,75.90,3.34,,
240807,P,2002-06-05,5928,9,28.97,4.14,,
240808,P,2001-11-15,42652,9,92.77,9.95,,
240809,P,2002-06-21,85327,4,15.01,5.35,,
240810,P,2001-09-02,10418,5,61.77,0.90,,
240811,P,2001-12-12,75679,2,33.46,9.82,,
240812,P,2001-11-17,56449,10,9.94,1.09,,
240813,P,2000-01-24,62698,10,57.63,0.69,,
240814,P,2002-09-05,85211,8,72.78,1.54,,
240815,P,2001-01-01,22556,8,10.64,8.93,,
240816,P,2002-09-01,13483,4,93.80,6.99,,
240817,P,2001-02-01,94257,4,95.08,4.11,,
240818,P,2001-05-14,96055,3,40.66,3.70,,
240819,P,2001-09-14,95094,1,48.22,8.23,,
240820,P,2000-04-11,76107,7,89.87,4.53,,
240821,P,2000-08-16,37674,2,39.70,4.87,,
240822,P,2000-03-22,70005,4,38.39,2.77,,
240823,P,2002-05-19,48042,2,12.58,4.97,,
240824,P,2000-10-10,37236,3,86.20,6.63,,
240825,P,2001-07-05,29204,6,3.29,6.14,,
240826,P,2000-11-21,31496,2,52.02,7.17,,
240827,P,2002-09-18,98430,5,92.52,9.59,,
240828,P,2000-05-13,67714,9,36.65,3.17,,
240829,P,2001-12-18,59402,3,65.97,2.16,,
240830,P,2002-01-14,73015,7,25.91,7.98,,
240831,P,2000-05-28,5253,5,68.23,7.68,,
240832,P,2002-08-07,89311,1,26.82,4.77,,
240833,P,2000-10-29,82950,9,14.55,0.78,,
240834,P,2000-07-02,60392,9,66.14,0.86,,
240835,P,2000-11-23,80649,3,19.88,3.50,,
240836,P,2001-03-20,3570,8,28.01,7.60,,
240837,P,2001-02-07,31887,2,34.26,2.99,,
240838,P,2001-05-02,48286,2,19.26,6.04,,
240839,P,2001-07-12,1292,9,16.15,8.46,,
240840,P,2001-05-01,87901,10,3.64,5.92,,
240841,P,2000-11-14,96006,7,62.06,0.32,,
240842,P,2002-08-17,60102,6,32.84,0.87,,
240843,P,2000-01-28,90142,5,73.12,3.68,,
240844,P,2002-01-18,28262,4,21.91,0.07,,
240845,P,2001-03-13,51317,8,41.17,0.77,,
240846,P,2000-09-29,43401,6,28.79,6.63,,
240847,P,2000-07-06,4344,5,58.31,2.50,,
240848,P,2000-10-16,69617,9,52.66,7.02,,
240849,P,2002-02-02,91761,4,80.04,5.45,,
240850,P,2001-03-04,45159,9,50.08,6.42,,
240851,P,2000-09-26,85804,8,11.32,8.78,,
240852,P,2000-03-02,89573,3,64.33,1.61,,
240853,P,2001-11-02,71384,4,82.57,9.45,,
240854,P,2002-09-17,86329,4,35.04,0.64,,
240855,P,2001-02-27,65310,5,74.03,8.29,,
240856,P,2001-07-27,20007,8,71.35,0.23,,
240857,P,2001-06-18,440,5,70.62,1.76,,
240858,P,2001-08-02,90754,9,14.53,2.26,,
240859,P,2000-08-22,59554,6,69.18,2.23,,
240860,P,2002-05-07,98310,3,7.77,8.24,,
240861,P,2000-05-24,45956,2,6.28,9.78,,
240862,P,2000-10-17,90768,7,75.31,6.42,,
240863,P,2000-02-26,10473,8,68.62,0.34,,
240864,P,2000-11-09,68534,3,83.18,6.34,,
240865,P,2001-05-15,64281,10,62.12,9.47,,
240866,P,2002-06-13,58587,5,51.90,1.95,,
240867,P,2000-05-22,28641,3,65.36,1.20,,
240868,P,2001-01-10,60440,10,61.49,9.62,,
240869,P,2000-07-09,37175,3,64.12,6.93,,
240870,P,2001-03-11,73592,1,61.01,7.36,,
240871,P,2000-08-19,25380,7,48.11,0.27,,
240872,P,2001-05-13,78967,6,91.32,7.16,,
240873,P,2000-03-01,25075,6,58.54,5.21,,
240874,P,2002-08-06,35368,6,66.21,4.35,,
240875,P,2000-08-08,33212,4,80.87,9.26,,
240876,P,2000-09-12,44517,1,90.05,9.97,,
240877,P,2000-04-13,50025,5,77.85,8.11,,
240878,P,2002-05-27,33949,10,32.35,7.76,,
240879,P,2000-07-25,66104,4,33.36,8.94,,
240880,P,2001-04-25,76792,1,66.22,4.19,,
240881,P,2000-05-02,33599,4,2.50,0.30,,
240882,P,2001-10-20,42205,7,74.14,7.46,,
240883,P,2000-07-10,49193,6,84.13,7.14,,
240884,P,2000-08-08,69123,3,36.04,4.60,,
240885,P,2002-07-28,90402,9,30.56,2.98,,
240886,P,2000-01-01,7232,10,98.40,1.27,,
240887,P,2000-07-31,23948,8,12.94,6.12,,
240888,P,2002-09-06,33811,1,4.40,5.92,,
240889,P,2001-12-18,53792,3,90.86,9.26,,
240890,P,2002-04-10,81752,1,43.10,5.52,,
240891,P,2001-02-16,70816,4,16.46,5.44,,
240892,P,2000-08-01,74466,10,43.48,6.96,,
240893,P,2002-03-09,55041,7,56.96,8.21,,
240894,P,2001-10-14,17087,1,26.28,2.08,,
240895,P,2001-06-07,91378,10,81.25,5.51,,
240896,P,2000-01-31,83987,6,34.09,4.73,,
240897,P,2002-01-07,35266,10,95.42,3.25,,
240898,P,2002-06-24,12589,7,68.54,4.93,,
240899,P,2002-01-09,40057,2,11.48,8.58,,
240900,P,2002-07-31,92032,9,99.81,3.22,,
240901,P,2000-10-21,63272,8,52.44,9.10,,
240902,P,2000-11-26,30145,10,98.54,9.11,,
240903,P,2002-05-30,77111,9,53.96,2.61,,
240904,P,2001-02-01,46992,3,90.62,5.19,,
240905,P,2000-01-30,97913,8,93.12,3.88,,
240906,P,2001-02-15,85829,5,86.51,7.24,,
240907,P,2002-01-17,6248,4,58.56,7.90,,
240908,P,2000-04-20,13801,10,61.42,4.52,,
240909,P,2002-08-13,36904,7,54.57,2.56,,
240910,P,2000-06-03,59323,9,26.85,0.11,,
240911,P,2002-01-05,98988,7,87.95,3.60,,
240912,P,2002-05-11,12004,6,28.17,3.94,,
240913,P,2000-05-18,94735,1,8.62,7.47,,
240914,P,2000-08-22,91473,1,52.59,6.48,,
240915,P,2001-08-15,5227,8,85.40,6.46,,
240916,P,2002-08-22,80550,4,47.25,7.09,,
240917,P,2002-02-25,60102,1,0.51,8.12,,
240918,P,2000-07-31,55161,6,46.32,3.34,,
240919,P,2000-06-18,75707,9,3.52,7.33,,
240920,P,2001-12-31,56981,4,76.36,5.81,,
240921,P,2001-02-11,56114,3,93.44,0.65,,
240922,P,2000-07-29,96923,10,11.90,9.60,,
240923,P,2001-10-05,39156,2,82.03,0.82,,
240924,P,2002-02-12,88979,1,18.58,8.06,,
240925,P,2001-05-20,755,1,26.87,9.21,,
240926,P,2001-06-17,6761,4,97.93,5.33,,
240927,P,2000-04-28,61108,3,49.00,1.26,,
240928,P,2001-10-07,65649,3,86.77,3.22,,
240929,P,2001-08-18,41839,8,0.34,5.49,,
240930,P,2002-04-17,36349,8,7.68,7.69,,
240931,P,2000-08-22,81332,7,63.03,2.44,,
240932,P,2000-08-05,6348,5,7.57,7.21,,
240933,P,2001-05-27,16113,6,56.10,1.87,,
240934,P,2000-10-22,45114,1,42.08,6.65,,
240935,P,2001-01-24,41126,3,21.82,3.24,,
240936,P,2000-07-10,32503,9,79.15,8.53,,
240937,P,2001-03-30,78728,10,20.04,6.70,,
240938,P,2000-02-06,70781,8,86.81,4.18,,
240939,P,2000-07-12,65879,2,75.18,0.83,,
240940,P,2002-02-19,86877,8,20.10,4.32,,
240941,P,2001-01-26,73449,3,36.58,9.38,,
240942,P,2001-06-21,21194,6,70.07,3.93,,
240943,P,2001-07-29,62296,9,19.40,4.94,,
240944,P,2002-04-26,73461,8,26.89,3.60,,
240945,P,2002-07-06,78600,3,68.63,7.72,,
240946,P,2001-10-02,41198,4,83.86,8.71,,
240947,P,2001-08-15,97767,3,60.70,1.46,,
240948,P,2000-06-06,84370,8,35.60,7.93,,
240949,P,2002-03-02,38734,3,11.28,0.93,,
240950,P,2002-01-21,7650,7,67.18,1.87,,
240951,P,2001-11-05,80118,10,55.33,9.31,,
240952,P,2001-07-15,41519,10,41.63,8.75,,
240953,P,2000-01-18,37520,9,78.98,1.41,,
240954,P,2001-08-09,19783,6,80.09,3.49,,
240955,P,2000-02-14,75118,2,87.20,1.91,,
240956,P,2001-04-14,40014,1,6.94,4.07,,
240957,P,2000-07-26,24020,9,46.65,9.20,,
240958,P,2001-02-15,82509,3,79.76,0.58,,
240959,P,2001-11-19,97005,9,20.81,6.42,,
240960,P,2000-01-17,62614,10,20.03,2.33,,
240961,P,2001-09-27,30034,8,90.41,2.38,,
240962,P,2002-04-12,14422,9,83.81,1.64,,
240963,P,2001-08-17,45966,1,49.08,9.33,,
240964,P,2000-04-04,27725,9,36.87,0.72,,
240965,P,2001-08-03,94865,3,22.59,7.26,,
240966,P,2002-03-14,61648,8,61.18,2.72,,
240967,P,2000-05-02,4179,7,76.52,5.45,,
240968,P,2000-02-10,81775,1,46.07,5.84,,
240969,P,2000-01-07,13864,3,77.16,9.63,,
240970,P,2000-02-29,20006,3,73.05,6.82,,
240971,P,2001-01-06,23494,1,26.99,8.86,,
240972,P,2001-06-22,60629,1,3.05,9.73,,
240973,P,2000-02-03,40838,6,32.98,4.41,,
240974,P,2002-01-18,12986,1,42.96,7.52,,
240975,P,2000-09-07,48771,2,25.70,0.94,,
240976,P,2001-10-20,63714,6,82.96,5.97,,
240977,P,2000-10-10,26681,8,71.82,7.40,,
240978,P,2000-03-05,22062,3,99.13,7.76,,
240979,P,2000-06-17,16259,10,92.77,3.06,,
240980,P,2002-07-05,38337,4,64.84,2.40,,
240981,P,2000-02-03,99098,4,90.17,5.30,,
240982,P,2000-07-15,20240,8,12.59,7.50,,
240983,P,2002-07-31,14779,4,96.30,1.16,,
240984,P,2001-02-25,81508,8,72.28,3.96,,
240985,P,2002-06-25,62196,1,15.59,5.96,,
240986,P,2000-01-17,48675,2,61.40,9.43,,
240987,P,2001-11-23,933,6,33.88,5.99,,
240988,P,2000-06-01,4956,9,85.23,5.46,,
240989,P,2002-05-01,11549,1,39.00,0.70,,
240990,P,2001-04-17,86967,3,76.44,7.85,,
240991,P,2001-08-04,77794,4,90.34,6.32,,
240992,P,2001-09-02,82096,6,12.02,4.33,,
240993,P,2002-03-09,63091,6,44.66,1.78,,
240994,P,2001-05-25,17541,10,89.86,8.17,,
240995,P,2000-02-13,33324,2,17.01,4.26,,
240996,P,2001-01-19,71545,5,94.69,5.75,,
240997,P,2002-01-18,69448,2,94.14,9.41,,
240998,P,2001-06-04,19688,10,83.15,8.27,,
240999,P,2002-06-14,23538,4,94.12,3.13,,
241000,P,2002-04-13,93095,8,44.25,4.09,,
241001,P,2001-06-08,61647,10,46.95,2.41,,
241002,P,2001-12-03,82776,9,13.14,6.17,,
241003,P,2000-07-16,3784,2,10.85,9.03,,
241004,P,2000-11-04,11365,5,97.50,0.34,,
241005,P,2002-02-14,87281,8,69.40,6.33,,
241006,P,2000-01-31,68703,7,63.26,5.87,,
241007,P,2001-03-20,4364,3,58.34,0.50,,
241008,P,2002-08-31,60862,9,76.97,3.69,,
241009,P,2000-05-29,31746,8,34.26,6.73,,
241010,P,2000-03-18,27568,5,22.81,9.58,,
241011,P,2002-04-12,5067,3,12.16,4.97,,
241012,P,2001-06-06,66391,4,43.96,7.01,,
241013,P,2002-06-07,33104,10,99.24,6.68,,
241014,P,2000-06-21,70931,5,85.55,3.46,,
241015,P,2000-10-11,56147,8,72.18,4.61,,
241016,P,2000-08-25,49215,10,36.05,4.18,,
241017,P,2002-04-25,76931,2,19.23,9.97,,
241018,P,2000-07-24,83847,9,55.58,1.36,,
241019,P,2000-09-18,10377,8,35.17,3.54,,
241020,P,2001-06-08,58414,6,3.88,9.92,,
241021,P,2002-04-23,78090,10,1.74,8.00,,
241022,P,2001-02-15,10105,6,17.31,2.87,,
241023,P,2001-03-30,72272,5,52.40,6.40,,
241024,P,2002-03-31,65616,7,35.79,3.51,,
241025,P,2001-03-07,19487,4,91.12,5.71,,
241026,P,2002-04-16,73217,4,19.29,7.49,,
241027,P,2000-03-07,68325,3,38.90,8.95,,
241028,P,2000-07-24,18948,4,68.20,9.36,,
241029,P,2000-10-09,90427,8,36.98,3.98,,
241030,P,2002-09-22,65570,7,85.42,9.29,,
241031,P,2001-02-05,3592,3,26.97,7.39,,
241032,P,2000-02-29,61939,7,0.98,4.04,,
241033,P,2000-02-15,8369,8,27.22,1.66,,
241034,P,2002-06-04,4659,3,9.01,4.56,,
241035,P,2002-06-03,41800,5,49.59,6.18,,
241036,P,2002-02-15,52917,4,46.55,5.08,,
241037,P,2002-05-15,86229,3,52.64,4.52,,
241038,P,2001-05-24,78227,10,91.04,9.61,,
241039,P,2001-05-09,51700,4,42.45,1.07,,
241040,P,2001-06-30,79857,2,54.29,8.83,,
241041,P,2002-07-25,64421,7,5.98,0.69,,
241042,P,2001-11-28,21734,3,87.42,8.27,,
241043,P,2002-04-17,43231,3,32.80,5.91,,
241044,P,2001-07-30,8573,2,35.49,4.49,,
241045,P,2002-09-16,75923,4,74.17,4.74,,
241046,P,2001-10-29,31845,7,87.23,3.84,,
241047,P,2001-02-27,99227,10,35.29,6.36,,
241048,P,2001-05-22,69725,3,67.53,9.49,,
241049,P,2000-03-07,45648,2,41.35,3.42,,
241050,P,2001-10-25,65679,8,54.03,8.90,,
241051,P,2000-12-15,5130,9,90.31,5.51,,
241052,P,2001-12-22,36418,2,72.26,4.46,,
241053,P,2001-01-08,35997,8,54.68,2.24,,
241054,P,2002-01-06,13231,5,5.84,2.29,,
241055,P,2001-08-11,62455,8,99.07,5.50,,
241056,P,2000-01-04,68963,10,73.06,5.76,,
241057,P,2002-09-03,22703,9,3.39,8.73,,
241058,P,2002-04-29,430,8,83.10,8.22,,
241059,P,2002-02-21,43476,6,90.13,2.92,,
241060,P,2001-04-02,31343,6,66.97,5.09,,
241061,P,2000-05-20,93119,5,93.31,8.80,,
241062,P,2001-02-17,72898,4,41.91,0.69,,
241063,P,2000-09-10,25115,9,41.22,0.14,,
241064,P,2000-09-21,19283,7,36.57,7.18,,
241065,P,2001-08-27,45691,8,79.69,2.62,,
241066,P,2000-03-10,1134,6,42.79,8.70,,
241067,P,2000-03-26,85633,1,44.22,8.04,,
241068,P,2000-09-14,95391,6,13.90,7.56,,
241069,P,2000-07-12,73447,6,56.65,9.77,,
241070,P,2001-09-15,25793,7,5.12,3.62,,
241071,P,2002-02-11,76735,5,40.82,3.56,,
241072,P,2000-03-27,43902,4,42.67,1.90,,
241073,P,2001-05-29,41570,1,57.15,8.55,,
241074,P,2000-01-23,1365,2,56.02,0.11,,
241075,P,2002-04-15,63650,7,8.77,4.86,,
241076,P,2000-09-29,31421,4,9.35,9.98,,
241077,P,2000-11-04,46896,3,79.93,6.04,,
241078,P,2000-05-15,87027,7,49.16,4.11,,
241079,P,2001-12-11,35496,9,19.05,1.45,,
241080,P,2000-09-10,3167,7,94.71,3.40,,
241081,P,2000-07-06,5513,4,72.37,4.09,,
241082,P,2000-06-25,330,1,18.71,1.14,,
241083,P,2002-08-16,60966,4,86.59,4.90,,
241084,P,2000-03-17,27765,5,40.26,7.52,,
241085,P,2002-08-30,22075,1,60.53,7.97,,
241086,P,2002-03-26,36132,7,67.43,9.40,,
241087,P,2002-09-25,69712,2,3.91,9.31,,
241088,P,2000-02-29,26921,2,16.16,8.30,,
241089,P,2000-12-03,20406,4,31.56,7.68,,
241090,P,2000-09-18,46700,8,65.58,1.04,,
241091,P,2002-08-14,39042,3,36.87,3.71,,
241092,P,2001-09-07,30303,5,89.52,1.90,,
241093,P,2002-02-14,62272,2,43.32,1.70,,
241094,P,2000-11-12,74004,6,96.23,2.12,,
241095,P,2002-08-05,17531,4,15.00,4.54,,
241096,P,2000-08-26,83702,3,40.51,5.52,,
241097,P,2001-05-15,53706,5,86.97,0.80,,
241098,P,2000-10-26,45701,1,65.97,7.41,,
241099,P,2000-09-12,1818,8,74.65,2.01,,
241100,P,2001-10-08,30753,8,25.46,1.20,,
241101,P,2001-08-16,75369,3,14.01,0.85,,
241102,P,2002-02-07,24858,9,40.54,9.30,,
241103,P,2000-06-04,59576,9,45.83,4.99,,
241104,P,2001-05-03,57727,8,99.39,9.82,,
241105,P,2000-07-13,81261,7,81.14,5.97,,
241106,P,2000-11-21,29840,9,55.78,5.28,,
241107,P,2001-12-26,16542,3,23.80,9.61,,
241108,P,2001-07-23,4484,1,22.10,8.40,,
241109,P,2002-05-27,3371,9,34.09,7.54,,
241110,P,2000-02-09,23925,8,47.22,6.36,,
241111,P,2002-03-30,93003,8,47.20,2.60,,
241112,P,2001-03-29,76589,9,96.67,1.60,,
241113,P,2002-06-13,58081,2,64.57,5.51,,
241114,P,2000-06-29,75945,9,54.48,7.87,,
241115,P,2002-08-02,65796,8,95.88,7.52,,
241116,P,2000-06-21,48578,5,77.38,8.29,,
241117,P,2000-01-27,43800,3,14.89,3.12,,
241118,P,2000-03-01,59651,1,17.54,3.52,,
241119,P,2000-11-21,6675,2,55.49,9.77,,
241120,P,2001-04-14,14868,10,35.98,9.86,,
241121,P,2002-04-23,46186,8,75.65,6.93,,
241122,P,2002-05-31,5434,8,22.73,2.57,,
241123,P,2001-12-04,84843,1,12.56,2.57,,
241124,P,2001-07-23,69373,10,4.27,2.17,,
241125,P,2001-05-14,32536,8,79.52,9.91,,
241126,P,2000-07-11,37041,4,56.64,5.26,,
241127,P,2001-12-06,1758,9,93.70,8.91,,
241128,P,2001-12-15,71517,5,63.76,1.64,,
241129,P,2001-08-22,45111,7,29.20,4.90,,
241130,P,2001-08-31,75507,1,66.68,7.14,,
241131,P,2001-04-08,86893,7,33.30,3.53,,
241132,P,2000-04-28,71679,3,53.18,0.05,,
241133,P,2001-01-08,72821,4,52.16,4.74,,
241134,P,2000-06-02,60075,8,37.81,8.60,,
241135,P,2002-06-17,43626,4,50.40,6.09,,
241136,P,2001-08-15,59102,5,8.24,2.66,,
241137,P,2001-11-16,89541,3,76.47,6.39,,
241138,P,2001-06-16,70271,8,87.23,9.83,,
241139,P,2001-02-14,32363,2,68.42,9.82,,
241140,P,2001-01-30,73223,1,74.08,9.35,,
241141,P,2000-12-04,16675,6,85.79,1.33,,
241142,P,2001-12-01,12464,8,88.00,0.55,,
241143,P,2001-02-04,25806,4,77.61,5.54,,
241144,P,2001-06-03,33951,2,94.33,8.09,,
241145,P,2000-04-20,35030,10,27.16,4.18,,
241146,P,2001-03-15,97153,6,16.49,3.05,,
241147,P,2002-08-16,13724,7,24.13,4.67,,
241148,P,2002-08-23,35765,1,38.26,6.78,,
241149,P,2000-07-03,82729,9,61.26,3.15,,
241150,P,2002-09-26,55703,6,47.72,4.66,,
241151,P,2002-09-08,68296,6,60.21,5.89,,
241152,P,2000-11-12,28348,7,6.46,6.00,,
241153,P,2002-06-22,7970,7,45.91,8.15,,
241154,P,2001-02-14,19494,4,43.69,7.18,,
241155,P,2001-10-03,1124,3,35.35,0.81,,
241156,P,2001-07-04,16097,4,79.66,9.07,,
241157,P,2000-05-13,23039,6,10.73,6.62,,
241158,P,2001-10-22,5500,5,77.23,0.04,,
241159,P,2001-03-30,76028,2,99.51,6.32,,
241160,P,2001-10-22,59322,1,50.44,0.55,,
241161,P,2001-11-15,58163,4,93.23,7.94,,
241162,P,2001-05-02,72607,6,85.17,5.31,,
241163,P,2000-12-30,41040,1,69.63,8.13,,
241164,P,2001-07-23,36598,6,61.67,6.31,,
241165,P,2000-05-03,48647,4,41.43,0.41,,
241166,P,2001-12-16,4842,6,84.68,4.15,,
241167,P,2001-09-30,39738,5,38.86,9.11,,
241168,P,2000-09-04,29065,8,26.10,0.53,,
241169,P,2000-06-16,15067,6,91.78,7.13,,
241170,P,2000-05-09,69061,8,74.36,1.19,,
241171,P,2001-02-13,97259,1,59.24,9.88,,
241172,P,2001-02-04,68501,8,22.71,0.90,,
241173,P,2000-11-28,1764,3,48.69,4.75,,
241174,P,2002-01-30,21092,4,39.51,6.49,,
241175,P,2002-01-30,28672,6,91.04,7.98,,
241176,P,2000-05-06,63933,1,69.04,5.69,,
241177,P,2002-03-16,38291,10,25.11,1.73,,
241178,P,2001-04-01,84599,2,18.18,9.76,,
241179,P,2002-02-14,62622,9,68.02,2.69,,
241180,P,2001-12-14,65361,3,3.68,9.61,,
241181,P,2001-02-12,10794,3,34.02,2.63,,
241182,P,2000-11-15,19387,8,31.64,3.58,,
241183,P,2000-06-14,55953,7,66.18,9.50,,
241184,P,2002-05-29,64261,5,39.32,6.32,,
241185,P,2000-01-09,87276,7,41.71,0.06,,
241186,P,2002-03-16,29591,6,21.89,0.85,,
241187,P,2001-10-20,67145,2,92.41,6.68,,
241188,P,2001-06-22,46280,1,10.82,1.80,,
241189,P,2001-02-18,15650,10,53.47,8.27,,
241190,P,2000-02-24,21786,10,82.63,9.60,,
241191,P,2001-06-21,81053,3,8.13,8.54,,
241192,P,2000-10-10,66959,7,11.88,8.26,,
241193,P,2001-05-06,51614,5,21.99,6.94,,
241194,P,2002-03-19,47301,7,65.01,0.51,,
241195,P,2000-10-07,16133,5,19.84,6.99,,
241196,P,2001-07-26,10115,4,24.56,5.47,,
241197,P,2001-04-16,91447,6,0.09,9.32,,
241198,P,2001-01-26,4187,2,47.12,4.13,,
241199,P,2001-05-12,77675,2,19.53,5.54,,
241200,P,2002-08-22,18585,10,13.19,7.06,,
241201,P,2000-01-21,96504,10,11.13,4.81,,
241202,P,2000-12-23,9156,2,39.02,9.61,,
241203,P,2000-04-22,48858,6,37.47,9.25,,
241204,P,2000-08-25,42576,9,87.02,2.99,,
241205,P,2000-09-22,14615,3,98.26,9.92,,
241206,P,2002-03-25,61685,2,45.02,7.48,,
241207,P,2000-11-15,53946,8,20.31,6.32,,
241208,P,2000-10-12,93461,4,91.68,5.85,,
241209,P,2001-02-22,17962,3,8.31,6.36,,
241210,P,2000-01-11,4044,5,58.09,6.51,,
241211,P,2001-01-22,63229,6,24.69,3.72,,
241212,P,2000-05-11,33326,3,50.47,4.11,,
241213,P,2002-01-16,97248,3,93.66,0.62,,
241214,P,2002-07-31,77308,10,34.71,1.39,,
241215,P,2001-12-18,81394,2,22.58,5.97,,
241216,P,2000-07-15,41321,7,74.64,8.79,,
241217,P,2002-06-09,7171,6,32.11,3.87,,
241218,P,2000-08-26,55897,5,33.23,4.38,,
241219,P,2001-09-19,27349,8,54.68,0.57,,
241220,P,2002-05-03,8677,2,84.49,2.67,,
241221,P,2000-12-17,27475,2,22.70,0.35,,
241222,P,2002-02-23,73731,5,4.67,0.19,,
241223,P,2001-08-13,3386,4,90.74,0.21,,
241224,P,2000-07-29,82900,3,83.58,4.88,,
241225,P,2001-08-30,92909,5,43.34,8.06,,
241226,P,2000-02-13,5788,5,19.80,1.77,,
241227,P,2000-11-16,88355,7,50.90,2.60,,
241228,P,2000-03-20,93751,1,85.33,9.29,,
241229,P,2001-02-23,62336,4,93.33,0.33,,
241230,P,2001-05-28,10279,10,72.00,8.70,,
241231,P,2000-08-08,21834,3,58.63,4.99,,
241232,P,2000-04-21,33728,3,6.72,4.85,,
241233,P,2000-09-23,85929,9,81.34,4.26,,
241234,P,2000-04-25,54646,10,98.57,9.31,,
241235,P,2000-11-21,73796,8,49.48,6.59,,
241236,P,2001-04-03,40975,10,35.68,0.79,,
241237,P,2000-05-08,76761,9,75.02,7.95,,
241238,P,2000-05-12,62158,7,29.38,6.43,,
241239,P,2002-06-27,16114,1,12.15,6.77,,
241240,P,2002-03-29,90184,4,53.88,8.39,,
241241,P,2000-12-04,13977,4,85.12,1.30,,
241242,P,2000-03-24,91129,8,7.44,7.05,,
241243,P,2002-09-23,76766,10,33.22,7.10,,
241244,P,2001-08-28,2523,6,32.71,5.57,,
241245,P,2000-05-15,94724,1,42.04,0.84,,
241246,P,2000-10-26,11750,9,59.53,1.29,,
241247,P,2001-02-21,54464,5,81.25,6.21,,
241248,P,2000-02-16,53433,9,19.61,1.78,,
241249,P,2001-04-14,66678,5,71.97,9.48,,
241250,P,2001-09-20,60905,10,28.78,9.77,,
241251,P,2001-11-18,47723,4,10.13,2.52,,
241252,P,2001-03-14,57547,5,95.19,4.35,,
241253,P,2000-03-14,97427,7,66.44,3.45,,
241254,P,2000-01-21,77258,9,62.02,2.97,,
241255,P,2002-07-09,85319,3,45.17,3.35,,
241256,P,2000-04-23,9981,5,8.53,9.99,,
241257,P,2001-06-18,52153,9,0.29,0.81,,
241258,P,2000-05-16,98403,8,81.51,3.55,,
241259,P,2000-05-28,27402,10,65.75,4.73,,
241260,P,2001-12-24,64261,8,2.80,4.03,,
241261,P,2000-12-27,86642,9,29.43,8.40,,
241262,P,2000-09-28,61135,6,68.83,5.00,,
241263,P,2000-03-30,52382,10,34.70,1.55,,
241264,P,2002-01-13,49810,3,72.91,3.32,,
241265,P,2002-03-27,19530,10,78.25,9.30,,
241266,P,2001-09-24,97246,5,6.64,3.20,,
241267,P,2000-04-16,90923,2,73.54,0.58,,
241268,P,2000-03-05,51684,4,20.22,0.99,,
241269,P,2001-07-14,82891,1,82.64,3.62,,
241270,P,2001-04-07,96822,3,18.03,8.73,,
241271,P,2002-09-09,7552,7,23.77,1.34,,
241272,P,2000-01-11,88151,4,99.69,5.38,,
241273,P,2000-07-03,53832,6,94.03,4.39,,
241274,P,2000-11-17,44036,4,4.12,4.04,,
241275,P,2001-10-13,32370,10,70.07,5.32,,
241276,P,2000-02-15,78043,4,89.46,6.54,,
241277,P,2001-07-25,72278,4,76.10,0.20,,
241278,P,2000-10-06,26045,3,67.17,9.30,,
241279,P,2001-04-21,85711,7,55.89,6.93,,
241280,P,2001-08-20,31544,8,1.46,5.53,,
241281,P,2000-11-08,91309,2,39.68,1.70,,
241282,P,2001-11-08,78784,2,96.33,9.81,,
241283,P,2000-04-26,73881,7,60.19,7.08,,
241284,P,2000-10-27,66340,10,24.62,2.33,,
241285,P,2002-05-03,87175,4,49.13,3.31,,
241286,P,2001-08-20,1632,3,69.05,9.76,,
241287,P,2000-12-14,54579,8,16.80,0.56,,
241288,P,2002-07-12,19774,9,1.05,9.84,,
241289,P,2002-05-15,82617,6,80.20,8.40,,
241290,P,2000-10-25,45804,4,97.91,4.97,,
241291,P,2001-10-28,87654,7,30.90,8.17,,
241292,P,2000-09-07,99082,7,47.05,6.04,,
241293,P,2002-04-05,88052,3,23.41,2.06,,
241294,P,2002-07-27,63816,1,92.54,3.92,,
241295,P,2000-12-22,4146,9,32.53,8.66,,
241296,P,2002-02-05,56128,10,75.92,4.29,,
241297,P,2000-09-24,42463,7,67.31,2.71,,
241298,P,2000-07-15,84638,8,41.60,0.29,,
241299,P,2002-03-09,83294,2,27.43,4.21,,
241300,P,2000-03-08,46190,4,18.93,7.04,,
241301,P,2001-07-29,91798,1,93.03,9.97,,
241302,P,2000-02-11,45625,4,14.28,4.89,,
241303,P,2000-10-14,47427,6,21.25,8.54,,
241304,P,2001-08-16,68744,3,89.61,2.74,,
241305,P,2001-10-10,43565,10,81.05,2.02,,
241306,P,2001-12-10,63618,6,91.52,6.11,,
241307,P,2000-04-09,65985,10,22.04,7.42,,
241308,P,2000-05-17,91600,5,58.63,5.75,,
241309,P,2002-07-12,67008,5,46.39,0.80,,
241310,P,2000-12-13,51880,6,0.87,5.70,,
241311,P,2000-04-05,82434,6,89.55,0.65,,
241312,P,2001-02-13,73641,9,71.12,2.98,,
241313,P,2002-01-20,22930,10,83.41,0.75,,
241314,P,2001-12-29,98676,9,31.34,4.52,,
241315,P,2001-01-29,945,8,24.56,8.36,,
241316,P,2001-03-26,24249,2,30.88,8.01,,
241317,P,2000-09-09,23601,8,58.63,0.95,,
241318,P,2000-11-01,79150,4,88.33,6.71,,
241319,P,2001-01-24,37636,6,39.32,8.43,,
241320,P,2000-12-16,4406,3,47.35,9.35,,
241321,P,2000-11-29,72395,8,43.96,8.44,,
241322,P,2001-11-16,3476,10,88.27,5.00,,
241323,P,2000-08-04,56730,4,21.50,4.45,,
241324,P,2001-11-19,18382,5,12.03,9.77,,
241325,P,2000-07-13,3956,9,76.36,9.41,,
241326,P,2002-05-05,54648,6,86.57,2.94,,
241327,P,2002-02-06,51273,8,23.52,0.74,,
241328,P,2000-12-31,38699,2,98.47,9.57,,
241329,P,2001-11-15,70690,2,45.25,5.10,,
241330,P,2000-04-10,10281,9,48.46,1.26,,
241331,P,2000-02-19,76858,5,48.18,0.07,,
241332,P,2000-03-18,78884,10,27.60,8.70,,
241333,P,2000-12-25,61258,10,12.22,9.17,,
241334,P,2001-04-08,88984,8,66.92,8.04,,
241335,P,2000-05-31,29871,8,44.73,9.11,,
241336,P,2000-10-01,23030,5,8.52,7.85,,
241337,P,2000-06-02,32201,9,43.88,1.58,,
241338,P,2001-08-01,94325,6,70.25,2.67,,
241339,P,2001-04-21,49279,2,55.44,2.19,,
241340,P,2001-12-13,50462,8,83.94,6.96,,
241341,P,2002-01-24,66428,2,4.53,9.03,,
241342,P,2000-10-17,28986,7,67.45,3.81,,
241343,P,2001-05-14,1519,8,69.86,5.27,,
241344,P,2000-06-08,77472,4,32.06,3.93,,
241345,P,2001-12-12,48053,1,19.91,9.25,,
241346,P,2001-12-25,44091,10,70.70,8.34,,
241347,P,2000-01-22,25513,10,17.50,6.35,,
241348,P,2002-05-04,50317,10,23.91,8.34,,
241349,P,2000-04-06,60159,2,68.91,3.20,,
241350,P,2000-03-25,39849,2,9.92,2.93,,
241351,P,2000-01-22,92932,4,69.02,9.94,,
241352,P,2001-09-04,87634,4,39.93,7.29,,
241353,P,2000-12-10,35515,5,56.49,4.07,,
241354,P,2001-12-21,13154,3,83.95,8.98,,
241355,P,2001-12-22,47989,5,25.23,2.70,,
241356,P,2001-12-04,4903,8,21.56,0.24,,
241357,P,2002-07-24,36025,2,51.41,9.67,,
241358,P,2000-04-24,39009,6,8.96,1.50,,
241359,P,2002-04-19,45674,10,52.18,3.55,,
241360,P,2002-09-18,8877,5,28.44,1.59,,
241361,P,2001-08-28,48018,5,80.77,1.73,,
241362,P,2000-10-25,54913,5,18.86,5.24,,
241363,P,2002-03-19,46816,9,71.58,2.82,,
241364,P,2002-01-27,68676,7,36.53,5.88,,
241365,P,2000-06-01,61401,1,35.76,6.97,,
241366,P,2001-12-31,86717,7,0.98,4.00,,
241367,P,2000-10-25,98480,7,21.78,6.22,,
241368,P,2002-05-13,40185,6,68.03,9.50,,
241369,P,2001-07-13,34810,5,74.80,7.28,,
241370,P,2000-09-08,15392,7,44.47,9.72,,
241371,P,2000-08-22,29896,1,75.29,3.48,,
241372,P,2000-01-04,22696,8,30.00,0.02,,
241373,P,2000-06-04,57245,9,91.09,5.81,,
241374,P,2000-02-12,95722,3,67.58,2.46,,
241375,P,2000-11-02,29848,1,67.75,1.44,,
241376,P,2002-05-27,15423,2,98.90,2.53,,
241377,P,2001-11-22,9105,5,10.09,6.52,,
241378,P,2000-10-23,89472,7,95.60,3.58,,
241379,P,2000-03-31,96664,2,41.53,6.94,,
241380,P,2000-09-15,2699,5,90.19,2.01,,
241381,P,2001-04-27,14575,6,88.36,0.85,,
241382,P,2001-04-13,53876,3,90.88,0.32,,
241383,P,2000-05-08,89643,7,92.90,1.71,,
241384,P,2002-01-30,92862,4,10.52,3.33,,
241385,P,2000-07-18,25853,4,43.84,7.54,,
241386,P,2000-07-28,42490,10,54.19,3.79,,
241387,P,2002-07-18,76718,2,80.99,5.88,,
241388,P,2002-08-05,32137,9,52.99,5.49,,
241389,P,2000-07-16,65057,5,6.91,3.63,,
241390,P,2001-02-02,8675,1,13.58,6.81,,
241391,P,2000-03-22,74487,8,95.94,6.59,,
241392,P,2000-02-19,30728,8,93.75,9.91,,
241393,P,2001-07-28,52528,7,67.37,3.66,,
241394,P,2001-08-04,37013,4,96.42,1.26,,
241395,P,2002-07-20,75458,5,58.60,6.60,,
241396,P,2001-02-26,36529,5,86.45,7.18,,
241397,P,2002-09-17,10154,10,31.93,1.40,,
241398,P,2001-01-07,10445,9,62.52,1.57,,
241399,P,2001-04-03,23946,9,84.93,3.78,,
241400,P,2002-06-05,7766,3,21.00,7.64,,
241401,P,2001-11-13,82587,4,11.06,6.42,,
241402,P,2002-07-17,63964,1,67.78,6.08,,
241403,P,2001-09-16,31937,5,85.22,8.85,,
241404,P,2002-08-20,50941,3,59.00,4.28,,
241405,P,2001-08-23,21161,1,34.69,6.16,,
241406,P,2001-11-06,67289,10,61.11,4.30,,
241407,P,2000-02-26,38405,6,23.09,6.49,,
241408,P,2000-10-09,9401,7,5.12,9.45,,
241409,P,2001-03-02,94424,1,16.34,9.77,,
241410,P,2001-09-26,33708,9,69.80,1.72,,
241411,P,2001-03-14,99180,3,67.09,2.21,,
241412,P,2001-08-02,84145,10,36.66,4.26,,
241413,P,2000-05-10,79200,1,93.88,9.83,,
241414,P,2001-06-30,75483,5,96.43,6.21,,
241415,P,2001-02-28,96768,5,31.17,0.41,,
241416,P,2000-02-10,96459,5,19.28,1.42,,
241417,P,2000-02-11,11749,2,6.68,1.22,,
241418,P,2002-05-16,94332,8,96.57,7.67,,
241419,P,2000-02-17,47913,3,74.47,1.34,,
241420,P,2001-10-07,35793,8,5.75,3.72,,
241421,P,2000-07-20,99080,5,61.17,4.03,,
241422,P,2000-05-17,39533,5,77.48,5.43,,
241423,P,2001-05-20,50762,9,0.16,3.56,,
241424,P,2002-07-21,6326,9,54.38,4.96,,
241425,P,2000-02-21,24016,9,51.74,0.44,,
241426,P,2001-05-10,36428,9,98.89,0.73,,
241427,P,2001-05-01,55278,5,86.13,1.98,,
241428,P,2001-08-05,65796,3,77.99,5.94,,
241429,P,2000-01-10,37309,4,62.63,2.48,,
241430,P,2001-04-26,37505,6,99.43,9.73,,
241431,P,2000-04-02,90188,1,64.97,2.75,,
241432,P,2002-03-09,80035,1,95.65,3.38,,
241433,P,2001-02-11,95483,2,78.99,1.47,,
241434,P,2001-05-11,46631,9,59.11,3.61,,
241435,P,2001-08-14,65921,7,69.87,8.42,,
241436,P,2001-11-16,78835,8,37.51,2.67,,
241437,P,2000-06-29,98774,3,69.92,6.10,,
241438,P,2001-03-04,7940,10,72.89,1.78,,
241439,P,2000-11-25,83201,6,34.25,8.00,,
241440,P,2001-12-18,84687,7,68.69,7.47,,
241441,P,2002-05-27,61554,2,31.52,4.30,,
241442,P,2001-08-16,98568,8,74.81,4.61,,
241443,P,2001-11-19,18801,9,93.39,5.58,,
241444,P,2001-03-06,11681,10,75.79,6.29,,
241445,P,2001-06-13,22026,1,14.20,5.51,,
241446,P,2001-12-04,23379,7,53.67,5.76,,
241447,P,2001-04-30,65433,10,69.92,2.03,,
241448,P,2002-02-21,61730,10,4.42,8.51,,
241449,P,2000-01-03,60051,1,72.25,7.16,,
241450,P,2002-05-04,82508,2,92.90,9.42,,
241451,P,2002-01-03,26568,3,37.64,0.05,,
241452,P,2001-05-18,56723,6,76.85,1.04,,
241453,P,2001-07-07,89434,7,30.29,4.09,,
241454,P,2002-07-23,26801,7,60.61,2.54,,
241455,P,2001-10-07,52789,4,77.15,3.42,,
241456,P,2001-06-03,45887,7,74.87,5.08,,
241457,P,2000-06-12,9730,9,26.17,8.04,,
241458,P,2001-03-30,17984,3,16.27,2.41,,
241459,P,2000-01-14,74617,4,76.72,4.23,,
241460,P,2002-09-05,37753,4,21.25,2.51,,
241461,P,2001-06-26,65327,10,16.66,1.48,,
241462,P,2002-08-20,8880,6,65.31,7.03,,
241463,P,2000-08-29,76546,5,73.14,1.07,,
241464,P,2000-04-22,73209,1,33.48,6.83,,
241465,P,2001-05-11,67451,4,95.94,6.27,,
241466,P,2000-03-10,14195,5,49.90,5.97,,
241467,P,2001-03-06,60438,3,49.14,5.03,,
241468,P,2002-02-23,16129,10,67.01,8.73,,
241469,P,2001-04-19,70423,3,58.92,9.35,,
241470,P,2000-02-23,20291,6,81.42,9.39,,
241471,P,2002-03-18,91363,6,82.80,9.50,,
241472,P,2002-01-19,57853,1,42.74,2.37,,
241473,P,2000-11-21,41789,5,74.38,3.76,,
241474,P,2000-11-25,85390,4,69.04,7.96,,
241475,P,2000-07-24,75560,2,22.79,7.97,,
241476,P,2002-07-06,80136,8,11.03,7.25,,
241477,P,2001-08-11,18188,2,52.75,2.27,,
241478,P,2000-05-23,39945,2,6.34,0.82,,
241479,P,2001-03-05,21507,2,41.80,8.89,,
241480,P,2002-03-26,75433,3,26.54,2.54,,
241481,P,2001-08-05,71805,8,83.05,8.86,,
241482,P,2002-07-13,6209,8,33.22,4.52,,
241483,P,2002-08-28,12462,10,0.88,9.34,,
241484,P,2000-05-26,15896,1,68.05,4.93,,
241485,P,2001-05-13,93286,7,58.13,7.53,,
241486,P,2000-03-10,74547,8,76.39,0.42,,
241487,P,2002-01-03,24300,3,32.16,7.19,,
241488,P,2002-06-16,76795,2,81.68,6.33,,
241489,P,2002-09-10,87292,8,30.81,6.53,,
241490,P,2001-09-22,43997,4,4.69,1.39,,
241491,P,2001-12-03,21274,6,71.02,5.95,,
241492,P,2001-10-19,33607,6,22.33,9.48,,
241493,P,2001-09-14,53576,4,94.71,6.07,,
241494,P,2001-01-24,64962,7,28.48,4.21,,
241495,P,2002-05-04,90078,6,19.60,7.02,,
241496,P,2001-11-19,92241,9,96.73,4.35,,
241497,P,2002-09-03,78321,3,20.42,6.69,,
241498,P,2002-04-19,58782,8,66.36,1.86,,
241499,P,2000-06-03,19879,2,24.09,9.79,,
241500,P,2002-03-06,17344,8,9.95,5.47,,
241501,P,2002-08-30,66807,9,38.39,4.81,,
241502,P,2001-05-28,42074,5,34.49,8.62,,
241503,P,2001-05-05,89408,6,11.08,7.82,,
241504,P,2000-06-02,22258,1,65.72,8.92,,
241505,P,2002-09-11,4528,3,66.05,2.13,,
241506,P,2002-01-15,61177,2,47.31,1.53,,
241507,P,2001-03-09,9332,7,82.20,4.87,,
241508,P,2001-08-04,94020,9,96.28,9.91,,
241509,P,2000-05-16,78547,2,53.22,4.43,,
241510,P,2002-05-03,66726,1,6.28,2.73,,
241511,P,2000-08-11,55576,3,90.51,2.68,,
241512,P,2001-01-22,88400,3,40.15,2.88,,
241513,P,2001-04-30,63472,3,46.67,2.81,,
241514,P,2000-07-02,45226,10,48.56,1.49,,
241515,P,2001-07-20,664,10,40.00,7.27,,
241516,P,2000-04-06,94794,5,30.31,1.75,,
241517,P,2001-04-13,74762,6,57.03,2.71,,
241518,P,2000-07-29,92105,7,28.69,9.17,,
241519,P,2000-11-16,31050,8,5.48,2.42,,
241520,P,2001-10-29,67679,3,47.58,2.87,,
241521,P,2002-07-25,77487,5,57.41,5.06,,
241522,P,2000-03-26,10593,1,59.77,0.43,,
241523,P,2002-01-12,27097,9,2.28,8.26,,
241524,P,2001-10-15,24979,6,50.20,9.70,,
241525,P,2002-07-06,1048,9,14.38,5.86,,
241526,P,2001-10-26,19562,1,38.58,3.21,,
241527,P,2002-04-28,53530,6,89.37,1.94,,
241528,P,2001-04-09,48532,3,92.72,9.33,,
241529,P,2001-04-04,87723,7,38.82,5.42,,
241530,P,2000-08-28,21937,2,15.03,3.28,,
241531,P,2000-12-01,12142,7,49.83,7.71,,
241532,P,2001-01-28,11107,4,3.54,9.01,,
241533,P,2002-02-10,63944,9,45.61,4.88,,
241534,P,2000-09-29,37367,7,76.97,2.51,,
241535,P,2002-02-05,89388,9,63.27,6.96,,
241536,P,2000-09-30,75085,4,71.08,6.60,,
241537,P,2002-01-13,47232,6,41.93,4.86,,
241538,P,2002-05-30,90902,6,5.82,5.84,,
241539,P,2002-07-12,28809,9,54.63,2.36,,
241540,P,2001-02-22,10060,6,37.03,0.28,,
241541,P,2000-09-26,40670,10,34.85,0.96,,
241542,P,2000-01-01,54275,10,85.29,3.63,,
241543,P,2001-11-07,64267,1,22.71,9.05,,
241544,P,2000-01-15,70435,6,78.87,9.07,,
241545,P,2001-10-09,80295,8,23.83,7.59,,
241546,P,2000-09-21,63340,7,90.08,2.87,,
241547,P,2000-03-17,17241,2,24.46,2.28,,
241548,P,2000-10-13,72255,5,69.51,8.80,,
241549,P,2000-12-12,93674,8,68.38,3.79,,
241550,P,2002-07-12,47885,3,20.92,2.72,,
241551,P,2002-04-22,9328,10,37.74,7.94,,
241552,P,2001-01-12,20378,7,32.59,2.33,,
241553,P,2000-10-25,75536,3,26.28,7.68,,
241554,P,2002-05-31,59351,3,19.97,7.39,,
241555,P,2001-12-03,81118,9,12.04,5.76,,
241556,P,2002-01-15,64562,4,81.85,9.42,,
241557,P,2001-10-28,52219,3,7.98,2.32,,
241558,P,2001-03-14,62516,9,87.30,9.59,,
241559,P,2000-10-11,88734,1,4.19,2.25,,
241560,P,2001-12-05,30160,6,37.23,4.31,,
241561,P,2002-03-15,95974,9,17.20,6.81,,
241562,P,2000-09-20,11892,10,61.94,5.02,,
241563,P,2000-04-18,43451,1,48.51,3.98,,
241564,P,2001-06-25,42925,7,64.14,8.21,,
241565,P,2001-12-26,54356,8,84.67,4.74,,
241566,P,2000-11-21,376,6,7.52,6.38,,
241567,P,2000-05-17,63092,9,83.91,5.37,,
241568,P,2000-04-17,76903,2,43.37,1.64,,
241569,P,2002-08-17,50135,7,6.77,0.62,,
241570,P,2001-03-23,13870,10,70.25,5.58,,
241571,P,2000-08-20,23294,9,54.35,6.93,,
241572,P,2000-12-09,83702,10,9.42,1.48,,
241573,P,2000-09-18,32922,4,65.97,1.81,,
241574,P,2002-04-12,27810,8,4.82,4.08,,
241575,P,2002-07-02,15689,10,95.72,4.73,,
241576,P,2001-10-05,68818,7,23.01,3.69,,
241577,P,2000-11-17,63260,2,90.86,3.87,,
241578,P,2002-02-25,53365,10,78.27,6.16,,
241579,P,2000-12-06,94469,3,76.48,4.02,,
241580,P,2000-02-08,51990,1,19.78,2.18,,
241581,P,2000-08-23,92490,2,34.93,1.07,,
241582,P,2002-05-25,37130,8,71.29,0.83,,
241583,P,2001-07-29,2668,1,25.69,0.51,,
241584,P,2001-11-16,41622,2,56.56,0.76,,
241585,P,2000-06-30,63485,4,50.33,0.39,,
241586,P,2002-04-06,41089,6,82.34,9.01,,
241587,P,2001-06-07,95270,8,17.05,6.66,,
241588,P,2001-11-19,51228,8,46.17,7.39,,
241589,P,2001-06-28,64874,10,94.93,1.85,,
241590,P,2000-10-26,38889,3,47.34,5.80,,
241591,P,2002-03-07,68678,6,82.95,3.95,,
241592,P,2002-08-15,92677,1,53.92,9.94,,
241593,P,2000-04-08,20535,7,62.93,0.38,,
241594,P,2000-09-08,73544,2,40.92,6.65,,
241595,P,2002-02-12,23219,9,8.43,6.15,,
241596,P,2002-06-04,94428,7,65.57,0.63,,
241597,P,2002-09-26,32987,7,36.13,5.42,,
241598,P,2000-09-17,96942,8,53.57,7.46,,
241599,P,2002-04-07,15502,7,69.52,6.55,,
241600,P,2000-07-29,72019,4,94.07,6.33,,
241601,P,2000-11-15,30461,7,45.12,1.52,,
241602,P,2002-03-19,67735,9,87.77,9.87,,
241603,P,2000-09-01,84023,7,30.69,5.98,,
241604,P,2001-08-24,59989,9,78.96,5.85,,
241605,P,2002-08-05,50134,4,75.88,0.71,,
241606,P,2001-09-23,75796,8,10.89,2.15,,
241607,P,2002-03-26,16353,1,3.01,0.55,,
241608,P,2000-03-07,16306,8,69.28,2.86,,
241609,P,2001-09-27,95960,6,25.97,7.77,,
241610,P,2002-09-09,65505,5,31.03,6.61,,
241611,P,2000-12-20,60465,10,7.94,7.76,,
241612,P,2001-03-21,44145,5,58.01,8.59,,
241613,P,2000-11-10,25530,10,54.10,5.78,,
241614,P,2001-08-03,44753,4,39.78,7.66,,
241615,P,2001-02-11,32228,2,58.84,3.64,,
241616,P,2001-06-20,45305,9,94.91,0.17,,
241617,P,2000-02-17,14499,3,22.76,3.77,,
241618,P,2001-01-10,79878,3,26.13,8.03,,
241619,P,2000-04-03,32884,5,85.65,4.95,,
241620,P,2000-02-29,65622,2,48.79,8.56,,
241621,P,2001-08-13,65215,6,63.16,3.14,,
241622,P,2000-09-24,41916,9,50.56,4.25,,
241623,P,2000-03-05,16222,5,93.39,5.51,,
241624,P,2000-12-03,22561,4,39.45,6.77,,
241625,P,2000-03-24,77061,1,99.30,7.59,,
241626,P,2000-02-24,96828,1,27.34,5.75,,
241627,P,2000-02-02,47076,4,19.58,5.10,,
241628,P,2000-06-14,48109,9,37.46,6.06,,
241629,P,2001-02-16,75159,8,71.25,1.64,,
241630,P,2001-12-28,23587,9,97.90,5.33,,
241631,P,2001-10-15,4282,1,72.16,9.22,,
241632,P,2002-07-23,23148,7,39.07,8.98,,
241633,P,2000-04-07,68428,4,74.09,2.99,,
241634,P,2002-02-18,56869,1,76.45,8.09,,
241635,P,2002-06-03,80969,6,61.46,7.22,,
241636,P,2001-08-13,74481,3,81.82,4.64,,
241637,P,2000-09-08,39497,10,57.02,6.94,,
241638,P,2002-07-10,39712,10,1.09,7.55,,
241639,P,2000-01-16,51127,9,80.78,1.84,,
241640,P,2002-06-06,18339,2,42.32,6.28,,
241641,P,2002-03-29,13523,5,94.89,8.07,,
241642,P,2000-03-19,24075,10,92.88,1.95,,
241643,P,2001-04-19,22183,7,76.04,7.05,,
241644,P,2000-11-08,36166,5,54.42,7.37,,
241645,P,2000-04-16,73875,1,28.94,5.72,,
241646,P,2000-07-25,39188,2,47.44,5.72,,
241647,P,2002-02-28,65592,7,70.89,3.37,,
241648,P,2001-09-07,64932,2,24.14,1.20,,
241649,P,2000-08-25,17201,8,46.10,9.42,,
241650,P,2002-07-12,71977,4,26.55,2.41,,
241651,P,2000-06-12,8413,2,10.16,6.27,,
241652,P,2002-02-03,2733,2,90.88,6.28,,
241653,P,2002-09-26,89204,7,1.31,9.45,,
241654,P,2002-03-28,1638,6,37.82,9.08,,
241655,P,2002-09-13,82066,3,40.72,4.01,,
241656,P,2000-01-21,24754,10,37.18,0.82,,
241657,P,2000-09-18,60160,1,82.88,7.41,,
241658,P,2002-05-06,7150,3,74.68,3.52,,
241659,P,2001-06-15,76275,1,87.28,5.80,,
241660,P,2001-01-15,89136,4,76.87,6.61,,
241661,P,2001-05-07,42862,4,74.31,8.96,,
241662,P,2001-09-16,8063,10,44.00,2.11,,
241663,P,2001-05-03,12900,2,36.43,6.59,,
241664,P,2001-09-10,23141,6,9.09,2.26,,
241665,P,2001-09-05,8416,10,22.54,1.80,,
241666,P,2000-11-01,61403,3,65.19,9.12,,
241667,P,2002-08-06,94068,8,91.23,6.04,,
241668,P,2001-01-08,21381,8,55.56,9.14,,
241669,P,2002-02-21,47500,2,73.10,7.20,,
241670,P,2001-10-26,21640,4,46.19,9.78,,
241671,P,2000-11-20,97772,3,85.08,5.74,,
241672,P,2002-07-15,33205,2,37.66,4.72,,
241673,P,2000-05-21,21188,6,67.05,6.09,,
241674,P,2002-03-10,399,6,33.91,3.99,,
241675,P,2002-05-23,88503,8,21.61,0.05,,
241676,P,2002-08-03,51838,3,42.73,3.47,,
241677,P,2001-02-14,21217,8,9.11,1.18,,
241678,P,2002-08-25,81166,8,29.51,9.91,,
241679,P,2001-07-31,21777,5,48.50,2.93,,
241680,P,2002-06-07,91564,2,31.53,1.63,,
241681,P,2002-04-01,69955,9,27.81,5.49,,
241682,P,2000-07-18,97850,5,57.44,2.41,,
241683,P,2001-04-24,58431,10,79.49,2.03,,
241684,P,2000-09-07,55487,9,50.32,1.36,,
241685,P,2001-02-19,54159,2,99.69,9.41,,
241686,P,2000-03-12,85832,1,58.01,3.76,,
241687,P,2001-10-01,65836,7,78.73,4.55,,
241688,P,2000-12-22,5837,9,61.82,5.90,,
241689,P,2002-09-12,82872,3,70.69,7.80,,
241690,P,2001-10-14,13082,10,74.00,8.92,,
241691,P,2001-09-24,97505,6,77.93,0.95,,
241692,P,2002-05-21,56466,4,78.52,1.74,,
241693,P,2000-03-14,18271,9,46.23,7.67,,
241694,P,2001-01-17,88007,9,25.72,2.71,,
241695,P,2000-09-18,74000,4,47.29,7.05,,
241696,P,2000-06-12,25881,4,32.23,7.16,,
241697,P,2002-04-12,73191,2,13.34,9.15,,
241698,P,2001-04-17,87812,10,5.15,7.64,,
241699,P,2000-02-17,89703,4,17.30,3.90,,
241700,P,2000-12-28,59183,5,34.59,5.51,,
241701,P,2001-09-22,31666,4,82.77,1.04,,
241702,P,2000-01-26,55742,4,38.17,7.99,,
241703,P,2002-06-30,32830,10,11.11,0.24,,
241704,P,2000-03-23,29698,6,8.11,9.20,,
241705,P,2000-10-16,11398,1,28.94,3.81,,
241706,P,2000-10-02,16605,8,65.22,2.06,,
241707,P,2001-12-26,66327,4,58.16,1.41,,
241708,P,2000-11-12,23451,1,1.03,7.01,,
241709,P,2002-01-26,34863,2,23.69,8.49,,
