265200,P,2002-08-02,38882,9,14.20,0.57,,
265201,P,2002-06-30,54752,8,76.81,1.03,,
265202,P,2000-02-27,11735,10,97.82,9.27,,
265203,P,2002-04-22,47070,10,71.28,0.24,,
265204,P,2002-09-03,80894,3,29.44,5.88,,
265205,P,2001-11-02,77218,8,50.35,5.87,,
265206,P,2000-05-13,11495,2,89.67,1.10,,
265207,P,2002-07-17,30906,7,70.00,9.76,,
265208,P,2002-02-04,63352,2,69.71,9.06,,
265209,P,2000-11-28,15934,7,97.33,3.09,,
265210,P,2001-06-18,13744,3,67.14,8.54,,
265211,P,2000-01-09,42277,3,23.85,2.56,,
265212,P,2001-03-15,51817,5,96.60,0.86,,
265213,P,2000-07-08,4061,9,14.66,6.14,,
265214,P,2001-07-15,70909,8,55.38,1.99,,
265215,P,2001-05-18,37972,9,96.78,1.89,,
265216,P,2001-02-08,83284,9,72.14,0.48,,
265217,P,2002-01-24,79120,4,33.47,1.39,,
265218,P,2002-01-18,75869,10,37.26,3.80,,
265219,P,2001-10-10,64551,6,21.36,2.73,,
265220,P,2001-07-18,44655,5,6.53,3.70,,
265221,P,2000-01-29,25333,3,94.82,1.27,,
265222,P,2000-06-05,14901,1,52.31,6.87,,
265223,P,2000-12-21,45038,7,31.01,9.06,,
265224,P,2001-01-02,34402,3,97.26,9.83,,
265225,P,2002-05-24,47750,7,86.84,7.41,,
265226,P,2000-05-12,82728,1,46.56,5.40,,
265227,P,2000-08-17,8900,6,0.53,8.31,,
265228,P,2001-04-04,2843,4,82.50,1.89,,
265229,P,2002-05-25,26011,9,0.50,4.19,,
265230,P,2000-04-26,20191,2,88.05,8.40,,
265231,P,2001-01-16,81705,4,87.48,5.46,,
265232,P,2002-08-15,36697,7,42.52,6.86,,
265233,P,2001-09-08,54308,8,8.36,4.36,,
265234,P,2000-02-18,30599,2,42.25,7.20,,
265235,P,2000-07-23,56695,3,10.48,6.39,,
265236,P,2000-02-01,27890,6,91.29,7.69,,
265237,P,2001-10-26,87371,10,35.01,8.60,,
265238,P,2000-08-12,5001,5,46.39,8.34,,
265239,P,2000-10-17,78584,7,6.73,6.59,,
265240,P,2000-01-26,50944,6,14.51,4.62,,
265241,P,2002-06-30,99324,4,44.56,7.57,,
265242,P,2000-08-06,16024,9,54.36,6.17,,
265243,P,2001-11-21,19320,8,10.58,7.46,,
265244,P,2002-07-11,76893,2,30.12,4.16,,
265245,P,2000-11-25,78116,9,68.51,8.13,,
265246,P,2002-07-24,93695,4,93.68,6.25,,
265247,P,2000-07-24,67849,9,16.09,3.66,,
265248,P,2000-12-02,26391,6,66.74,3.17,,
265249,P,2000-12-01,72052,8,11.36,1.49,,
265250,P,2001-07-04,13193,1,52.75,7.85,,
265251,P,2001-11-13,62407,8,9.03,3.16,,
265252,P,2002-06-10,17099,5,56.40,4.76,,
265253,P,2002-04-21,2508,2,78.12,5.01,,
265254,P,2002-05-22,40431,4,40.97,3.03,,
265255,P,2001-01-20,10081,1,29.49,6.17,,
265256,P,2000-01-22,47611,7,91.45,8.64,,
265257,P,2002-03-04,79549,8,4.05,0.10,,
265258,P,2000-04-07,26927,4,39.40,3.73,,
265259,P,2000-10-03,94119,1,70.74,3.72,,
265260,P,2001-03-08,5052,4,73.40,2.29,,
265261,P,2000-01-18,82910,7,46.71,1.63,,
265262,P,2000-09-10,99158,1,84.58,7.19,,
265263,P,2002-04-26,42672,10,40.66,0.16,,
265264,P,2001-09-19,48877,10,97.71,2.30,,
265265,P,2001-11-01,1485,9,57.22,8.07,,
265266,P,2000-01-14,42474,8,5.24,2.25,,
265267,P,2001-06-12,43889,9,81.77,6.49,,
265268,P,2001-12-04,67214,3,65.79,3.98,,
265269,P,2000-07-15,48540,8,91.98,2.40,,
265270,P,2002-04-08,48585,8,71.37,5.40,,
265271,P,2002-03-04,49596,5,51.90,0.41,,
265272,P,2002-06-10,62523,4,97.35,2.96,,
265273,P,2000-01-12,64843,9,44.65,3.50,,
265274,P,2001-05-25,85666,6,72.23,9.07,,
265275,P,2000-02-11,22149,2,21.99,3.81,,
265276,P,2000-09-17,78835,8,80.50,2.52,,
265277,P,2001-11-24,92492,5,28.33,4.29,,
265278,P,2000-04-25,46981,8,30.94,6.65,,
265279,P,2001-09-30,88475,10,26.57,8.19,,
265280,P,2000-12-24,73916,1,18.85,7.44,,
265281,P,2000-06-23,10739,6,21.96,7.27,,
265282,P,2001-03-24,58365,5,42.12,6.90,,
265283,P,2000-12-02,73275,10,48.56,5.02,,
265284,P,2000-06-10,18455,3,26.71,8.94,,
265285,P,2001-11-30,47739,9,84.55,2.91,,
265286,P,2000-06-19,79340,3,71.25,2.89,,
265287,P,2001-07-19,17483,7,96.98,4.43,,
265288,P,2000-04-22,96035,9,89.62,2.93,,
265289,P,2001-03-14,1154,10,3.60,7.31,,
265290,P,2002-02-24,28368,7,2.95,6.86,,
265291,P,2001-09-25,31312,3,79.12,4.80,,
265292,P,2001-01-17,56408,4,47.88,6.57,,
265293,P,2002-04-10,15089,6,99.00,2.23,,
265294,P,2002-08-21,36152,7,32.73,3.83,,
265295,P,2001-03-08,37885,1,66.77,6.98,,
265296,P,2001-06-05,4560,4,9.31,3.49,,
265297,P,2002-04-28,5005,4,83.53,3.02,,
265298,P,2001-11-22,35929,6,27.49,1.18,,
265299,P,2001-11-17,15485,6,94.68,0.77,,
265300,P,2001-11-29,5346,2,80.11,7.11,,
265301,P,2001-07-25,17634,6,83.22,8.61,,
265302,P,2000-08-30,44322,3,21.21,1.48,,
265303,P,2001-08-29,7574,9,7.06,9.51,,
265304,P,2000-02-04,13857,5,49.62,5.32,,
265305,P,2000-03-22,64737,3,79.50,3.81,,
265306,P,2001-08-25,43029,4,35.93,6.88,,
265307,P,2000-11-08,52636,6,64.25,3.08,,
265308,P,2002-01-02,70297,5,84.91,0.93,,
265309,P,2001-02-23,88843,3,6.57,5.31,,
265310,P,2001-06-01,62102,8,93.80,0.10,,
265311,P,2001-12-21,88011,5,20.72,8.10,,
265312,P,2001-02-21,28583,10,80.84,6.98,,
265313,P,2000-04-07,79487,2,56.46,7.23,,
265314,P,2000-06-08,44909,9,15.36,7.55,,
265315,P,2000-05-21,91539,8,32.39,7.27,,
265316,P,2001-06-14,91820,6,38.00,5.12,,
265317,P,2000-03-26,58383,7,63.48,8.04,,
265318,P,2002-04-21,81029,3,5.91,9.26,,
265319,P,2001-08-04,83177,2,89.34,7.02,,
265320,P,2001-03-13,14411,2,60.76,9.13,,
265321,P,2000-01-25,27154,8,40.86,3.52,,
265322,P,2001-05-23,22290,2,71.03,3.88,,
265323,P,2001-12-12,91464,8,27.62,0.52,,
265324,P,2000-11-01,87502,1,73.07,2.68,,
265325,P,2002-07-28,50943,7,9.98,4.43,,
265326,P,2002-03-03,54671,10,41.58,9.19,,
265327,P,2001-10-11,57732,2,35.86,9.67,,
265328,P,2000-06-12,7078,8,97.10,6.61,,
265329,P,2001-06-15,6844,7,85.76,9.85,,
265330,P,2002-05-10,1205,10,80.33,8.93,,
265331,P,2001-05-27,835,8,41.20,3.81,,
265332,P,2001-07-04,50639,5,60.01,1.38,,
265333,P,2000-12-25,7618,7,43.26,1.84,,
265334,P,2002-01-26,65281,5,91.09,2.20,,
265335,P,2001-08-01,31669,9,72.53,1.56,,
265336,P,2001-12-26,26068,2,51.64,8.38,,
265337,P,2000-02-25,64890,7,78.90,3.86,,
265338,P,2001-03-21,20839,7,65.98,0.67,,
265339,P,2002-06-30,62219,5,7.67,1.09,,
265340,P,2001-10-29,66733,8,8.78,5.93,,
265341,P,2001-04-01,81240,7,82.48,6.63,,
265342,P,2000-10-05,88082,3,88.53,3.34,,
265343,P,2001-05-07,21894,10,93.16,5.63,,
265344,P,2002-05-02,66949,10,48.97,6.02,,
265345,P,2001-09-08,42102,4,27.95,6.50,,
265346,P,2000-08-17,62496,10,24.45,6.88,,
265347,P,2000-03-01,86533,2,63.51,3.20,,
265348,P,2002-08-09,92673,7,20.21,6.39,,
265349,P,2000-12-20,27056,1,50.95,4.48,,
265350,P,2001-03-12,9368,3,34.00,2.61,,
265351,P,2001-06-22,67296,4,29.90,3.04,,
265352,P,2001-11-06,73286,6,98.23,9.92,,
265353,P,2001-05-30,13027,7,70.50,2.54,,
265354,P,2001-04-07,76816,6,93.61,8.15,,
265355,P,2001-08-02,33840,3,83.38,8.82,,
265356,P,2002-04-04,75711,3,89.90,1.60,,
265357,P,2002-07-16,51512,10,31.33,2.39,,
265358,P,2002-05-25,81010,9,28.04,8.30,,
265359,P,2000-01-19,60550,2,28.03,4.88,,
265360,P,2002-05-12,32413,3,56.17,3.16,,
265361,P,2000-09-02,85750,7,25.15,9.39,,
265362,P,2001-12-20,92385,2,22.64,3.41,,
265363,P,2002-05-24,84004,10,88.36,4.55,,
265364,P,2002-05-07,10963,7,24.77,9.73,,
265365,P,2000-05-17,51563,6,54.20,8.76,,
265366,P,2002-01-16,24975,1,85.63,8.33,,
265367,P,2000-11-18,84320,9,55.69,7.76,,
265368,P,2002-08-18,8651,6,72.09,3.05,,
265369,P,2000-10-23,42576,8,18.70,8.98,,
265370,P,2001-09-06,32059,3,85.38,8.79,,
265371,P,2000-10-08,89237,8,56.70,5.39,,
265372,P,2000-01-15,67176,7,76.65,4.50,,
265373,P,2002-04-16,90274,2,35.00,5.39,,
265374,P,2001-03-27,80328,6,83.89,8.23,,
265375,P,2001-04-11,16574,5,30.06,7.86,,
265376,P,2000-10-16,12325,4,94.77,1.59,,
265377,P,2000-04-17,70606,7,85.35,0.87,,
265378,P,2001-07-27,33122,7,1.50,5.92,,
265379,P,2002-07-30,87063,2,54.14,8.91,,
265380,P,2001-08-10,46996,10,95.83,8.36,,
265381,P,2002-01-30,33188,7,24.12,2.47,,
265382,P,2002-03-08,86417,3,43.32,5.86,,
265383,P,2002-05-19,67988,7,45.85,2.32,,
265384,P,2002-03-06,38155,4,54.25,5.83,,
265385,P,2000-11-09,64104,8,17.54,9.40,,
265386,P,2001-07-22,32337,4,9.74,8.15,,
265387,P,2001-03-06,13095,8,24.25,6.76,,
265388,P,2002-02-19,89834,4,87.85,2.38,,
265389,P,2001-01-18,87759,1,44.82,4.52,,
265390,P,2000-05-29,22740,7,13.59,9.78,,
265391,P,2000-08-29,18081,8,79.23,7.98,,
265392,P,2000-08-06,98196,5,67.42,1.66,,
265393,P,2000-01-02,372,6,37.15,5.85,,
265394,P,2000-08-24,94210,9,27.17,4.97,,
265395,P,2000-11-24,20348,2,17.31,9.61,,
265396,P,2000-05-16,86401,1,18.14,8.80,,
265397,P,2000-09-01,40132,2,70.50,8.91,,
265398,P,2002-01-07,52560,9,40.07,2.01,,
265399,P,2001-06-15,22895,9,31.37,3.02,,
265400,P,2002-07-28,91747,7,76.57,6.13,,
265401,P,2002-03-23,78649,3,63.80,9.45,,
265402,P,2002-04-20,70470,10,83.32,6.45,,
265403,P,2000-07-03,48065,1,69.92,8.25,,
265404,P,2000-09-18,57354,4,52.00,1.54,,
265405,P,2000-01-31,82228,6,10.26,8.10,,
265406,P,2000-10-29,9729,6,56.23,2.45,,
265407,P,2001-03-05,61263,3,5.88,2.67,,
265408,P,2001-03-12,3329,2,78.42,6.43,,
265409,P,2000-06-14,50555,5,54.44,2.30,,
265410,P,2000-10-07,98546,3,0.17,7.80,,
265411,P,2001-01-16,94870,8,13.40,2.92,,
265412,P,2002-02-13,35765,4,14.55,6.92,,
265413,P,2001-11-02,55053,4,85.56,3.51,,
265414,P,2001-12-15,65533,2,54.42,3.48,,
265415,P,2000-08-25,89424,1,66.34,8.59,,
265416,P,2001-12-23,42441,7,87.79,5.78,,
265417,P,2001-09-04,3403,6,55.89,2.45,,
265418,P,2001-08-17,3180,2,50.48,8.33,,
265419,P,2002-05-14,72572,10,52.12,5.84,,
265420,P,2002-08-15,3144,6,25.65,5.84,,
265421,P,2002-06-16,29113,10,97.25,7.62,,
265422,P,2001-09-06,91092,1,7.13,6.98,,
265423,P,2000-02-20,60901,3,83.37,3.26,,
265424,P,2002-01-06,39254,5,33.47,1.39,,
265425,P,2002-06-09,97284,4,60.58,3.90,,
265426,P,2002-02-17,96586,3,33.14,1.36,,
265427,P,2002-04-13,88946,9,58.86,2.01,,
265428,P,2000-10-30,26766,6,73.82,8.66,,
265429,P,2002-02-21,98207,5,44.68,5.54,,
265430,P,2002-08-18,65855,8,7.32,7.73,,
265431,P,2001-11-03,91552,7,40.74,9.72,,
265432,P,2000-07-18,30576,10,20.88,5.82,,
265433,P,2000-04-14,9121,5,95.85,1.21,,
265434,P,2002-03-27,52909,6,41.29,1.35,,
265435,P,2002-05-22,3603,7,39.98,0.30,,
265436,P,2000-09-24,99970,7,30.98,8.19,,
265437,P,2002-02-19,41117,4,99.70,3.60,,
265438,P,2001-06-22,88403,7,30.74,6.77,,
265439,P,2001-11-27,57247,8,93.96,1.68,,
265440,P,2002-04-07,68462,3,29.58,1.80,,
265441,P,2002-01-28,84437,2,43.88,7.76,,
265442,P,2002-02-23,47270,1,18.92,0.81,,
265443,P,2001-10-10,28141,2,68.56,9.97,,
265444,P,2000-08-20,48626,4,49.75,5.26,,
265445,P,2001-04-19,12315,3,76.39,7.58,,
265446,P,2002-06-01,24663,6,15.40,7.89,,
265447,P,2000-07-24,93108,4,90.04,1.06,,
265448,P,2002-08-09,26374,1,53.97,0.91,,
265449,P,2001-03-23,98054,9,22.74,7.73,,
265450,P,2001-10-09,12658,5,0.25,9.92,,
265451,P,2001-04-10,8595,2,25.01,6.21,,
265452,P,2002-05-25,5403,7,13.43,4.21,,
265453,P,2000-12-23,90991,6,43.35,8.31,,
265454,P,2002-06-12,22592,3,36.71,1.49,,
265455,P,2000-01-03,34977,7,62.50,7.79,,
265456,P,2000-11-12,41839,7,96.29,9.65,,
265457,P,2002-03-20,14076,2,34.55,3.67,,
265458,P,2001-10-29,25187,2,97.12,9.95,,
265459,P,2001-08-11,53002,7,22.50,8.07,,
265460,P,2002-09-23,10848,7,9.20,8.81,,
265461,P,2002-04-24,50564,5,10.43,9.42,,
265462,P,2000-02-09,40355,6,86.46,6.06,,
265463,P,2001-06-07,88821,3,44.71,2.63,,
265464,P,2000-01-07,60371,2,85.19,8.23,,
265465,P,2002-08-11,30091,8,62.26,0.54,,
265466,P,2001-11-25,90917,2,83.75,1.57,,
265467,P,2002-03-23,47884,5,6.22,8.14,,
265468,P,2001-12-25,29658,2,73.12,6.74,,
265469,P,2001-04-14,63374,7,66.74,1.59,,
265470,P,2001-09-11,25593,3,96.26,5.90,,
265471,P,2002-05-11,93405,2,3.52,1.95,,
265472,P,2001-02-13,94030,6,76.18,2.08,,
265473,P,2001-05-20,60793,2,72.08,6.95,,
265474,P,2001-04-11,6420,2,94.31,8.91,,
265475,P,2001-04-03,93906,8,18.36,2.35,,
265476,P,2002-08-18,74711,7,59.17,4.36,,
265477,P,2000-07-05,4176,7,73.96,6.83,,
265478,P,2002-06-04,36493,4,22.50,0.76,,
265479,P,2001-07-31,97652,10,49.74,1.40,,
265480,P,2000-08-24,42317,6,42.45,2.53,,
265481,P,2000-02-26,31253,5,87.34,9.44,,
265482,P,2000-04-20,45664,1,62.48,5.23,,
265483,P,2001-10-04,67445,9,53.82,7.06,,
265484,P,2001-05-27,74559,10,73.41,4.53,,
265485,P,2000-12-19,28475,3,36.64,0.38,,
265486,P,2002-07-22,40554,6,53.73,3.77,,
265487,P,2002-05-02,42438,6,39.49,1.78,,
265488,P,2000-07-18,58045,4,9.13,0.90,,
265489,P,2001-12-25,42482,1,15.68,5.84,,
265490,P,2001-09-24,90155,9,4.12,1.89,,
265491,P,2002-02-15,51845,4,65.14,1.39,,
265492,P,2002-02-01,43361,4,50.13,7.70,,
265493,P,2001-07-15,46277,5,8.35,1.48,,
265494,P,2002-03-02,96739,5,40.07,3.94,,
265495,P,2000-02-11,74362,8,13.10,2.82,,
265496,P,2001-12-06,50475,10,97.96,8.43,,
265497,P,2000-06-25,34891,8,34.70,6.06,,
265498,P,2000-06-07,11582,7,95.43,1.12,,
265499,P,2002-02-12,18449,10,7.43,3.73,,
265500,P,2002-07-22,70840,8,62.56,4.34,,
265501,P,2001-10-16,51638,2,90.12,4.19,,
265502,P,2001-01-24,83246,1,85.29,1.47,,
265503,P,2002-07-09,68932,8,17.58,8.03,,
265504,P,2001-02-19,66359,1,13.76,9.24,,
265505,P,2000-11-02,32870,5,99.11,0.80,,
265506,P,2000-06-16,23350,2,21.31,7.11,,
265507,P,2000-04-26,45519,3,75.03,8.67,,
265508,P,2000-10-26,50471,10,14.33,9.32,,
265509,P,2002-02-28,91073,10,21.53,4.48,,
265510,P,2001-09-11,45391,3,63.19,2.38,,
265511,P,2001-03-27,40062,5,26.90,8.60,,
265512,P,2000-11-05,38144,10,37.04,5.98,,
265513,P,2000-12-25,99754,10,81.02,3.55,,
265514,P,2002-06-30,87285,7,46.54,3.73,,
265515,P,2002-01-22,97564,5,69.34,3.53,,
265516,P,2000-05-17,16817,9,48.81,5.77,,
265517,P,2001-11-01,66990,4,64.89,9.23,,
265518,P,2001-11-15,6178,9,28.71,1.41,,
265519,P,2000-06-02,3158,5,59.32,4.61,,
265520,P,2001-04-19,82441,10,22.03,9.03,,
265521,P,2001-08-19,9837,1,57.85,9.54,,
265522,P,2000-02-27,63667,1,37.66,2.87,,
265523,P,2000-05-19,18134,1,76.95,3.72,,
265524,P,2000-05-23,35104,10,48.89,6.05,,
265525,P,2002-04-19,67211,1,46.77,7.06,,
265526,P,2001-02-22,23641,2,83.63,0.85,,
265527,P,2001-11-23,75246,8,11.70,0.21,,
265528,P,2002-04-22,99729,9,34.05,3.07,,
265529,P,2002-04-24,5293,6,37.57,3.65,,
265530,P,2002-06-28,1249,7,60.60,0.80,,
265531,P,2001-05-31,42133,7,32.98,8.77,,
265532,P,2001-11-18,68305,8,4.89,0.21,,
265533,P,2002-08-23,47715,4,43.36,4.00,,
265534,P,2001-04-13,98932,9,73.58,8.58,,
265535,P,2000-04-12,86710,7,69.23,5.86,,
265536,P,2002-05-23,86551,8,30.04,7.69,,
265537,P,2001-05-23,98276,1,63.86,9.09,,
265538,P,2000-11-10,7370,8,61.31,3.57,,
265539,P,2001-03-16,27179,7,50.87,2.60,,
265540,P,2001-11-13,99101,4,38.06,2.14,,
265541,P,2000-07-11,65199,3,78.47,0.05,,
265542,P,2001-10-15,22423,8,69.75,3.70,,
265543,P,2001-03-09,71654,5,15.87,4.24,,
265544,P,2001-02-24,54044,8,32.06,3.51,,
265545,P,2002-05-31,8676,4,69.30,0.90,,
265546,P,2002-09-23,93785,8,60.17,5.43,,
265547,P,2000-01-15,21018,10,67.52,1.43,,
265548,P,2000-01-31,21311,9,37.11,9.47,,
265549,P,2002-03-29,77483,5,35.65,0.82,,
265550,P,2001-01-09,12123,9,35.15,6.73,,
265551,P,2002-03-18,49742,9,59.24,5.59,,
265552,P,2002-02-11,67386,8,60.39,3.51,,
265553,P,2000-12-05,23577,1,68.80,7.14,,
265554,P,2000-02-08,99725,8,54.02,4.81,,
265555,P,2002-03-09,41348,9,69.16,0.33,,
265556,P,2001-04-20,41051,1,67.38,8.17,,
265557,P,2002-08-15,89956,5,53.43,8.41,,
265558,P,2001-11-11,17639,9,34.63,9.19,,
265559,P,2000-05-30,71928,5,3.29,0.44,,
265560,P,2001-06-10,8907,6,31.92,9.86,,
265561,P,2002-04-11,14847,8,26.24,2.18,,
265562,P,2000-03-10,86872,10,11.86,0.57,,
265563,P,2002-05-24,12910,3,76.84,6.05,,
265564,P,2000-12-23,62673,8,53.53,7.65,,
265565,P,2002-04-30,7660,2,67.43,1.05,,
265566,P,2000-02-08,3960,5,49.28,7.70,,
265567,P,2001-07-30,68792,8,28.91,0.67,,
265568,P,2001-08-07,44823,9,65.58,2.90,,
265569,P,2000-03-28,43502,3,87.86,5.95,,
265570,P,2002-04-01,80006,5,13.81,2.18,,
265571,P,2002-04-05,45780,8,80.91,9.62,,
265572,P,2002-01-29,92255,7,71.38,9.25,,
265573,P,2000-11-06,760,2,44.73,3.61,,
265574,P,2001-10-09,24513,6,65.84,1.73,,
265575,P,2001-10-03,25072,1,82.33,1.10,,
265576,P,2001-02-03,32896,9,92.50,3.64,,
265577,P,2001-06-08,13086,4,85.71,2.32,,
265578,P,2001-12-17,55657,4,98.76,9.55,,
265579,P,2000-07-27,78118,9,29.56,6.20,,
265580,P,2001-05-15,51797,7,27.19,3.69,,
265581,P,2001-09-20,43569,2,68.82,1.71,,
265582,P,2000-02-28,87624,9,88.58,3.61,,
265583,P,2002-08-20,51453,7,88.88,6.86,,
265584,P,2002-03-14,95955,10,1.87,7.34,,
265585,P,2000-04-16,60491,3,32.61,9.00,,
265586,P,2001-06-05,27193,1,9.26,1.07,,
265587,P,2000-06-30,53588,8,17.39,5.81,,
265588,P,2001-10-10,50190,6,64.91,8.05,,
265589,P,2000-01-06,65722,3,9.85,0.73,,
265590,P,2001-06-26,81482,4,95.46,8.31,,
265591,P,2000-07-28,50988,7,75.11,9.10,,
265592,P,2001-06-12,6184,3,76.63,5.66,,
265593,P,2001-11-11,51934,4,31.91,1.91,,
265594,P,2001-11-23,99700,5,92.01,1.70,,
265595,P,2000-05-16,92590,6,26.95,6.65,,
265596,P,2000-06-09,55590,8,99.57,5.64,,
265597,P,2001-09-12,86908,9,19.89,9.81,,
265598,P,2000-06-20,65565,4,97.31,8.68,,
265599,P,2000-10-06,37159,2,84.83,1.88,,
265600,P,2001-10-16,44798,3,88.40,3.68,,
265601,P,2002-08-15,33368,8,89.54,7.39,,
265602,P,2001-12-21,56345,3,15.48,0.04,,
265603,P,2001-09-23,61198,5,55.18,5.74,,
265604,P,2000-08-24,10942,2,41.61,8.30,,
265605,P,2002-02-25,46965,4,12.42,1.18,,
265606,P,2000-02-16,71573,10,68.63,2.67,,
265607,P,2000-11-28,17195,3,62.73,8.61,,
265608,P,2002-05-26,11521,4,71.01,0.64,,
265609,P,2001-03-28,45884,1,6.55,0.05,,
265610,P,2000-12-11,69563,10,45.49,3.07,,
265611,P,2001-08-19,28051,5,0.62,5.99,,
265612,P,2002-04-28,5768,2,41.24,3.03,,
265613,P,2001-09-30,25925,5,82.15,7.49,,
265614,P,2001-05-04,13540,10,99.40,0.30,,
265615,P,2002-04-22,320,1,61.78,3.40,,
265616,P,2000-04-24,34091,4,52.72,4.48,,
265617,P,2002-01-21,53009,7,57.45,9.28,,
265618,P,2001-04-05,50956,1,38.60,2.99,,
265619,P,2001-08-14,92882,6,89.81,2.25,,
265620,P,2000-10-30,77496,7,33.17,9.10,,
265621,P,2001-12-01,23244,9,91.57,7.08,,
265622,P,2000-01-19,37754,6,45.95,9.14,,
265623,P,2000-08-23,14340,6,33.58,8.34,,
265624,P,2002-01-09,549,1,86.69,9.01,,
265625,P,2002-04-15,42465,9,32.84,5.09,,
265626,P,2002-01-06,92316,3,32.32,7.38,,
265627,P,2002-06-16,46931,10,63.16,5.36,,
265628,P,2002-04-28,77601,7,1.73,7.68,,
265629,P,2000-04-03,40338,8,35.37,5.20,,
265630,P,2000-11-01,67008,1,99.91,3.90,,
265631,P,2000-11-06,37518,4,21.25,9.39,,
265632,P,2000-02-08,28382,5,82.56,0.41,,
265633,P,2002-03-14,79125,9,70.74,3.41,,
265634,P,2001-01-12,1954,9,47.25,3.51,,
265635,P,2002-01-27,55287,1,41.68,1.58,,
265636,P,2001-06-15,81534,10,21.23,5.46,,
265637,P,2001-11-30,89402,2,43.68,4.82,,
265638,P,2001-11-28,32019,6,53.75,4.04,,
265639,P,2002-08-16,18375,10,96.91,8.73,,
265640,P,2001-07-03,24389,3,35.63,6.88,,
265641,P,2000-05-31,60645,2,90.16,9.87,,
265642,P,2001-03-25,96044,6,47.40,4.93,,
265643,P,2000-10-15,84273,6,97.15,5.96,,
265644,P,2002-03-18,96200,1,99.16,5.61,,
265645,P,2000-05-22,52266,10,52.81,2.78,,
265646,P,2000-09-25,13642,8,31.90,1.85,,
265647,P,2001-04-22,53859,2,37.95,4.94,,
265648,P,2000-09-29,43117,10,10.86,6.58,,
265649,P,2000-12-11,49494,1,21.26,5.06,,
265650,P,2000-06-13,40777,3,93.34,8.24,,
265651,P,2000-03-29,81181,6,60.49,2.59,,
265652,P,2001-09-17,61507,7,90.24,3.40,,
265653,P,2000-06-27,30706,8,63.74,5.94,,
265654,P,2000-06-19,15620,10,86.47,0.83,,
265655,P,2001-07-02,9315,3,88.10,8.63,,
265656,P,2000-10-16,236,8,24.37,9.80,,
265657,P,2001-10-29,74355,1,62.34,7.31,,
265658,P,2000-03-23,22466,3,60.80,0.36,,
265659,P,2001-07-24,35001,9,80.35,5.84,,
265660,P,2001-01-03,34792,2,14.27,3.34,,
265661,P,2001-11-01,14416,2,86.78,4.31,,
265662,P,2002-05-25,42098,2,83.80,6.40,,
265663,P,2002-09-04,33498,6,6.28,0.36,,
265664,P,2001-07-07,53193,4,88.26,2.15,,
265665,P,2002-02-03,9877,9,82.73,1.92,,
265666,P,2001-03-02,94777,10,52.23,2.39,,
265667,P,2001-08-29,32903,5,81.47,9.28,,
265668,P,2001-03-03,19715,6,22.41,7.84,,
265669,P,2000-06-24,93553,3,84.45,0.73,,
265670,P,2002-02-04,81172,2,71.01,6.97,,
265671,P,2002-06-14,69214,7,37.21,6.27,,
265672,P,2001-06-30,28434,10,40.08,5.20,,
265673,P,2002-07-26,58656,4,80.71,8.54,,
265674,P,2002-03-28,16937,9,50.73,4.64,,
265675,P,2002-07-30,52378,7,49.13,1.47,,
265676,P,2000-03-09,41239,5,61.55,8.03,,
265677,P,2000-04-22,93450,10,67.78,6.26,,
265678,P,2001-10-10,82936,9,30.39,9.87,,
265679,P,2001-08-21,90068,6,64.24,8.70,,
265680,P,2002-04-26,21666,3,40.35,1.94,,
265681,P,2002-04-15,92519,3,50.56,9.45,,
265682,P,2000-07-08,9263,1,79.59,5.55,,
265683,P,2002-01-27,38840,8,56.73,4.12,,
265684,P,2002-03-31,19486,1,67.20,1.17,,
265685,P,2001-10-11,62363,9,68.90,4.15,,
265686,P,2002-04-14,49498,7,7.50,2.66,,
265687,P,2002-08-19,6178,6,77.25,7.01,,
265688,P,2000-10-20,22093,6,18.37,1.38,,
265689,P,2000-06-23,20869,2,91.34,4.02,,
265690,P,2002-06-05,10338,10,95.41,5.30,,
265691,P,2000-08-05,68242,10,20.68,9.12,,
265692,P,2000-03-26,39472,1,83.10,6.56,,
265693,P,2000-08-07,52304,8,76.84,4.51,,
265694,P,2001-01-23,11740,2,35.21,8.32,,
265695,P,2001-08-01,97924,4,61.88,3.38,,
265696,P,2001-10-12,92417,2,79.07,6.06,,
265697,P,2000-03-12,93680,5,74.68,7.52,,
265698,P,2001-10-15,95610,5,7.57,0.08,,
265699,P,2002-05-13,51769,4,13.57,7.40,,
265700,P,2002-09-21,13200,10,9.32,0.06,,
265701,P,2001-11-18,19165,5,22.77,5.11,,
265702,P,2002-01-20,59835,6,74.95,3.66,,
265703,P,2001-07-07,65624,10,67.07,8.83,,
265704,P,2002-04-30,24848,7,43.97,4.05,,
265705,P,2000-09-27,18010,10,39.48,2.54,,
265706,P,2002-04-28,88925,7,10.15,6.29,,
265707,P,2000-07-02,46312,10,75.82,6.42,,
265708,P,2000-10-23,81433,1,10.42,7.80,,
265709,P,2000-04-30,74553,1,64.90,1.57,,
265710,P,2002-01-01,94981,9,94.80,1.06,,
265711,P,2001-02-21,43304,10,36.33,7.85,,
265712,P,2001-12-30,17840,1,3.77,9.49,,
265713,P,2000-09-11,78365,8,74.12,9.00,,
265714,P,2000-10-08,12778,8,13.85,0.97,,
265715,P,2002-09-22,83250,10,87.39,6.39,,
265716,P,2000-10-27,63306,6,28.39,2.54,,
265717,P,2001-11-09,71535,2,53.40,5.31,,
265718,P,2000-03-24,99020,1,3.01,8.40,,
265719,P,2001-06-08,86528,3,46.69,5.00,,
265720,P,2000-08-25,30749,4,67.58,6.37,,
265721,P,2002-03-20,36227,2,40.99,6.64,,
265722,P,2001-09-28,68745,3,21.26,4.25,,
265723,P,2001-06-09,60199,4,14.31,6.39,,
265724,P,2000-09-23,77359,9,41.80,0.40,,
265725,P,2001-02-28,99340,10,83.90,3.59,,
265726,P,2001-04-18,74810,6,61.35,4.79,,
265727,P,2001-06-25,97644,6,40.76,5.68,,
265728,P,2000-03-27,87993,7,70.60,3.82,,
265729,P,2000-06-14,60174,3,87.20,4.15,,
265730,P,2001-03-17,42383,3,62.84,8.67,,
265731,P,2002-02-02,17874,5,76.68,9.70,,
265732,P,2000-02-12,18318,7,19.49,5.45,,
265733,P,2002-01-26,67769,7,65.50,9.12,,
265734,P,2002-07-03,99908,6,58.35,9.97,,
265735,P,2000-06-02,60374,8,13.87,3.59,,
265736,P,2001-08-24,29363,7,61.80,1.34,,
265737,P,2001-08-08,56620,7,3.92,5.17,,
265738,P,2002-04-18,23483,10,7.34,9.84,,
265739,P,2001-01-30,63677,10,6.59,9.77,,
265740,P,2000-03-25,52448,9,35.98,8.51,,
265741,P,2001-05-01,95002,8,43.90,9.65,,
265742,P,2000-03-14,91320,7,11.22,0.81,,
265743,P,2002-07-10,5075,2,40.29,6.82,,
265744,P,2001-04-06,52895,6,65.57,0.62,,
265745,P,2001-05-29,55511,3,81.30,8.42,,
265746,P,2000-09-07,64887,8,23.40,7.13,,
265747,P,2002-05-30,74263,5,90.64,3.68,,
265748,P,2000-12-25,65852,5,22.84,0.80,,
265749,P,2001-01-26,21860,3,15.05,4.81,,
265750,P,2002-04-10,27159,8,83.42,5.28,,
265751,P,2000-01-28,31983,9,75.01,4.10,,
265752,P,2000-05-15,67373,5,57.65,8.02,,
265753,P,2001-08-12,86371,8,42.72,7.53,,
265754,P,2002-09-10,21632,10,83.33,9.53,,
265755,P,2001-07-31,67425,5,13.06,4.59,,
265756,P,2000-05-10,63392,5,13.29,3.18,,
265757,P,2001-11-12,27822,8,99.57,0.82,,
265758,P,2001-09-08,52884,3,51.80,4.44,,
265759,P,2002-05-19,87771,4,86.03,4.10,,
265760,P,2000-07-29,56909,6,6.44,6.59,,
265761,P,2002-03-05,34699,7,94.00,0.02,,
265762,P,2002-06-21,11063,1,1.19,5.27,,
265763,P,2001-08-23,91158,5,47.03,3.36,,
265764,P,2000-10-12,35060,6,20.87,9.15,,
265765,P,2002-04-13,52760,4,11.14,4.86,,
265766,P,2000-04-30,69498,3,59.62,3.13,,
265767,P,2000-08-13,68074,1,23.10,1.88,,
265768,P,2000-03-27,80297,7,75.13,6.41,,
265769,P,2002-01-03,36352,9,78.78,6.22,,
265770,P,2000-09-15,48452,10,13.00,9.86,,
265771,P,2000-10-29,43176,8,87.60,6.89,,
265772,P,2002-05-17,82735,9,15.73,2.86,,
265773,P,2000-10-10,54067,7,12.27,9.27,,
265774,P,2001-04-06,6179,2,91.53,8.09,,
265775,P,2002-02-21,1625,10,1.96,2.03,,
265776,P,2000-09-17,30097,7,24.39,6.53,,
265777,P,2001-01-23,70730,1,87.55,7.55,,
265778,P,2002-01-12,93947,4,90.38,9.89,,
265779,P,2000-02-06,8669,7,67.70,5.91,,
265780,P,2002-01-07,1789,3,45.57,7.20,,
265781,P,2000-11-21,31423,3,85.12,3.47,,
265782,P,2001-07-26,82763,6,87.47,3.29,,
265783,P,2000-10-20,70268,5,11.58,2.88,,
265784,P,2002-02-08,53637,7,8.67,1.86,,
265785,P,2000-04-28,21083,8,67.13,7.14,,
265786,P,2001-07-16,61592,5,23.13,9.30,,
265787,P,2001-11-02,57374,3,65.74,3.27,,
265788,P,2000-07-21,60740,7,23.93,0.08,,
265789,P,2001-12-04,94940,8,4.09,2.77,,
265790,P,2001-01-25,45477,3,95.40,0.35,,
265791,P,2002-09-19,24671,7,49.77,3.44,,
265792,P,2000-02-28,30878,2,19.15,0.44,,
265793,P,2001-02-01,13810,9,77.98,1.18,,
265794,P,2001-02-12,60630,4,60.95,4.96,,
265795,P,2000-08-03,96601,10,7.60,6.78,,
265796,P,2000-02-01,74010,5,30.88,8.46,,
265797,P,2002-07-31,17552,5,93.69,1.97,,
265798,P,2002-03-02,48746,4,14.66,5.55,,
265799,P,2002-03-31,82541,3,89.20,4.10,,
265800,P,2000-02-18,47969,7,83.78,6.95,,
265801,P,2000-01-02,1253,7,58.09,9.42,,
265802,P,2001-05-11,35112,10,95.03,1.81,,
265803,P,2002-07-24,77342,2,73.26,0.80,,
265804,P,2000-11-28,15677,6,18.40,2.11,,
265805,P,2000-11-16,90433,9,34.26,6.41,,
265806,P,2000-05-01,83908,5,35.45,0.29,,
265807,P,2001-09-17,23694,4,61.09,2.26,,
265808,P,2000-06-15,99827,3,65.80,3.34,,
265809,P,2002-04-10,15106,9,0.76,3.16,,
265810,P,2002-07-22,99146,4,14.17,0.52,,
265811,P,2000-11-17,96996,7,64.24,0.82,,
265812,P,2002-07-04,26460,10,45.31,3.74,,
265813,P,2000-03-27,694,9,69.59,3.96,,
265814,P,2000-06-15,8296,2,97.12,1.97,,
265815,P,2001-03-10,67947,6,10.65,8.70,,
265816,P,2000-12-09,49990,10,63.56,2.73,,
265817,P,2001-06-06,35917,8,29.16,9.60,,
265818,P,2001-09-06,83629,1,57.49,2.52,,
265819,P,2002-02-17,55480,7,96.96,7.19,,
265820,P,2001-05-08,6285,6,82.09,1.94,,
265821,P,2001-01-31,94920,8,72.21,3.07,,
265822,P,2001-12-05,86885,5,73.87,2.93,,
265823,P,2001-03-03,94167,9,15.29,0.52,,
265824,P,2000-07-22,67282,7,78.07,1.27,,
265825,P,2000-05-09,85492,6,30.84,0.28,,
265826,P,2000-06-09,93934,5,19.26,0.06,,
265827,P,2001-10-04,18871,7,61.53,4.00,,
265828,P,2002-05-31,44675,7,92.13,1.99,,
265829,P,2001-11-13,63685,9,38.79,3.41,,
265830,P,2002-05-29,79164,4,22.37,7.47,,
265831,P,2002-01-10,10495,8,52.75,6.17,,
265832,P,2000-03-28,96053,2,39.44,6.89,,
265833,P,2001-09-20,40343,5,79.19,4.79,,
265834,P,2001-01-28,33324,1,95.53,1.18,,
265835,P,2002-08-01,16300,1,18.87,3.83,,
265836,P,2001-09-23,3145,8,54.02,6.78,,
265837,P,2002-01-15,45622,9,78.55,9.22,,
265838,P,2001-11-03,60557,9,89.46,6.44,,
265839,P,2002-09-25,25886,5,24.72,5.84,,
265840,P,2000-07-03,52135,5,48.44,1.58,,
265841,P,2002-05-06,21346,9,61.12,6.19,,
265842,P,2000-03-01,32412,8,48.47,9.90,,
265843,P,2001-06-25,85333,2,35.26,8.63,,
265844,P,2001-04-09,29438,5,83.01,1.12,,
265845,P,2002-01-21,89444,1,60.32,7.26,,
265846,P,2001-03-27,61540,5,44.80,6.16,,
265847,P,2001-12-12,64140,2,29.59,6.26,,
265848,P,2000-06-10,7118,4,33.49,7.35,,
265849,P,2000-05-07,78307,1,63.28,3.22,,
265850,P,2000-11-03,12510,9,17.33,9.43,,
265851,P,2001-06-24,32011,4,94.16,7.24,,
265852,P,2001-03-05,97416,5,99.63,1.67,,
265853,P,2002-01-16,83977,5,25.15,3.32,,
265854,P,2001-05-30,66313,9,8.04,0.08,,
265855,P,2001-06-19,84238,5,94.90,1.72,,
265856,P,2000-12-10,7503,7,81.01,5.95,,
265857,P,2000-04-28,94777,9,53.06,6.00,,
265858,P,2000-06-09,42629,9,79.52,4.72,,
265859,P,2000-08-22,12366,5,65.90,8.10,,
265860,P,2000-04-15,35786,9,59.47,6.68,,
265861,P,2002-03-03,12467,4,27.46,6.51,,
265862,P,2002-03-09,13133,10,29.05,2.77,,
265863,P,2002-01-11,23347,7,69.33,8.09,,
265864,P,2002-03-09,15874,10,69.43,9.36,,
265865,P,2001-10-30,23328,1,37.68,5.19,,
265866,P,2000-05-16,97305,7,88.37,4.66,,
265867,P,2002-07-26,31673,7,72.87,3.36,,
265868,P,2002-09-20,27259,6,18.77,7.46,,
265869,P,2000-08-30,54265,10,81.12,8.80,,
265870,P,2000-09-07,26934,1,93.64,7.37,,
265871,P,2001-09-04,74465,3,85.96,3.69,,
265872,P,2002-04-26,71860,3,75.14,3.81,,
265873,P,2000-08-31,16703,9,0.87,6.14,,
265874,P,2001-01-25,90617,5,76.22,6.17,,
265875,P,2001-06-14,26692,9,34.33,2.29,,
265876,P,2001-04-29,94411,3,43.15,9.09,,
265877,P,2002-09-19,64412,2,44.89,4.81,,
265878,P,2002-08-14,32775,10,12.64,4.44,,
265879,P,2002-07-16,87397,3,68.93,9.82,,
265880,P,2000-12-18,75295,9,40.77,0.53,,
265881,P,2001-04-02,2124,6,64.14,5.64,,
265882,P,2001-10-22,58776,9,13.05,4.24,,
265883,P,2001-02-04,78897,9,83.03,1.70,,
265884,P,2001-04-28,54996,5,94.84,4.21,,
265885,P,2000-10-24,13209,1,37.92,8.30,,
265886,P,2000-09-30,16945,8,98.10,5.30,,
265887,P,2000-11-04,19895,9,64.02,2.40,,
265888,P,2001-04-27,48617,1,62.34,2.22,,
265889,P,2002-02-19,42876,9,23.17,9.33,,
265890,P,2001-10-12,95117,3,11.03,0.68,,
265891,P,2002-03-05,31024,4,34.49,1.15,,
265892,P,2001-02-26,96507,9,35.19,7.97,,
265893,P,2000-09-02,85782,6,51.56,2.70,,
265894,P,2000-07-28,2347,8,1.14,2.64,,
265895,P,2001-11-13,38706,5,52.17,7.32,,
265896,P,2000-06-03,32522,9,74.55,2.64,,
265897,P,2002-02-07,16522,8,53.61,7.09,,
265898,P,2001-03-23,93116,4,90.45,4.18,,
265899,P,2001-05-05,42001,2,27.09,4.20,,
265900,P,2002-06-07,72962,9,55.85,5.66,,
265901,P,2002-08-19,9737,2,81.74,1.19,,
265902,P,2001-07-17,2257,6,63.03,4.03,,
265903,P,2000-04-23,54407,7,98.02,1.02,,
265904,P,2001-04-20,45503,8,96.72,5.35,,
265905,P,2000-07-06,92014,9,3.41,5.60,,
265906,P,2000-12-11,88634,7,23.53,6.85,,
265907,P,2000-06-10,93526,9,43.32,9.99,,
265908,P,2000-06-12,83047,2,76.92,4.62,,
265909,P,2001-06-12,75327,5,45.98,4.10,,
265910,P,2000-11-22,87565,5,56.18,5.10,,
265911,P,2001-07-03,2291,8,45.01,5.08,,
265912,P,2000-02-18,42605,7,60.12,0.75,,
265913,P,2000-02-02,68388,3,60.65,8.94,,
265914,P,2001-05-11,49777,8,3.46,0.39,,
265915,P,2001-01-19,73302,3,13.37,2.42,,
265916,P,2001-12-31,92966,8,62.90,1.55,,
265917,P,2000-02-26,60445,1,20.14,4.24,,
265918,P,2002-01-18,65979,3,54.16,2.59,,
265919,P,2001-02-24,17256,5,59.79,4.93,,
265920,P,2002-02-25,83854,2,94.54,4.92,,
265921,P,2001-11-04,22153,8,62.47,3.27,,
265922,P,2001-05-11,97932,5,75.61,7.74,,
265923,P,2002-06-08,70715,1,97.50,2.26,,
265924,P,2002-07-15,49857,7,56.88,6.59,,
265925,P,2002-06-17,17083,1,38.60,1.15,,
265926,P,2000-10-08,6109,5,92.54,4.76,,
265927,P,2000-12-21,57156,1,23.72,6.37,,
265928,P,2002-03-25,74013,6,67.44,8.71,,
265929,P,2000-05-07,36702,10,29.59,8.21,,
265930,P,2001-04-02,64570,7,84.06,4.33,,
265931,P,2002-07-31,15771,7,89.53,7.21,,
265932,P,2000-03-02,26713,7,11.58,5.30,,
265933,P,2000-09-17,57421,5,92.49,9.53,,
265934,P,2000-11-17,47409,8,49.52,6.19,,
265935,P,2000-10-25,10943,5,96.27,1.58,,
265936,P,2002-09-09,17694,9,12.62,8.19,,
265937,P,2001-02-01,61261,8,67.22,2.18,,
265938,P,2001-10-02,45423,5,96.16,2.07,,
265939,P,2001-01-31,64231,10,61.45,5.21,,
265940,P,2000-07-15,24478,3,59.72,1.54,,
265941,P,2000-11-07,24441,8,47.52,7.87,,
265942,P,2002-03-09,82689,2,42.41,8.04,,
265943,P,2001-07-20,86406,10,89.44,7.48,,
265944,P,2000-03-14,42814,8,44.87,9.50,,
265945,P,2001-01-26,36308,3,29.12,7.07,,
265946,P,2002-05-31,82314,2,12.21,4.57,,
265947,P,2000-07-18,85125,8,1.87,2.80,,
265948,P,2000-09-27,27636,1,28.05,2.96,,
265949,P,2000-12-24,92885,4,24.71,4.81,,
265950,P,2002-03-17,98798,2,12.33,2.76,,
265951,P,2001-12-03,57315,1,92.22,6.89,,
265952,P,2001-06-04,37315,10,34.54,7.24,,
265953,P,2002-04-26,42288,7,41.41,6.97,,
265954,P,2000-09-30,74124,9,84.97,2.91,,
265955,P,2002-08-09,64549,1,3.99,2.63,,
265956,P,2002-03-06,98031,2,6.05,5.25,,
265957,P,2002-05-25,49775,1,96.64,7.88,,
265958,P,2000-01-06,30661,3,47.92,6.93,,
265959,P,2000-11-15,88928,5,6.54,3.09,,
265960,P,2002-09-06,71966,3,95.61,3.55,,
265961,P,2002-07-26,78044,9,33.13,2.08,,
265962,P,2001-12-09,2571,5,17.65,4.50,,
265963,P,2000-10-22,19239,6,21.58,8.98,,
265964,P,2000-12-23,6824,5,94.06,7.77,,
265965,P,2002-01-09,14598,1,54.24,9.53,,
265966,P,2001-08-21,61220,4,90.72,1.98,,
265967,P,2001-06-27,63581,8,40.20,7.03,,
265968,P,2000-03-13,68923,1,89.43,1.29,,
265969,P,2001-11-13,84025,2,11.62,4.88,,
265970,P,2001-04-19,18265,10,49.99,5.30,,
265971,P,2001-10-18,24485,3,9.84,5.63,,
265972,P,2001-07-15,98945,5,80.33,1.63,,
265973,P,2001-02-13,23130,9,53.85,1.97,,
265974,P,2001-07-02,1719,2,0.61,2.58,,
265975,P,2001-07-23,42688,4,27.56,2.03,,
265976,P,2001-09-03,3061,6,14.41,6.46,,
265977,P,2002-03-20,85669,1,50.06,7.51,,
265978,P,2002-03-12,23974,3,56.42,5.17,,
265979,P,2000-07-01,57428,5,47.30,5.14,,
265980,P,2000-12-19,60537,4,56.06,5.11,,
265981,P,2001-04-17,95670,4,72.08,5.26,,
265982,P,2001-10-15,65532,7,26.27,4.83,,
265983,P,2001-09-09,56018,1,57.29,7.19,,
265984,P,2001-11-20,97695,8,89.28,8.11,,
265985,P,2002-01-23,66147,2,18.16,2.80,,
265986,P,2001-08-31,45271,8,79.89,9.48,,
265987,P,2000-02-18,48802,4,69.30,8.76,,
265988,P,2001-01-26,79199,4,50.46,9.43,,
265989,P,2000-06-14,62635,3,85.13,2.89,,
265990,P,2002-09-23,81269,6,48.44,0.71,,
265991,P,2000-08-24,94627,9,30.88,9.42,,
265992,P,2002-08-04,39117,8,40.92,6.58,,
265993,P,2000-12-05,70805,5,49.66,9.07,,
265994,P,2002-02-24,83425,1,21.23,0.83,,
265995,P,2002-05-31,19169,1,78.06,8.61,,
265996,P,2001-10-28,49347,2,83.35,6.96,,
265997,P,2001-06-03,71235,3,4.73,8.45,,
265998,P,2001-12-05,81335,9,45.12,9.43,,
265999,P,2002-06-10,7980,6,81.57,5.29,,
266000,P,2000-03-18,73997,4,20.04,0.30,,
266001,P,2002-09-21,45056,5,5.18,3.88,,
266002,P,2000-11-13,51477,2,7.85,3.53,,
266003,P,2000-03-28,28952,5,10.86,4.78,,
266004,P,2002-04-11,19815,2,85.85,2.40,,
266005,P,2002-04-17,68754,9,72.68,1.30,,
266006,P,2002-07-17,46033,2,78.06,9.13,,
266007,P,2002-02-25,57910,7,32.61,3.83,,
266008,P,2000-12-28,44383,2,66.09,5.93,,
266009,P,2000-03-14,43047,4,70.94,5.26,,
266010,P,2002-09-04,75036,6,21.19,8.86,,
266011,P,2000-03-20,34735,5,8.48,0.27,,
266012,P,2000-08-15,48585,3,46.10,9.89,,
266013,P,2002-07-29,81506,8,93.64,5.24,,
266014,P,2001-05-20,72978,10,55.59,9.78,,
266015,P,2000-04-14,41571,1,41.19,7.57,,
266016,P,2000-12-04,87994,10,97.04,7.80,,
266017,P,2002-08-31,34191,5,95.36,3.54,,
266018,P,2000-05-14,37371,1,90.78,7.25,,
266019,P,2002-07-09,29502,5,35.04,7.29,,
266020,P,2000-12-11,10723,4,3.96,8.58,,
266021,P,2002-08-25,89213,1,68.50,2.00,,
266022,P,2002-09-17,49363,3,83.77,4.59,,
266023,P,2002-08-19,93286,10,81.16,9.28,,
266024,P,2000-11-08,4954,5,4.66,2.04,,
266025,P,2000-08-19,62918,10,29.44,1.50,,
266026,P,2002-02-12,70386,7,29.29,5.51,,
266027,P,2000-08-27,53715,9,14.39,0.85,,
266028,P,2000-10-16,22150,5,3.83,9.07,,
266029,P,2002-09-13,35504,7,87.12,5.12,,
266030,P,2002-01-12,98211,7,52.67,3.33,,
266031,P,2001-11-25,43219,9,14.77,2.05,,
266032,P,2001-05-29,75794,1,62.03,6.14,,
266033,P,2000-03-28,78353,7,96.17,0.71,,
266034,P,2001-09-19,59004,1,55.37,9.82,,
266035,P,2001-08-21,21449,1,17.62,4.08,,
266036,P,2000-05-30,5998,2,41.53,7.12,,
266037,P,2001-11-21,48207,8,91.07,5.15,,
266038,P,2001-05-22,45098,4,5.32,8.47,,
266039,P,2001-12-02,86449,10,85.99,9.96,,
266040,P,2000-10-20,64928,7,77.36,6.55,,
266041,P,2001-02-04,86645,9,44.79,8.19,,
266042,P,2002-03-12,22912,3,74.10,6.09,,
266043,P,2001-12-05,43171,7,38.70,1.79,,
266044,P,2002-06-27,17458,9,23.21,8.77,,
266045,P,2001-10-18,86385,7,46.63,2.21,,
266046,P,2001-05-04,86688,5,86.45,0.29,,
266047,P,2002-06-18,2951,1,67.91,4.59,,
266048,P,2001-10-23,8380,4,80.69,8.45,,
266049,P,2001-04-24,38449,6,14.27,5.97,,
266050,P,2000-09-04,31069,10,46.01,8.70,,
266051,P,2001-12-06,66766,4,78.15,3.96,,
266052,P,2001-07-02,4227,6,17.74,3.34,,
266053,P,2000-01-20,43587,7,33.61,1.13,,
266054,P,2001-06-12,38615,10,44.87,2.20,,
266055,P,2000-11-05,46648,9,16.44,3.34,,
266056,P,2001-10-20,78028,10,43.25,2.47,,
266057,P,2002-05-29,41214,8,27.97,9.43,,
266058,P,2000-10-26,92780,1,16.39,9.28,,
266059,P,2001-07-02,37577,6,43.48,2.80,,
266060,P,2002-06-09,89619,7,57.25,9.13,,
266061,P,2000-12-16,70592,10,98.96,2.03,,
266062,P,2002-02-21,21907,8,14.60,0.71,,
266063,P,2001-11-04,75164,5,81.50,5.45,,
266064,P,2001-07-26,88715,8,33.08,9.75,,
266065,P,2000-06-18,85811,5,37.33,0.97,,
266066,P,2001-10-05,77979,6,10.28,4.00,,
266067,P,2002-07-03,50417,3,91.32,1.35,,
266068,P,2000-10-13,15894,5,34.22,7.90,,
266069,P,2002-06-05,65146,2,2.84,2.31,,
266070,P,2000-05-12,17347,1,59.93,0.93,,
266071,P,2000-02-26,9840,4,84.32,9.81,,
266072,P,2000-04-22,14868,1,99.49,8.81,,
266073,P,2002-03-15,17855,10,69.48,3.04,,
266074,P,2001-09-28,82279,3,34.40,6.49,,
266075,P,2002-07-18,53527,6,92.05,3.56,,
266076,P,2001-05-02,60836,6,47.06,3.31,,
266077,P,2001-04-01,12461,5,20.36,9.36,,
266078,P,2001-10-19,25001,1,8.83,1.27,,
266079,P,2002-02-14,23218,4,73.95,3.76,,
266080,P,2000-12-23,114,5,66.50,5.54,,
266081,P,2000-10-03,22366,2,89.09,8.82,,
266082,P,2000-01-07,47189,1,37.15,9.91,,
266083,P,2001-06-05,66198,10,16.71,3.41,,
266084,P,2002-05-31,17182,6,69.18,5.14,,
266085,P,2002-04-01,14853,6,72.73,1.94,,
266086,P,2001-03-22,64149,5,53.44,3.62,,
266087,P,2000-08-26,4715,8,21.99,4.98,,
266088,P,2000-10-03,21504,10,27.57,2.13,,
266089,P,2001-08-25,41396,8,61.88,3.52,,
266090,P,2002-04-06,70191,6,52.23,0.34,,
266091,P,2001-10-21,55058,1,31.55,5.25,,
266092,P,2001-10-19,22967,9,18.89,3.37,,
266093,P,2000-12-26,64468,2,25.47,7.51,,
266094,P,2001-08-10,50166,9,17.46,9.36,,
266095,P,2000-04-06,49734,10,21.63,1.21,,
266096,P,2001-11-01,70441,7,52.95,0.71,,
266097,P,2001-05-12,12621,9,55.65,1.27,,
266098,P,2002-05-28,7740,8,19.73,7.93,,
266099,P,2002-03-06,83277,9,71.38,6.31,,
266100,P,2001-10-29,71238,7,26.60,9.89,,
266101,P,2000-08-05,74798,5,63.47,4.41,,
266102,P,2000-10-11,81805,5,64.88,7.19,,
266103,P,2002-03-02,21610,6,0.69,4.50,,
266104,P,2001-03-19,29167,7,47.69,2.49,,
266105,P,2001-01-02,71011,8,48.96,1.63,,
266106,P,2001-09-18,15982,7,64.84,0.27,,
266107,P,2002-03-06,66564,5,60.14,6.74,,
266108,P,2000-05-22,92336,4,12.11,9.21,,
266109,P,2001-12-24,49217,7,33.85,0.50,,
266110,P,2001-06-30,40810,7,25.07,1.40,,
266111,P,2000-08-02,82086,7,26.49,0.64,,
266112,P,2001-12-27,3195,9,85.75,1.06,,
266113,P,2002-07-10,87594,10,24.52,8.98,,
266114,P,2002-07-03,90490,4,37.99,0.44,,
266115,P,2000-01-14,92450,3,34.11,4.35,,
266116,P,2002-01-29,79805,9,9.49,8.68,,
266117,P,2001-06-09,89529,10,97.57,3.68,,
266118,P,2000-05-06,90432,10,52.20,2.19,,
266119,P,2000-03-05,53602,6,45.68,0.20,,
266120,P,2002-05-22,1545,9,6.69,2.18,,
266121,P,2001-03-02,8326,6,48.97,4.15,,
266122,P,2002-09-09,80828,4,97.86,0.20,,
266123,P,2002-08-21,83552,9,35.30,1.13,,
266124,P,2002-08-01,73747,2,16.19,6.47,,
266125,P,2001-05-16,15989,3,2.91,1.47,,
266126,P,2000-04-24,22007,1,44.93,6.41,,
266127,P,2000-10-29,35664,9,56.79,7.91,,
266128,P,2001-08-11,23083,9,35.91,6.72,,
266129,P,2000-10-01,39623,7,36.72,2.46,,
266130,P,2000-04-08,61175,7,71.56,6.03,,
266131,P,2000-04-05,33401,10,29.12,9.10,,
266132,P,2000-10-13,68675,7,50.91,8.76,,
266133,P,2000-03-02,67019,7,13.50,3.27,,
266134,P,2000-10-31,35244,7,23.71,7.58,,
266135,P,2002-01-11,62377,6,3.11,4.39,,
266136,P,2000-06-01,59397,10,29.94,1.58,,
266137,P,2001-10-23,95362,5,45.37,2.43,,
266138,P,2000-08-26,24204,3,5.65,1.96,,
266139,P,2002-01-07,53989,3,5.30,4.88,,
266140,P,2001-07-09,23056,10,60.04,7.89,,
266141,P,2000-10-25,32267,3,45.83,0.01,,
266142,P,2000-01-11,89812,1,81.10,6.14,,
266143,P,2001-06-10,91747,9,55.91,3.75,,
266144,P,2000-01-18,90683,4,30.62,6.24,,
266145,P,2000-01-27,82502,5,19.80,2.06,,
266146,P,2001-01-08,86145,4,2.16,3.52,,
266147,P,2002-04-01,274,6,82.12,2.06,,
266148,P,2001-03-11,28290,1,21.21,7.62,,
266149,P,2001-07-23,33711,1,70.44,9.27,,
266150,P,2002-02-12,65334,7,11.13,8.71,,
266151,P,2002-07-25,44896,4,30.91,2.38,,
266152,P,2001-04-05,45781,2,47.66,1.90,,
266153,P,2001-09-16,27760,9,5.26,1.61,,
266154,P,2001-01-10,76789,2,7.71,6.75,,
266155,P,2002-09-24,74223,9,85.37,9.36,,
266156,P,2000-01-04,83549,7,24.36,6.06,,
266157,P,2000-02-29,1649,1,89.27,0.53,,
266158,P,2001-03-22,23569,10,91.33,8.98,,
266159,P,2000-04-25,87361,6,90.14,1.57,,
266160,P,2000-04-13,34591,10,78.35,7.19,,
266161,P,2002-07-02,30547,7,0.72,6.68,,
266162,P,2001-01-19,88976,5,36.29,4.87,,
266163,P,2001-04-23,99083,6,66.61,4.89,,
266164,P,2001-11-16,73021,3,85.27,9.52,,
266165,P,2000-02-18,25244,3,66.64,0.08,,
266166,P,2002-05-23,51787,9,29.33,4.29,,
266167,P,2002-08-24,95443,9,70.92,3.97,,
266168,P,2000-10-09,36302,3,25.54,3.06,,
266169,P,2000-08-05,55684,3,2.90,1.68,,
266170,P,2002-05-02,17105,9,1.66,2.52,,
266171,P,2001-03-29,84714,1,15.84,3.98,,
266172,P,2002-07-25,73254,10,95.03,5.05,,
266173,P,2002-08-23,94227,4,41.81,6.01,,
266174,P,2000-06-11,53113,5,53.41,6.71,,
266175,P,2002-05-21,43830,9,72.48,1.84,,
266176,P,2001-07-04,69902,10,10.98,0.83,,
266177,P,2000-11-30,47338,6,64.48,5.67,,
266178,P,2001-06-11,86217,6,14.96,4.78,,
266179,P,2000-09-18,53389,3,2.18,4.09,,
266180,P,2001-12-09,10982,3,13.26,1.99,,
266181,P,2002-05-12,41992,1,76.78,2.75,,
266182,P,2001-02-06,43994,8,70.24,8.98,,
266183,P,2002-05-29,1495,3,30.10,3.78,,
266184,P,2000-10-04,72916,3,0.33,9.70,,
266185,P,2001-02-10,58158,3,49.24,1.24,,
266186,P,2001-12-22,34635,10,54.58,2.53,,
266187,P,2001-10-30,67835,7,81.51,8.48,,
266188,P,2001-08-04,21506,3,14.62,1.39,,
266189,P,2002-02-20,77429,4,42.72,2.34,,
266190,P,2002-07-18,98020,10,65.83,6.84,,
266191,P,2000-02-11,80357,1,7.27,2.82,,
266192,P,2002-01-10,64414,5,51.38,1.37,,
266193,P,2000-06-26,91033,8,56.88,5.64,,
266194,P,2000-09-21,65005,1,0.80,9.04,,
266195,P,2001-10-07,23818,2,97.21,9.78,,
266196,P,2001-10-31,60921,9,24.43,0.30,,
266197,P,2001-04-28,7681,5,46.85,9.43,,
266198,P,2001-06-06,71431,2,21.25,3.12,,
266199,P,2000-05-06,30034,1,56.72,5.98,,
266200,P,2000-05-06,20202,10,96.17,7.38,,
266201,P,2000-08-22,55470,6,5.44,1.40,,
266202,P,2002-01-29,86917,2,61.45,8.64,,
266203,P,2001-08-06,48395,7,36.33,1.19,,
266204,P,2002-07-21,88666,4,2.62,4.95,,
266205,P,2000-08-07,35262,9,64.60,3.99,,
266206,P,2001-10-02,62716,1,22.46,3.25,,
266207,P,2002-09-21,42468,1,66.95,3.51,,
266208,P,2000-05-06,46652,5,54.25,7.21,,
266209,P,2001-08-05,524,3,67.42,6.54,,
266210,P,2002-05-26,12006,10,67.54,1.67,,
266211,P,2000-10-05,82740,4,59.78,2.89,,
266212,P,2001-08-11,77909,7,17.54,7.18,,
266213,P,2001-01-15,85597,6,71.08,7.74,,
266214,P,2000-04-26,54421,5,71.23,5.47,,
266215,P,2000-08-12,98877,10,47.65,7.26,,
266216,P,2001-05-18,83899,10,1.99,0.76,,
266217,P,2002-09-20,75605,6,77.64,1.21,,
266218,P,2000-05-20,7811,8,49.94,0.53,,
266219,P,2000-09-12,8009,3,66.16,2.27,,
266220,P,2002-05-12,64496,10,74.44,3.99,,
266221,P,2000-10-26,65682,8,91.14,6.55,,
266222,P,2000-06-21,52738,9,2.53,0.73,,
266223,P,2002-08-25,34315,3,29.31,0.79,,
266224,P,2002-08-06,59836,9,83.40,2.11,,
266225,P,2002-02-03,23596,2,21.37,3.41,,
266226,P,2000-01-01,8992,6,46.02,1.11,,
266227,P,2001-03-13,1723,7,0.85,3.36,,
266228,P,2001-08-12,17838,5,37.02,7.63,,
266229,P,2000-01-31,34891,5,11.44,3.51,,
266230,P,2001-04-29,83449,3,16.67,5.06,,
266231,P,2002-05-20,9437,7,43.29,4.93,,
266232,P,2000-02-07,70434,2,84.00,7.79,,
266233,P,2000-11-18,60231,2,39.64,1.25,,
266234,P,2002-02-02,8544,9,97.00,6.35,,
266235,P,2001-04-17,13569,8,58.28,2.61,,
266236,P,2000-03-22,92748,7,36.83,2.84,,
266237,P,2001-01-28,37801,7,16.81,0.73,,
266238,P,2001-12-28,1772,4,75.83,7.45,,
266239,P,2001-05-29,13410,1,19.44,7.97,,
266240,P,2000-12-29,11864,10,13.97,2.54,,
266241,P,2001-10-20,71709,2,7.50,2.55,,
266242,P,2002-08-21,94029,8,26.35,9.38,,
266243,P,2000-05-30,65497,2,33.12,5.57,,
266244,P,2000-03-15,90492,2,67.18,8.26,,
266245,P,2000-06-12,75345,10,97.43,3.06,,
266246,P,2002-02-01,68577,8,31.11,5.19,,
266247,P,2002-04-12,81775,6,74.53,9.08,,
266248,P,2000-10-26,32959,3,16.13,2.63,,
266249,P,2000-08-25,54841,10,66.76,8.65,,
266250,P,2002-05-25,52537,7,41.73,4.79,,
266251,P,2001-03-31,32605,10,65.18,6.01,,
266252,P,2001-12-26,49913,7,26.42,5.72,,
266253,P,2002-09-25,21831,4,13.91,0.80,,
266254,P,2000-02-12,99315,4,13.76,9.04,,
266255,P,2001-09-29,99927,3,27.96,0.32,,
266256,P,2001-09-01,32098,8,27.66,6.45,,
266257,P,2001-07-11,2021,9,15.77,4.03,,
266258,P,2001-10-06,89095,5,45.07,8.58,,
266259,P,2000-06-25,5453,8,77.97,5.32,,
266260,P,2001-12-08,8217,7,93.92,5.47,,
266261,P,2001-01-13,42683,2,98.62,5.59,,
266262,P,2000-10-12,97664,10,83.27,6.82,,
266263,P,2000-03-21,53620,7,89.56,5.11,,
266264,P,2002-01-02,1726,2,57.74,7.90,,
266265,P,2002-02-08,87189,5,11.57,9.97,,
266266,P,2000-08-07,14194,4,80.81,1.96,,
266267,P,2000-12-14,90451,1,39.35,8.08,,
266268,P,2000-05-06,6589,7,70.78,1.56,,
266269,P,2000-09-09,95058,1,51.85,0.96,,
266270,P,2000-03-20,28473,1,27.00,2.74,,
266271,P,2001-04-21,35600,7,82.70,9.36,,
266272,P,2001-12-06,15747,2,1.23,8.38,,
266273,P,2000-04-07,71136,1,10.51,8.61,,
266274,P,2001-06-09,23986,3,61.30,2.13,,
266275,P,2000-05-31,44564,5,56.41,6.78,,
266276,P,2001-07-22,25448,2,55.16,1.79,,
266277,P,2001-10-16,56934,6,35.52,8.61,,
266278,P,2000-07-27,93971,10,87.77,2.57,,
266279,P,2001-11-07,37494,6,44.54,1.97,,
266280,P,2001-12-05,37411,3,25.22,9.32,,
266281,P,2001-10-23,25143,4,63.52,5.50,,
266282,P,2000-07-24,94689,6,13.99,0.04,,
266283,P,2001-01-12,35628,10,64.62,5.33,,
266284,P,2001-11-02,7279,3,9.84,8.76,,
266285,P,2000-05-16,43434,9,64.95,1.32,,
266286,P,2001-08-25,8435,1,34.49,5.42,,
266287,P,2000-01-31,79029,4,14.45,5.82,,
266288,P,2002-02-09,66391,7,38.19,0.87,,
266289,P,2000-11-05,7912,3,88.25,4.20,,
266290,P,2000-02-05,73731,1,6.08,9.70,,
266291,P,2000-07-23,43918,6,39.46,6.09,,
266292,P,2000-01-20,21420,6,43.10,0.82,,
266293,P,2001-01-26,29361,10,28.13,8.15,,
266294,P,2001-12-14,77221,1,7.96,7.25,,
266295,P,2000-03-21,5328,1,23.67,5.54,,
266296,P,2001-01-07,39629,10,10.84,9.96,,
266297,P,2000-03-27,76875,1,73.18,6.48,,
266298,P,2001-02-02,60407,5,85.45,5.70,,
266299,P,2002-05-14,56428,10,36.67,2.21,,
266300,P,2001-06-25,16534,10,14.47,2.12,,
266301,P,2001-12-12,75366,2,89.67,7.00,,
266302,P,2000-04-24,64126,5,92.36,7.44,,
266303,P,2001-04-19,88895,6,17.68,1.83,,
266304,P,2001-11-02,99213,10,73.49,5.37,,
266305,P,2001-04-11,1236,1,25.25,9.92,,
266306,P,2001-04-05,69077,3,57.20,1.16,,
266307,P,2001-10-02,57306,2,0.22,7.19,,
266308,P,2001-04-16,72900,6,14.97,1.91,,
266309,P,2001-08-28,3407,9,65.49,8.40,,
266310,P,2000-04-01,33789,3,55.31,5.51,,
266311,P,2001-01-26,35049,8,34.23,5.18,,
266312,P,2002-05-03,65311,9,89.94,8.18,,
266313,P,2001-03-21,60136,9,55.26,3.46,,
266314,P,2002-01-23,80210,7,39.63,6.15,,
266315,P,2002-03-29,82034,9,31.18,4.31,,
266316,P,2002-05-22,91878,4,46.76,2.20,,
266317,P,2000-05-29,45931,5,2.59,1.83,,
266318,P,2000-04-23,50712,10,44.32,5.48,,
266319,P,2002-03-26,75904,5,83.57,0.42,,
266320,P,2002-08-16,68330,5,26.82,5.63,,
266321,P,2000-04-23,95843,2,89.84,2.96,,
266322,P,2001-10-26,60077,1,19.55,3.12,,
266323,P,2001-01-05,75714,8,19.40,4.01,,
266324,P,2001-10-11,33798,10,10.83,6.87,,
266325,P,2000-10-11,60274,10,43.98,6.27,,
266326,P,2000-12-15,76906,8,88.96,5.14,,
266327,P,2002-03-09,28085,7,63.60,9.76,,
266328,P,2002-04-20,27899,9,14.28,1.52,,
266329,P,2001-08-04,12034,1,89.45,4.33,,
266330,P,2001-04-19,59272,7,95.03,0.53,,
266331,P,2002-08-09,30684,3,11.85,7.61,,
266332,P,2001-01-01,19292,10,61.41,9.13,,
266333,P,2002-05-06,48526,4,99.94,3.72,,
266334,P,2000-05-06,26218,2,18.99,4.61,,
266335,P,2001-10-01,23073,7,43.00,2.14,,
266336,P,2000-08-13,24785,1,3.97,0.84,,
266337,P,2001-07-09,493,4,67.30,1.11,,
266338,P,2002-04-21,48943,7,71.26,2.91,,
266339,P,2001-02-22,41775,6,92.37,0.48,,
266340,P,2001-04-21,50189,2,45.38,5.54,,
266341,P,2000-08-27,70099,2,83.30,3.03,,
266342,P,2000-05-16,16876,7,43.56,2.00,,
266343,P,2001-10-19,98674,8,23.04,8.21,,
266344,P,2001-12-17,44342,2,34.07,1.29,,
266345,P,2000-07-13,89163,5,62.60,5.17,,
266346,P,2002-09-01,64804,7,32.82,6.12,,
266347,P,2001-07-09,31948,9,36.31,4.53,,
266348,P,2000-09-09,63709,9,93.41,6.92,,
266349,P,2000-07-28,9259,8,76.76,7.91,,
266350,P,2002-02-22,6843,10,90.57,2.85,,
266351,P,2001-06-20,4682,9,7.09,3.30,,
266352,P,2001-09-17,88416,4,5.78,3.08,,
266353,P,2001-01-12,34006,7,67.12,9.88,,
266354,P,2002-04-18,56495,10,52.02,6.63,,
266355,P,2002-04-17,32211,9,23.73,0.92,,
266356,P,2000-11-02,42919,9,33.97,2.98,,
266357,P,2000-12-17,45664,7,18.68,1.21,,
266358,P,2002-07-04,81014,1,27.76,3.87,,
266359,P,2000-12-20,57127,10,69.47,0.24,,
266360,P,2000-12-02,67966,8,15.59,2.46,,
266361,P,2001-08-17,6970,8,18.99,4.65,,
266362,P,2001-12-08,63121,6,75.48,0.88,,
266363,P,2000-02-05,60467,4,42.43,0.55,,
266364,P,2000-03-27,30716,2,62.21,7.89,,
266365,P,2001-09-22,98701,1,22.48,0.02,,
266366,P,2002-01-27,7193,2,79.70,8.62,,
266367,P,2000-03-14,4306,7,55.30,1.22,,
266368,P,2000-06-14,97610,10,59.46,8.64,,
266369,P,2001-04-15,77359,2,84.27,5.04,,
266370,P,2000-09-11,74104,5,51.89,6.00,,
266371,P,2001-09-21,7899,10,32.10,9.32,,
266372,P,2001-03-27,60294,4,33.76,7.59,,
266373,P,2001-02-19,47146,4,29.99,0.91,,
266374,P,2001-04-25,99190,10,8.91,9.06,,
266375,P,2001-01-30,44572,4,26.01,5.99,,
266376,P,2000-12-20,94824,4,17.05,7.72,,
266377,P,2001-03-19,95945,9,27.51,7.60,,
266378,P,2000-05-03,99343,3,22.27,4.10,,
266379,P,2001-02-28,58469,9,67.12,3.46,,
266380,P,2002-08-21,75517,9,96.45,9.52,,
266381,P,2000-08-24,60182,2,43.68,2.52,,
266382,P,2000-02-19,54753,2,14.48,3.31,,
266383,P,2000-02-06,53690,6,84.39,5.57,,
266384,P,2000-07-01,24223,9,9.99,5.80,,
266385,P,2000-08-27,68046,8,37.66,7.87,,
266386,P,2000-11-02,98305,8,55.87,6.31,,
266387,P,2002-09-18,34231,8,8.43,1.01,,
266388,P,2002-03-11,85473,2,20.38,9.00,,
266389,P,2001-01-07,67943,6,70.82,0.02,,
266390,P,2000-09-23,61599,1,40.24,0.31,,
266391,P,2002-03-03,83312,6,65.32,0.97,,
266392,P,2000-03-11,24864,8,77.78,9.58,,
266393,P,2002-09-24,61715,5,26.15,0.46,,
266394,P,2001-09-29,71918,8,88.97,4.06,,
266395,P,2002-06-28,73583,4,39.83,5.94,,
266396,P,2002-06-23,3345,7,13.32,0.18,,
266397,P,2001-12-30,50136,6,41.19,8.68,,
266398,P,2001-07-24,24924,6,35.53,4.95,,
266399,P,2002-07-10,32825,6,20.70,0.92,,
266400,P,2000-11-15,84650,4,75.29,5.19,,
266401,P,2001-07-13,38606,3,89.14,9.67,,
266402,P,2001-09-29,13513,3,80.55,6.78,,
266403,P,2001-08-13,97110,3,32.33,3.11,,
266404,P,2002-06-03,43850,8,96.12,4.64,,
266405,P,2001-01-05,51224,5,51.63,3.61,,
266406,P,2000-02-18,31580,6,40.30,5.94,,
266407,P,2001-03-17,39113,7,16.49,7.04,,
266408,P,2002-09-06,77477,1,90.01,8.48,,
266409,P,2001-03-24,16527,4,21.52,7.16,,
266410,P,2001-05-13,65481,1,67.34,5.90,,
266411,P,2001-05-28,61763,1,6.80,3.53,,
266412,P,2000-08-25,53578,3,9.25,2.67,,
266413,P,2001-05-23,11779,10,44.38,4.01,,
266414,P,2001-05-17,45373,5,79.45,0.91,,
266415,P,2001-06-30,14675,1,82.61,9.66,,
266416,P,2001-10-18,28296,6,6.85,2.47,,
266417,P,2001-04-25,96716,9,8.81,7.86,,
266418,P,2002-05-29,65606,10,66.20,9.27,,
266419,P,2001-01-07,17020,8,67.93,7.55,,
266420,P,2001-12-04,8623,10,31.03,7.54,,
266421,P,2001-03-18,70060,9,75.76,6.38,,
266422,P,2001-03-23,39810,10,55.43,4.80,,
266423,P,2000-08-24,62414,8,17.26,0.81,,
266424,P,2001-07-10,17949,1,40.36,1.31,,
266425,P,2002-08-18,993,10,10.33,5.75,,
266426,P,2000-08-02,14428,4,4.86,2.72,,
266427,P,2000-11-18,25092,8,28.27,9.68,,
266428,P,2002-06-06,22373,9,97.52,6.54,,
266429,P,2000-02-14,72789,7,96.65,9.18,,
266430,P,2000-09-21,87001,1,80.89,5.67,,
266431,P,2001-12-02,22220,5,85.75,1.28,,
266432,P,2000-02-05,5722,6,56.01,0.69,,
266433,P,2002-05-10,68031,3,78.10,2.96,,
266434,P,2002-07-15,39280,1,35.87,8.13,,
266435,P,2000-08-28,93157,5,96.89,8.44,,
266436,P,2001-05-23,57481,9,42.81,0.92,,
266437,P,2001-01-25,7943,1,29.05,3.07,,
266438,P,2002-08-21,33245,7,86.11,2.19,,
266439,P,2000-07-01,92943,7,71.32,0.02,,
266440,P,2001-05-21,51332,6,47.75,0.52,,
266441,P,2000-07-26,80817,7,57.01,8.01,,
266442,P,2001-04-10,69811,7,75.72,8.71,,
266443,P,2000-08-01,25182,5,2.27,2.96,,
266444,P,2000-10-06,8472,3,70.13,8.78,,
266445,P,2002-05-22,46320,3,60.26,9.05,,
266446,P,2002-01-13,86367,2,84.50,9.73,,
266447,P,2000-09-16,66432,10,24.71,3.28,,
266448,P,2000-12-30,86557,1,78.52,5.86,,
266449,P,2001-08-16,47964,2,83.00,6.06,,
266450,P,2000-11-09,73959,2,57.77,1.10,,
266451,P,2000-03-19,44059,3,3.48,7.47,,
266452,P,2001-02-14,87926,9,50.44,3.34,,
266453,P,2000-11-05,42761,7,88.65,1.43,,
266454,P,2001-05-25,21268,8,61.79,6.84,,
266455,P,2000-08-30,42019,3,27.53,1.13,,
266456,P,2001-12-31,48677,7,78.77,9.55,,
266457,P,2000-10-21,18690,2,91.88,8.42,,
266458,P,2001-07-04,28869,8,61.46,5.85,,
266459,P,2001-01-20,3541,5,93.16,1.08,,
266460,P,2002-02-07,60509,10,4.15,8.05,,
266461,P,2000-08-07,96414,6,18.15,7.91,,
266462,P,2000-12-13,7409,9,87.68,5.27,,
266463,P,2000-03-10,277,6,20.60,5.39,,
266464,P,2000-07-25,14903,6,16.25,9.20,,
266465,P,2000-11-04,26293,9,71.82,0.44,,
266466,P,2002-06-30,33733,2,55.17,8.12,,
266467,P,2000-01-02,57172,3,69.14,7.37,,
266468,P,2002-08-01,20640,2,24.23,2.95,,
266469,P,2002-05-03,51826,4,0.55,7.38,,
266470,P,2000-11-23,8977,3,85.04,9.03,,
266471,P,2001-06-13,25645,3,66.33,0.59,,
266472,P,2000-02-22,29650,7,22.40,4.32,,
266473,P,2002-01-05,95967,8,57.66,8.09,,
266474,P,2002-05-09,15039,1,36.82,9.63,,
266475,P,2002-03-02,12029,6,66.01,2.57,,
266476,P,2000-06-29,86798,5,53.80,9.19,,
266477,P,2001-03-14,31980,10,81.82,6.01,,
266478,P,2000-10-24,47395,9,69.63,4.78,,
266479,P,2000-02-23,17745,5,25.04,7.02,,
266480,P,2000-12-09,61691,1,14.53,5.27,,
266481,P,2000-08-06,90644,4,10.55,5.00,,
266482,P,2002-03-28,51081,4,73.52,9.90,,
266483,P,2000-01-24,76334,4,9.79,5.50,,
266484,P,2000-01-26,27779,7,61.82,6.31,,
266485,P,2001-12-13,78524,7,57.03,8.45,,
266486,P,2000-10-14,3570,9,82.48,3.42,,
266487,P,2002-05-16,39429,9,99.07,1.49,,
266488,P,2001-04-22,13189,6,7.76,9.42,,
266489,P,2000-12-16,4485,9,78.54,0.66,,
266490,P,2000-06-27,21182,7,18.76,1.99,,
266491,P,2002-06-19,90806,2,81.38,3.66,,
266492,P,2002-08-09,67746,9,76.57,2.69,,
266493,P,2002-02-18,60593,1,13.50,4.42,,
266494,P,2000-07-21,1913,9,7.67,5.49,,
266495,P,2002-03-25,47573,5,49.44,6.68,,
266496,P,2002-05-29,95529,6,32.91,7.48,,
266497,P,2001-03-31,3287,6,74.45,9.84,,
266498,P,2002-02-08,27179,4,65.26,3.81,,
266499,P,2001-06-22,92173,10,70.03,6.20,,
266500,P,2002-09-22,75100,2,69.80,7.80,,
266501,P,2002-09-03,70056,4,79.47,9.56,,
266502,P,2001-01-12,66828,4,21.09,6.48,,
266503,P,2002-04-29,92812,8,53.28,7.95,,
266504,P,2001-01-26,45985,1,48.59,8.52,,
266505,P,2001-05-31,578,3,91.59,7.34,,
266506,P,2002-09-22,94339,1,77.01,9.82,,
266507,P,2001-12-05,10182,10,1.11,8.08,,
266508,P,2001-10-09,10039,9,35.01,4.82,,
266509,P,2002-09-14,94794,4,43.01,0.28,,
266510,P,2000-10-18,53393,3,75.20,0.29,,
266511,P,2001-12-18,98136,10,34.42,0.21,,
266512,P,2000-12-05,84480,10,22.65,2.31,,
266513,P,2002-09-13,35750,7,86.49,5.90,,
266514,P,2000-11-14,52273,1,57.18,4.50,,
266515,P,2001-03-30,68564,2,97.18,6.03,,
266516,P,2000-12-23,86918,6,93.26,2.27,,
266517,P,2001-07-10,98703,5,76.56,3.22,,
266518,P,2001-08-03,80851,7,29.90,1.09,,
266519,P,2000-07-31,86585,9,47.75,0.85,,
266520,P,2000-04-13,31275,1,99.74,9.76,,
266521,P,2000-10-30,81300,1,84.59,7.59,,
266522,P,2001-08-18,11267,5,92.78,4.46,,
266523,P,2001-06-15,83421,1,3.49,0.34,,
266524,P,2001-05-18,33090,3,25.64,1.73,,
266525,P,2000-10-10,80661,9,94.01,4.88,,
266526,P,2002-05-01,35130,2,10.98,8.65,,
266527,P,2002-09-20,28851,3,83.96,1.54,,
266528,P,2000-05-31,34179,8,89.32,1.79,,
266529,P,2000-10-11,51133,6,85.52,5.27,,
266530,P,2001-07-06,82438,10,93.28,7.61,,
266531,P,2002-07-25,11513,8,88.17,7.95,,
266532,P,2001-05-31,25137,8,27.03,5.03,,
266533,P,2001-12-20,35767,7,97.50,4.67,,
266534,P,2001-09-28,9706,4,84.10,2.77,,
266535,P,2002-03-14,80362,6,62.20,3.79,,
266536,P,2001-01-10,24935,4,43.15,3.70,,
266537,P,2000-08-12,63800,8,34.86,6.95,,
266538,P,2001-09-14,94262,8,52.51,2.75,,
266539,P,2001-06-30,62353,7,45.66,7.24,,
266540,P,2001-04-14,74243,3,67.67,3.36,,
266541,P,2001-10-27,72844,4,21.20,9.01,,
266542,P,2002-02-15,82320,10,58.44,0.91,,
266543,P,2001-02-24,40197,2,67.39,1.52,,
266544,P,2001-01-18,38155,9,43.87,9.24,,
266545,P,2002-01-09,75197,6,31.17,7.24,,
266546,P,2000-05-29,80879,3,68.41,3.28,,
266547,P,2000-02-16,11441,9,66.82,5.91,,
266548,P,2001-08-04,92380,5,23.85,4.99,,
266549,P,2002-04-27,56896,8,17.11,4.76,,
266550,P,2000-12-25,12640,6,52.63,9.63,,
266551,P,2000-08-27,1444,7,14.40,9.53,,
266552,P,2002-08-24,46805,7,23.11,3.47,,
266553,P,2002-08-24,67293,2,34.54,4.33,,
266554,P,2000-08-01,48850,5,70.57,0.53,,
266555,P,2001-10-07,81943,6,60.13,2.89,,
266556,P,2002-03-01,40172,8,27.47,0.38,,
266557,P,2002-03-09,4251,6,36.26,2.87,,
266558,P,2000-11-26,48766,7,67.51,3.95,,
266559,P,2001-05-19,78677,9,55.00,9.44,,
266560,P,2001-08-14,11353,9,89.75,4.11,,
266561,P,2001-08-05,23850,6,90.83,1.40,,
266562,P,2001-12-04,45602,6,47.07,2.07,,
266563,P,2001-03-05,58559,3,5.63,7.11,,
266564,P,2001-05-02,87610,7,0.10,4.02,,
266565,P,2002-08-30,45847,2,42.39,1.83,,
266566,P,2001-11-10,89906,8,71.43,2.91,,
266567,P,2000-12-02,98634,3,15.89,7.61,,
266568,P,2002-02-03,87484,9,72.49,1.35,,
266569,P,2001-10-19,6089,6,49.94,3.72,,
266570,P,2001-12-26,17542,1,91.47,1.22,,
266571,P,2000-10-16,31473,4,70.00,9.64,,
266572,P,2000-11-11,50570,2,34.87,0.07,,
266573,P,2000-07-18,39098,9,66.90,4.41,,
266574,P,2000-06-17,58940,9,21.40,9.37,,
266575,P,2002-04-10,50673,8,66.53,0.65,,
266576,P,2002-01-08,19867,8,85.65,1.96,,
266577,P,2001-05-19,16192,9,30.85,8.60,,
266578,P,2001-11-07,36678,3,50.51,7.83,,
266579,P,2001-10-17,19273,3,58.27,6.84,,
266580,P,2000-07-22,53841,6,39.56,9.37,,
266581,P,2000-08-23,44943,5,85.48,8.09,,
266582,P,2000-09-01,46754,3,77.79,8.43,,
266583,P,2000-06-15,38516,2,85.68,9.56,,
266584,P,2000-08-11,55446,7,32.69,6.99,,
266585,P,2000-07-22,25910,5,73.12,2.74,,
266586,P,2000-07-25,35354,3,99.23,8.32,,
266587,P,2002-05-30,35689,3,67.74,4.97,,
266588,P,2001-05-11,50595,9,45.40,4.78,,
266589,P,2000-07-15,6986,6,68.01,5.37,,
266590,P,2001-07-16,14448,5,51.77,5.19,,
266591,P,2001-01-11,80068,10,21.62,5.08,,
266592,P,2002-06-15,84132,5,53.46,1.63,,
266593,P,2002-08-24,16053,4,62.43,8.57,,
266594,P,2000-10-31,46983,6,16.96,5.44,,
266595,P,2000-07-16,5845,4,72.62,7.35,,
266596,P,2002-04-10,61836,9,31.08,2.50,,
266597,P,2000-08-30,23937,4,45.91,3.09,,
266598,P,2000-08-20,7657,1,22.42,2.56,,
266599,P,2000-03-11,39549,2,76.20,5.93,,
266600,P,2002-08-30,28967,9,47.37,7.34,,
266601,P,2000-10-31,90843,2,77.66,7.08,,
266602,P,2000-08-04,9422,8,99.79,6.69,,
266603,P,2002-04-14,79682,4,4.05,0.65,,
266604,P,2001-02-08,82289,3,18.05,9.78,,
266605,P,2000-06-15,4034,1,22.91,1.22,,
266606,P,2001-05-22,84904,5,11.33,0.53,,
266607,P,2002-07-24,75089,1,14.21,7.93,,
266608,P,2001-12-19,95116,6,79.65,5.24,,
266609,P,2001-07-16,9858,3,94.78,9.92,,
266610,P,2001-10-01,91389,10,48.59,7.03,,
266611,P,2001-01-25,70153,8,40.45,2.69,,
266612,P,2000-09-06,38050,2,88.18,8.59,,
266613,P,2001-06-26,6705,5,33.20,6.68,,
266614,P,2002-03-20,20499,3,34.90,7.77,,
266615,P,2002-05-05,80412,3,89.61,2.41,,
266616,P,2000-11-23,88152,8,29.14,2.74,,
266617,P,2002-04-18,78102,6,23.58,5.48,,
266618,P,2001-06-27,18717,9,5.15,0.29,,
266619,P,2001-08-16,92939,1,74.51,3.94,,
266620,P,2000-07-05,22888,3,0.78,4.25,,
266621,P,2001-12-10,4275,9,12.40,5.58,,
266622,P,2000-01-27,69912,1,47.07,4.14,,
266623,P,2000-02-22,27739,6,24.09,1.71,,
266624,P,2002-01-06,9884,1,94.93,9.58,,
266625,P,2000-09-20,55312,4,51.61,9.89,,
266626,P,2002-04-05,85934,8,35.64,9.06,,
266627,P,2001-01-17,10696,9,24.94,5.20,,
266628,P,2001-09-15,16156,9,4.46,4.05,,
266629,P,2001-09-27,72220,7,85.45,5.98,,
266630,P,2000-10-16,14264,6,15.35,9.07,,
266631,P,2000-03-20,25283,1,2.88,5.26,,
266632,P,2000-12-16,21045,4,10.22,6.22,,
266633,P,2001-02-20,92,3,95.31,5.89,,
266634,P,2000-04-02,61334,6,37.45,8.58,,
266635,P,2000-09-03,42694,7,96.53,5.36,,
266636,P,2001-01-14,70962,8,21.70,9.33,,
266637,P,2002-02-18,39655,9,40.48,3.70,,
266638,P,2000-04-07,23302,3,98.35,8.58,,
266639,P,2000-07-02,32802,2,89.65,0.48,,
266640,P,2002-07-30,81102,1,65.18,6.81,,
266641,P,2000-12-26,86913,3,51.24,4.84,,
266642,P,2000-08-04,13332,5,48.11,0.26,,
266643,P,2001-02-14,84408,8,92.44,6.63,,
266644,P,2002-04-21,83631,1,99.53,0.28,,
266645,P,2001-10-06,86004,4,29.09,8.85,,
266646,P,2000-12-02,49270,5,9.46,5.60,,
266647,P,2000-02-21,47689,10,37.25,7.99,,
266648,P,2002-01-02,6416,10,40.73,7.45,,
266649,P,2002-06-06,56397,4,57.76,0.70,,
266650,P,2000-12-08,2254,6,35.76,6.61,,
266651,P,2002-03-30,76903,8,7.15,4.49,,
266652,P,2000-01-27,88206,10,58.00,1.69,,
266653,P,2000-01-26,48095,6,64.90,7.61,,
266654,P,2001-06-04,22077,8,73.54,5.77,,
266655,P,2002-04-17,10731,2,74.18,3.99,,
266656,P,2001-04-17,31051,5,3.94,5.41,,
266657,P,2002-06-14,8412,5,33.23,1.42,,
266658,P,2002-09-22,5286,10,71.72,5.96,,
266659,P,2002-08-30,36756,9,14.34,0.46,,
266660,P,2001-07-04,10216,5,11.45,6.76,,
266661,P,2000-09-03,14430,2,37.82,5.24,,
266662,P,2000-01-14,3306,2,53.87,1.64,,
266663,P,2002-09-10,25998,5,40.10,2.87,,
266664,P,2002-04-07,51491,9,7.85,7.50,,
266665,P,2001-08-06,38039,7,15.60,0.94,,
266666,P,2002-01-20,19263,6,2.35,9.49,,
266667,P,2001-09-24,46918,2,56.55,6.11,,
266668,P,2001-11-07,29621,8,39.72,6.99,,
266669,P,2002-06-21,27469,10,35.93,8.12,,
266670,P,2002-03-29,63573,6,83.81,7.52,,
266671,P,2002-02-25,15302,5,97.30,8.89,,
266672,P,2000-08-30,1890,5,51.60,4.96,,
266673,P,2001-07-30,79755,6,76.09,2.75,,
266674,P,2002-05-19,29130,5,46.94,0.99,,
266675,P,2000-04-07,47562,1,1.05,6.06,,
266676,P,2001-02-06,29121,7,29.51,8.98,,
266677,P,2001-06-25,24349,2,92.35,0.35,,
266678,P,2000-07-24,82160,4,93.51,1.36,,
266679,P,2002-02-22,14768,5,2.47,9.19,,
266680,P,2000-04-28,23502,7,60.67,8.46,,
266681,P,2002-04-20,66208,8,49.04,0.84,,
266682,P,2001-04-02,92690,6,51.71,7.96,,
266683,P,2001-03-25,80498,5,40.71,1.77,,
266684,P,2000-05-16,93661,3,28.24,0.51,,
266685,P,2000-12-06,5479,4,99.23,5.99,,
266686,P,2000-09-18,40301,4,54.29,1.14,,
266687,P,2000-03-29,50069,8,30.94,7.26,,
266688,P,2002-05-20,7472,3,93.77,8.03,,
266689,P,2000-05-19,53707,9,94.11,2.55,,
266690,P,2000-06-07,30058,10,57.32,2.12,,
266691,P,2000-03-29,41825,2,9.27,3.59,,
266692,P,2002-07-25,17548,6,21.40,8.16,,
266693,P,2000-12-06,64187,2,78.72,7.68,,
266694,P,2001-05-02,65415,1,51.66,1.42,,
266695,P,2001-06-02,25155,7,62.64,5.05,,
266696,P,2000-11-11,30728,4,16.27,3.24,,
266697,P,2001-06-11,12039,10,49.39,9.38,,
266698,P,2000-03-23,34959,8,7.66,1.50,,
266699,P,2001-05-05,87843,3,69.06,9.14,,
266700,P,2002-09-04,57442,10,21.39,2.42,,
266701,P,2001-05-23,5436,7,82.52,8.63,,
266702,P,2000-10-10,66472,3,41.45,3.99,,
266703,P,2001-11-08,24286,3,15.52,9.10,,
266704,P,2002-03-19,28244,10,50.28,4.67,,
266705,P,2002-01-21,2187,8,52.36,9.72,,
266706,P,2000-09-28,15595,4,69.57,1.64,,
266707,P,2001-07-11,54841,10,46.79,4.01,,
266708,P,2002-03-28,32821,7,78.62,6.53,,
266709,P,2002-07-11,94770,9,55.85,9.11,,
266710,P,2002-01-27,35786,1,66.94,2.09,,
266711,P,2000-09-16,99703,2,28.38,7.39,,
266712,P,2000-09-17,90946,2,68.61,0.69,,
266713,P,2001-04-04,13559,9,26.92,2.65,,
266714,P,2002-04-29,87939,8,89.52,2.24,,
266715,P,2001-01-06,25375,10,79.33,8.64,,
266716,P,2001-10-20,14787,8,18.29,0.02,,
266717,P,2000-02-11,78319,6,90.95,6.64,,
266718,P,2002-02-04,19835,5,87.74,0.13,,
266719,P,2000-07-30,34688,9,87.59,7.05,,
266720,P,2001-09-20,96619,8,91.15,9.48,,
266721,P,2000-03-29,66440,8,36.98,0.94,,
266722,P,2002-03-12,21560,6,90.72,6.09,,
266723,P,2001-10-28,34453,5,12.55,5.85,,
266724,P,2000-09-21,1447,3,51.34,6.79,,
266725,P,2000-05-14,58539,7,28.40,6.61,,
266726,P,2002-07-07,77034,9,69.49,1.37,,
266727,P,2001-01-06,16661,10,42.56,2.57,,
266728,P,2002-07-23,74228,9,42.01,6.37,,
266729,P,2002-02-15,4786,5,90.76,0.40,,
266730,P,2000-12-06,76060,9,0.98,6.96,,
266731,P,2002-01-03,89279,5,23.18,2.37,,
266732,P,2001-07-21,87700,1,29.21,8.85,,
266733,P,2001-01-17,78697,1,56.14,7.18,,
266734,P,2002-04-02,30536,3,33.27,6.42,,
266735,P,2000-11-11,53301,10,38.86,3.38,,
266736,P,2001-04-28,70940,6,28.25,3.39,,
266737,P,2000-07-08,42690,9,25.91,5.37,,
266738,P,2002-04-24,94848,4,88.57,9.92,,
266739,P,2001-05-21,2362,3,31.01,7.85,,
266740,P,2000-10-17,80460,3,96.92,6.68,,
266741,P,2000-10-12,45036,2,75.26,1.97,,
266742,P,2001-12-25,85939,7,22.52,5.20,,
266743,P,2000-09-21,26486,6,65.51,9.26,,
266744,P,2000-01-24,17818,2,55.16,9.71,,
266745,P,2002-01-31,14613,3,79.13,9.12,,
266746,P,2001-11-06,18616,3,32.69,9.18,,
266747,P,2002-01-06,31458,5,32.85,1.28,,
266748,P,2000-11-17,57442,5,89.54,4.74,,
266749,P,2000-02-22,74322,6,90.93,7.09,,
266750,P,2001-01-09,49502,3,4.47,3.78,,
266751,P,2002-07-26,40979,9,91.24,6.56,,
266752,P,2001-03-29,4834,10,84.77,3.87,,
266753,P,2001-05-01,6325,10,26.68,6.48,,
266754,P,2002-05-07,62923,4,62.83,3.34,,
266755,P,2000-09-11,14301,6,59.26,6.85,,
266756,P,2002-04-05,19367,2,94.98,7.93,,
266757,P,2000-07-09,71990,7,11.63,9.76,,
266758,P,2001-03-04,24210,10,78.70,7.56,,
266759,P,2002-06-02,98801,9,87.84,2.43,,
266760,P,2001-05-24,56048,6,8.60,3.83,,
266761,P,2001-10-23,13413,9,34.57,9.49,,
266762,P,2000-05-12,85700,4,1.51,2.83,,
266763,P,2001-12-23,90018,6,85.69,5.99,,
266764,P,2000-10-25,36197,5,3.90,5.11,,
266765,P,2001-11-15,40984,8,20.26,5.92,,
266766,P,2000-04-19,93092,9,34.01,8.30,,
266767,P,2002-09-15,79497,7,84.96,5.26,,
266768,P,2001-08-27,95998,10,87.86,3.87,,
266769,P,2000-11-07,95012,5,25.58,2.77,,
266770,P,2002-08-13,19847,9,88.96,3.01,,
266771,P,2000-12-28,34004,9,88.92,0.88,,
266772,P,2000-10-26,50806,7,8.40,2.59,,
266773,P,2001-03-28,56945,7,18.90,3.19,,
266774,P,2002-02-20,32193,2,20.49,4.24,,
266775,P,2002-09-22,13432,3,12.62,9.54,,
266776,P,2000-05-11,28929,9,34.45,1.98,,
266777,P,2001-09-11,83543,7,49.43,8.53,,
266778,P,2000-08-15,47601,1,8.94,1.57,,
266779,P,2001-07-29,23706,9,54.70,3.64,,
266780,P,2001-04-21,19259,9,85.27,2.78,,
266781,P,2002-01-01,13948,7,52.99,1.78,,
266782,P,2001-12-26,65588,7,11.29,5.28,,
266783,P,2000-10-28,13108,5,54.31,4.78,,
266784,P,2002-04-17,46023,7,76.06,4.73,,
266785,P,2000-09-08,8381,9,60.80,3.52,,
266786,P,2001-09-03,33831,1,84.75,4.22,,
266787,P,2001-03-15,75758,8,72.75,5.24,,
266788,P,2000-07-12,61382,7,50.41,9.00,,
266789,P,2002-04-30,74768,4,39.07,3.46,,
266790,P,2000-11-17,78526,2,79.03,9.08,,
266791,P,2000-11-25,9919,1,20.20,1.51,,
266792,P,2001-03-10,44052,9,50.71,4.64,,
266793,P,2001-06-15,39061,9,10.74,8.51,,
266794,P,2002-03-20,25,9,84.81,0.42,,
266795,P,2000-02-27,98628,9,37.17,0.16,,
266796,P,2001-06-10,45818,1,84.96,4.68,,
266797,P,2002-06-18,89081,5,56.71,0.12,,
266798,P,2002-01-10,78707,4,67.94,7.38,,
266799,P,2002-07-16,82033,4,92.53,8.70,,
266800,P,2000-06-21,39816,8,36.60,2.97,,
266801,P,2001-06-18,13631,9,89.63,6.56,,
266802,P,2000-11-28,80378,6,39.04,9.10,,
266803,P,2002-04-01,63579,10,60.11,4.46,,
266804,P,2001-03-26,83570,7,84.77,6.48,,
266805,P,2002-02-07,5769,1,42.40,0.28,,
266806,P,2000-08-29,54492,9,83.31,2.29,,
266807,P,2000-02-24,38390,4,28.94,2.94,,
266808,P,2001-07-01,84701,6,77.79,5.35,,
266809,P,2002-04-25,59790,6,58.34,1.78,,
266810,P,2002-05-16,76884,3,86.09,1.61,,
266811,P,2001-11-05,13331,4,14.86,6.04,,
266812,P,2000-07-14,37055,1,86.35,8.86,,
266813,P,2001-11-06,91272,7,87.95,2.69,,
266814,P,2002-04-08,7150,8,76.10,4.17,,
266815,P,2000-04-01,6008,6,69.61,1.44,,
266816,P,2001-09-18,47012,3,0.51,8.93,,
266817,P,2000-01-27,38967,4,73.79,9.71,,
266818,P,2000-04-04,30993,9,66.77,9.91,,
266819,P,2001-02-26,62772,1,88.35,9.65,,
266820,P,2001-06-07,5781,5,4.09,9.07,,
266821,P,2000-01-02,62480,4,53.14,2.14,,
266822,P,2000-04-16,77560,6,13.74,8.05,,
266823,P,2000-07-12,62864,10,43.92,2.25,,
266824,P,2000-04-02,2847,9,40.35,1.38,,
266825,P,2000-05-16,43227,2,60.03,7.42,,
266826,P,2001-03-09,23174,4,42.00,8.36,,
266827,P,2001-08-27,26976,4,4.10,1.42,,
266828,P,2001-07-29,80855,8,57.21,1.78,,
266829,P,2000-01-02,30456,8,9.92,4.84,,
266830,P,2001-07-09,63732,10,10.51,8.72,,
266831,P,2002-02-04,33990,8,14.29,2.46,,
266832,P,2000-12-25,74614,7,55.06,7.53,,
266833,P,2002-08-15,58285,9,77.20,8.70,,
266834,P,2002-02-10,92239,5,56.72,2.54,,
266835,P,2002-08-07,92151,10,80.46,4.38,,
266836,P,2001-05-26,48650,7,83.52,5.74,,
266837,P,2001-09-21,76009,6,34.76,6.61,,
266838,P,2002-09-27,30651,4,12.67,8.98,,
266839,P,2001-12-18,63406,1,32.90,3.79,,
266840,P,2002-09-21,74202,7,19.81,2.02,,
266841,P,2000-09-15,43035,2,39.84,2.35,,
266842,P,2001-12-31,14927,3,90.84,6.71,,
266843,P,2000-05-19,47452,1,40.73,0.54,,
266844,P,2002-05-25,24215,3,6.40,0.28,,
266845,P,2001-04-06,11582,4,7.74,4.21,,
266846,P,2001-08-18,54894,10,19.30,5.16,,
266847,P,2002-03-12,61158,4,13.13,5.39,,
266848,P,2000-03-11,7166,2,11.81,2.03,,
266849,P,2001-08-24,58319,3,15.84,4.73,,
266850,P,2000-03-25,53056,4,71.10,5.64,,
266851,P,2001-08-27,26294,5,54.35,5.63,,
266852,P,2000-12-28,60898,7,9.34,3.26,,
266853,P,2001-04-16,90116,1,32.25,5.87,,
266854,P,2000-11-15,44228,1,65.62,1.63,,
266855,P,2000-06-18,81340,9,81.64,7.56,,
266856,P,2002-01-30,77486,2,30.10,0.10,,
266857,P,2001-09-18,56115,8,45.41,1.23,,
266858,P,2001-12-06,46117,4,76.41,8.71,,
266859,P,2000-08-31,1005,5,92.84,0.57,,
266860,P,2000-06-26,23925,10,61.27,6.41,,
266861,P,2002-03-28,30773,10,78.28,6.98,,
266862,P,2002-09-11,17813,4,49.77,8.49,,
266863,P,2000-05-11,59657,7,74.74,1.17,,
266864,P,2001-09-22,55069,5,30.57,6.73,,
266865,P,2002-03-25,17479,1,57.54,1.77,,
266866,P,2002-01-24,22389,10,60.76,2.67,,
266867,P,2000-07-20,21996,6,14.64,4.15,,
266868,P,2001-10-06,65130,10,33.86,1.48,,
266869,P,2000-03-31,76940,7,84.26,9.69,,
266870,P,2000-10-19,28812,6,19.08,2.01,,
266871,P,2002-03-23,64262,10,9.76,7.71,,
266872,P,2000-10-05,90299,10,50.99,8.82,,
266873,P,2001-03-14,78363,7,14.47,8.63,,
266874,P,2000-09-04,21701,10,70.99,0.76,,
266875,P,2001-04-04,11515,10,8.95,6.58,,
266876,P,2000-12-22,288,3,66.18,8.00,,
266877,P,2001-04-30,97871,3,76.27,3.52,,
266878,P,2000-12-25,5967,5,14.88,8.82,,
266879,P,2001-12-28,46884,7,29.50,6.97,,
266880,P,2002-03-17,66644,5,17.66,2.55,,
266881,P,2001-03-16,56171,5,53.65,1.14,,
266882,P,2002-01-01,89802,8,78.07,7.45,,
266883,P,2000-12-23,57571,9,17.78,1.90,,
266884,P,2001-12-18,4923,1,60.37,9.57,,
266885,P,2000-05-17,28236,4,60.92,8.64,,
266886,P,2001-10-05,64147,3,32.22,6.27,,
266887,P,2000-02-22,32867,2,35.43,6.26,,
266888,P,2000-08-30,2603,2,89.00,5.70,,
266889,P,2001-01-22,10270,3,64.20,0.93,,
266890,P,2000-05-13,2321,6,65.19,9.92,,
266891,P,2001-06-03,72781,1,40.72,2.68,,
266892,P,2000-08-12,75462,3,20.66,0.61,,
266893,P,2002-04-30,76464,10,93.72,5.36,,
266894,P,2000-09-22,54586,5,39.81,8.58,,
266895,P,2001-07-06,50114,4,28.95,3.81,,
266896,P,2002-08-09,28244,1,53.01,0.25,,
266897,P,2002-01-18,50007,10,53.53,6.40,,
266898,P,2000-10-11,99485,8,48.66,9.72,,
266899,P,2000-05-19,71545,3,52.32,1.84,,
266900,P,2000-04-12,62206,1,66.14,3.80,,
266901,P,2001-08-30,51434,8,44.54,2.53,,
266902,P,2001-12-27,70210,4,24.76,6.31,,
266903,P,2000-09-29,99956,2,74.26,5.95,,
266904,P,2001-04-05,42712,5,12.33,7.08,,
266905,P,2001-10-29,39961,9,55.53,1.06,,
266906,P,2001-05-17,62594,2,33.46,7.48,,
266907,P,2000-07-22,65323,1,71.24,6.04,,
266908,P,2002-06-05,89958,2,74.49,2.82,,
266909,P,2000-04-16,85363,10,87.65,4.10,,
266910,P,2001-12-16,75804,9,82.13,9.68,,
266911,P,2001-09-21,1257,10,86.35,5.64,,
266912,P,2001-08-29,31079,10,41.30,0.65,,
266913,P,2000-06-11,70398,8,21.57,4.78,,
266914,P,2002-05-24,78192,9,94.64,2.19,,
266915,P,2001-12-16,82366,6,3.23,8.19,,
266916,P,2002-06-10,37825,5,88.17,2.16,,
266917,P,2002-04-09,72858,7,57.75,5.82,,
266918,P,2000-10-28,55041,5,57.19,2.97,,
266919,P,2000-01-20,96630,3,50.12,6.83,,
266920,P,2002-09-23,17442,9,11.55,5.57,,
266921,P,2001-09-12,83648,10,68.42,2.82,,
266922,P,2000-06-11,36104,10,30.55,2.28,,
266923,P,2001-02-11,81010,3,51.76,0.16,,
266924,P,2001-05-03,67790,4,10.18,3.91,,
266925,P,2000-10-14,54934,3,3.55,4.29,,
266926,P,2000-04-20,40610,9,95.67,8.88,,
266927,P,2000-09-08,89275,10,7.07,3.30,,
266928,P,2000-04-29,14473,8,46.71,9.57,,
266929,P,2001-03-10,42777,1,44.80,7.68,,
266930,P,2000-08-08,6767,9,31.24,3.80,,
266931,P,2000-10-21,56381,6,21.73,5.76,,
266932,P,2000-12-02,92265,4,56.73,1.55,,
266933,P,2000-03-10,32357,1,15.32,4.25,,
266934,P,2000-07-29,12358,6,39.68,7.00,,
266935,P,2001-11-21,71449,7,76.33,1.22,,
266936,P,2001-04-15,37321,4,77.33,3.50,,
266937,P,2000-11-09,3632,7,60.46,9.22,,
266938,P,2000-07-29,21549,5,1.95,5.83,,
266939,P,2000-02-07,36615,4,57.02,9.36,,
266940,P,2002-07-06,36577,8,8.88,4.81,,
266941,P,2002-02-15,29904,9,18.64,8.95,,
266942,P,2001-06-24,59667,4,91.35,7.06,,
266943,P,2001-11-14,39119,4,57.46,3.81,,
266944,P,2000-02-18,4028,10,76.57,9.33,,
266945,P,2000-03-18,9231,3,51.61,3.07,,
266946,P,2002-03-23,87448,2,94.72,2.45,,
266947,P,2000-11-09,86284,1,75.05,7.42,,
266948,P,2002-06-15,29816,9,0.20,7.07,,
266949,P,2001-02-03,12000,3,7.31,8.07,,
266950,P,2000-03-30,89204,10,60.52,7.65,,
266951,P,2001-07-27,46238,6,92.56,1.74,,
266952,P,2001-12-12,39664,6,67.63,1.34,,
266953,P,2000-08-12,72928,2,7.39,9.30,,
266954,P,2001-12-25,26901,6,10.16,4.16,,
266955,P,2000-03-22,55194,9,82.22,9.98,,
266956,P,2002-06-01,83722,10,41.86,5.00,,
266957,P,2000-07-11,52792,5,79.22,3.54,,
266958,P,2000-10-27,90110,4,37.15,7.56,,
266959,P,2000-12-01,55870,4,77.75,0.40,,
266960,P,2000-12-07,97374,7,17.43,2.78,,
266961,P,2002-04-18,3999,1,84.07,8.52,,
266962,P,2001-11-22,52600,7,60.37,5.97,,
266963,P,2002-01-22,75581,5,87.27,3.43,,
266964,P,2002-07-14,86108,1,78.90,8.28,,
266965,P,2000-06-05,59460,4,5.82,8.62,,
266966,P,2000-12-21,12123,9,69.66,6.63,,
266967,P,2000-11-02,20002,8,31.13,4.80,,
266968,P,2002-03-22,38794,6,63.73,5.59,,
266969,P,2001-05-27,86095,4,64.36,7.42,,
266970,P,2002-05-12,13822,5,63.64,2.40,,
266971,P,2002-04-18,53155,4,43.86,0.98,,
266972,P,2002-02-15,63077,10,70.84,7.07,,
266973,P,2000-04-12,98267,9,15.32,4.34,,
266974,P,2000-10-29,74076,2,52.92,6.61,,
266975,P,2002-05-23,55000,1,90.06,6.19,,
266976,P,2000-01-26,5609,4,63.07,4.69,,
266977,P,2001-02-23,60875,8,77.95,4.23,,
266978,P,2001-04-09,20646,4,62.86,8.98,,
266979,P,2001-10-04,18711,8,44.87,6.93,,
266980,P,2001-05-23,71799,4,55.13,9.33,,
266981,P,2001-06-27,73946,1,3.37,8.06,,
266982,P,2001-11-23,95883,2,13.66,0.15,,
266983,P,2000-04-17,60075,3,13.98,9.23,,
266984,P,2000-01-26,86153,4,78.73,3.93,,
266985,P,2002-02-17,26934,6,4.24,1.76,,
266986,P,2002-04-24,8018,4,1.69,9.10,,
266987,P,2000-07-10,88657,7,7.15,3.53,,
266988,P,2000-08-21,26388,9,68.68,9.33,,
266989,P,2000-05-22,33398,2,34.58,4.61,,
266990,P,2000-05-07,32567,6,30.73,6.38,,
266991,P,2002-07-20,89273,7,59.29,1.32,,
266992,P,2000-11-11,44435,3,45.28,4.40,,
266993,P,2001-01-22,70061,9,33.37,7.82,,
266994,P,2001-12-29,3983,6,3.88,1.25,,
266995,P,2002-02-25,79267,2,34.34,7.01,,
266996,P,2000-02-04,81445,7,11.39,1.18,,
266997,P,2001-12-24,23281,7,2.93,8.03,,
266998,P,2001-09-06,34397,9,24.65,1.49,,
266999,P,2001-01-01,25391,10,95.31,9.34,,
267000,P,2001-05-31,38876,8,69.07,8.05,,
267001,P,2001-06-11,74953,6,12.50,3.60,,
267002,P,2002-07-16,15812,5,52.25,1.14,,
267003,P,2000-04-07,15970,6,55.04,2.59,,
267004,P,2000-01-02,47624,3,93.75,2.52,,
267005,P,2001-03-08,56733,4,42.20,9.28,,
267006,P,2001-01-30,12949,8,78.74,9.62,,
267007,P,2002-04-19,65837,4,74.93,1.94,,
267008,P,2002-02-11,65995,7,92.01,1.86,,
267009,P,2000-03-03,90085,10,35.61,8.21,,
267010,P,2001-05-30,12681,6,74.26,9.91,,
267011,P,2002-09-24,12885,4,87.32,3.46,,
267012,P,2000-06-30,59675,10,31.23,4.37,,
267013,P,2002-03-20,75168,1,3.88,8.83,,
267014,P,2000-12-27,88062,1,8.67,4.15,,
267015,P,2000-06-22,95790,9,59.38,2.62,,
267016,P,2000-06-15,2199,5,86.69,6.88,,
267017,P,2002-09-21,26368,6,12.74,3.43,,
267018,P,2001-05-15,61274,6,36.61,3.39,,
267019,P,2001-09-30,63745,4,54.11,4.24,,
267020,P,2002-04-06,91887,1,98.62,4.11,,
267021,P,2000-06-16,634,1,57.27,5.83,,
267022,P,2000-12-06,70260,9,33.35,6.91,,
267023,P,2000-10-01,89018,8,40.93,4.80,,
267024,P,2002-04-16,84137,7,85.37,3.66,,
267025,P,2002-05-02,83906,5,46.36,7.85,,
267026,P,2002-03-01,25795,8,6.25,8.51,,
267027,P,2000-02-12,89582,10,66.38,3.07,,
267028,P,2001-09-06,69324,5,90.56,3.19,,
267029,P,2001-07-29,3810,10,30.34,2.99,,
267030,P,2000-08-11,2719,2,58.91,9.06,,
267031,P,2002-07-23,35314,4,28.42,2.12,,
267032,P,2001-11-19,32787,6,28.96,2.80,,
267033,P,2001-07-30,93824,10,48.82,4.92,,
267034,P,2002-07-15,9319,7,64.27,6.45,,
267035,P,2000-02-25,75757,4,8.91,1.29,,
267036,P,2000-03-12,6187,2,74.60,7.53,,
267037,P,2000-12-26,31098,9,75.21,4.64,,
267038,P,2002-06-23,27877,6,93.96,4.07,,
267039,P,2002-08-08,64333,4,25.20,3.93,,
267040,P,2001-09-14,73354,1,6.21,0.87,,
267041,P,2000-07-29,53045,1,41.75,1.41,,
267042,P,2000-02-01,99198,3,0.07,8.69,,
267043,P,2001-07-20,98986,8,13.48,7.62,,
267044,P,2000-11-01,87334,10,26.75,7.09,,
267045,P,2000-02-13,99139,2,22.15,9.61,,
267046,P,2001-08-02,66941,8,43.79,4.60,,
267047,P,2002-01-02,65501,10,89.81,1.54,,
267048,P,2002-07-11,31620,2,77.76,9.46,,
267049,P,2002-04-30,291,6,82.56,1.67,,
267050,P,2001-04-27,23118,10,35.06,2.58,,
267051,P,2000-11-18,15555,2,54.03,0.65,,
267052,P,2001-02-17,15609,2,6.49,2.52,,
267053,P,2002-05-18,35037,2,80.09,1.44,,
267054,P,2000-08-19,82081,4,55.23,2.80,,
267055,P,2000-07-20,15299,8,57.53,2.16,,
267056,P,2002-05-25,79498,2,9.78,9.00,,
267057,P,2002-09-17,26109,3,58.87,1.75,,
267058,P,2002-02-02,10078,1,12.23,1.49,,
267059,P,2001-05-10,43598,1,52.99,6.51,,
267060,P,2002-06-19,42594,5,29.80,9.49,,
267061,P,2000-11-04,38195,4,42.14,1.53,,
267062,P,2001-01-26,94200,7,72.86,0.93,,
267063,P,2001-08-27,42418,4,4.32,4.11,,
267064,P,2002-08-13,44696,4,79.49,3.98,,
267065,P,2001-06-07,75304,2,14.38,8.97,,
267066,P,2001-06-13,71666,7,75.02,8.00,,
267067,P,2001-11-21,38988,6,11.56,5.74,,
267068,P,2000-10-19,44066,6,14.27,8.27,,
267069,P,2001-01-30,48293,9,23.27,1.69,,
267070,P,2002-04-16,23065,2,64.88,8.68,,
267071,P,2000-04-14,86301,9,27.24,4.35,,
267072,P,2002-01-12,25389,10,9.14,7.98,,
267073,P,2002-06-26,97919,9,26.28,8.97,,
267074,P,2000-06-08,74127,10,40.10,3.00,,
267075,P,2001-11-26,73599,4,40.62,5.09,,
267076,P,2001-11-15,76563,8,11.49,5.94,,
267077,P,2002-01-30,90787,9,57.62,6.86,,
267078,P,2002-05-05,43465,5,57.73,1.81,,
267079,P,2002-06-18,71261,6,88.36,6.70,,
267080,P,2001-03-04,29899,3,96.41,3.39,,
267081,P,2001-09-16,12446,8,29.86,5.38,,
267082,P,2000-06-14,85728,8,23.49,0.23,,
267083,P,2000-09-13,97597,10,91.18,9.52,,
