120121,P,2001-09-01,12949,5,3.85,8.00,,
120122,P,2002-02-12,27133,3,38.04,1.90,,
120123,P,2002-01-30,95347,3,51.17,0.40,,
120124,P,2000-06-09,66853,4,4.11,7.76,,
120125,P,2002-01-12,2555,4,77.93,1.48,,
120126,P,2002-03-14,72965,1,99.21,7.10,,
120127,P,2000-12-15,28396,5,43.05,4.21,,
120128,P,2000-03-31,24726,8,25.90,1.16,,
120129,P,2001-10-10,6147,7,84.79,8.57,,
120130,P,2000-07-06,45759,6,22.50,6.13,,
120131,P,2000-10-08,85593,1,19.96,6.04,,
120132,P,2001-05-16,92947,9,89.47,7.18,,
120133,P,2000-11-09,14443,8,8.13,0.36,,
120134,P,2000-09-29,71414,2,70.52,2.88,,
120135,P,2000-06-17,32018,1,71.43,5.16,,
120136,P,2001-04-21,96767,9,55.08,1.91,,
120137,P,2002-01-06,85977,10,44.47,8.01,,
120138,P,2001-04-09,92221,1,27.79,2.26,,
120139,P,2000-10-13,12089,10,96.09,5.68,,
120140,P,2001-05-05,64040,6,77.44,9.55,,
120141,P,2001-08-02,8951,3,35.45,6.65,,
120142,P,2002-03-16,29866,2,49.33,5.26,,
120143,P,2000-11-23,11077,1,35.06,7.00,,
120144,P,2001-10-01,89707,6,21.71,0.91,,
120145,P,2002-04-21,31410,10,8.22,0.85,,
120146,P,2001-01-21,21917,1,27.31,7.39,,
120147,P,2002-08-18,67889,8,33.44,8.87,,
120148,P,2000-12-06,85282,3,15.29,7.54,,
120149,P,2000-05-23,47065,6,31.68,6.53,,
120150,P,2002-04-25,99582,8,61.79,3.24,,
120151,P,2000-01-31,97761,10,3.37,6.88,,
120152,P,2001-06-17,92783,7,15.81,9.84,,
120153,P,2001-07-31,11903,8,45.57,8.41,,
120154,P,2001-11-01,40525,9,31.89,0.48,,
120155,P,2000-07-12,8190,9,53.27,7.78,,
120156,P,2000-01-26,67502,9,81.82,6.34,,
120157,P,2000-04-11,10587,1,31.44,7.46,,
120158,P,2002-08-01,26596,5,80.86,6.27,,
120159,P,2002-03-24,38152,2,23.88,5.60,,
120160,P,2000-04-17,77039,9,38.38,6.06,,
120161,P,2000-05-03,86107,6,77.29,3.51,,
120162,P,2002-08-01,58132,7,79.75,7.48,,
120163,P,2002-07-08,73708,3,47.07,2.90,,
120164,P,2000-12-01,11417,8,12.91,2.74,,
120165,P,2000-05-15,57140,6,1.90,8.24,,
120166,P,2001-08-04,29409,5,42.08,0.78,,
120167,P,2001-06-01,80016,3,16.48,7.74,,
120168,P,2002-04-25,65314,4,11.36,8.31,,
120169,P,2000-07-26,67190,6,23.90,2.64,,
120170,P,2000-01-02,47616,9,18.02,2.69,,
120171,P,2001-07-11,44111,10,89.73,1.45,,
120172,P,2001-06-16,53623,9,48.83,7.96,,
120173,P,2001-10-21,32893,10,52.97,8.78,,
120174,P,2001-04-14,86339,4,94.40,4.37,,
120175,P,2001-08-24,98876,8,87.56,9.71,,
120176,P,2000-07-01,61545,4,21.00,8.00,,
120177,P,2000-07-09,92458,5,81.40,0.44,,
120178,P,2001-01-12,76359,8,33.44,8.16,,
120179,P,2000-01-01,23305,2,72.83,5.63,,
120180,P,2002-06-11,96660,3,75.93,7.88,,
120181,P,2000-04-27,74924,9,78.92,2.88,,
120182,P,2001-05-19,53686,4,35.53,7.38,,
120183,P,2001-10-31,6769,2,29.58,9.41,,
120184,P,2002-06-22,17126,2,69.47,6.75,,
120185,P,2000-11-01,41486,1,54.76,6.97,,
120186,P,2001-12-09,67241,1,41.06,2.18,,
120187,P,2000-11-15,61776,9,88.57,4.84,,
120188,P,2000-01-16,32786,5,64.31,1.20,,
120189,P,2001-08-22,61927,8,51.36,0.80,,
120190,P,2000-07-28,45354,1,16.26,1.95,,
120191,P,2001-02-28,28314,9,56.73,8.96,,
120192,P,2001-11-30,11462,4,40.07,0.54,,
120193,P,2001-06-17,29906,1,53.56,8.88,,
120194,P,2001-10-02,42142,4,49.82,3.70,,
120195,P,2002-04-05,81105,8,38.51,0.94,,
120196,P,2001-07-27,90816,4,45.28,8.35,,
120197,P,2002-08-08,36904,10,74.97,0.41,,
120198,P,2000-06-30,41182,8,14.85,7.87,,
120199,P,2002-06-20,93528,2,52.17,4.26,,
120200,P,2002-07-09,10053,10,56.63,9.54,,
120201,P,2001-05-23,92518,9,87.21,0.01,,
120202,P,2000-04-27,64299,6,47.98,8.94,,
120203,P,2001-02-22,42162,7,89.42,6.19,,
120204,P,2000-05-09,71444,5,86.15,8.35,,
120205,P,2001-08-15,84358,1,27.82,1.03,,
120206,P,2000-12-31,66823,2,49.99,9.32,,
120207,P,2001-01-25,39876,9,20.63,9.24,,
120208,P,2001-07-25,71958,3,9.21,8.22,,
120209,P,2002-02-20,27117,6,50.59,6.92,,
120210,P,2002-02-16,92546,10,19.51,8.96,,
120211,P,2001-06-10,99659,2,18.08,0.24,,
120212,P,2001-10-08,73072,8,61.33,4.04,,
120213,P,2001-12-17,52559,1,93.89,2.62,,
120214,P,2000-07-10,88442,9,86.03,9.56,,
120215,P,2000-02-04,82413,6,30.03,5.70,,
120216,P,2001-09-20,66130,4,10.65,3.88,,
120217,P,2000-06-30,37752,7,38.74,6.93,,
120218,P,2002-07-12,74400,3,26.26,9.52,,
120219,P,2000-08-23,30808,4,0.69,5.55,,
120220,P,2002-06-21,48666,5,65.83,7.22,,
120221,P,2002-03-31,24827,6,24.42,0.35,,
120222,P,2002-08-16,46703,10,44.59,8.94,,
120223,P,2000-10-20,27031,3,87.11,1.11,,
120224,P,2000-12-10,60131,8,22.75,1.92,,
120225,P,2000-01-18,8764,5,88.77,4.39,,
120226,P,2000-12-08,38040,4,11.26,2.68,,
120227,P,2001-11-28,6411,4,13.92,9.53,,
120228,P,2001-08-05,35523,4,0.58,7.14,,
120229,P,2001-06-29,64576,5,28.46,4.07,,
120230,P,2002-04-07,69546,10,6.76,6.37,,
120231,P,2002-08-26,6537,7,35.03,6.39,,
120232,P,2002-05-03,78338,9,64.08,1.04,,
120233,P,2000-08-16,73828,8,48.20,2.50,,
120234,P,2001-12-28,88965,2,89.55,0.83,,
120235,P,2002-05-10,23935,4,63.41,3.64,,
120236,P,2001-05-20,67297,2,10.47,4.12,,
120237,P,2001-09-10,71024,3,2.88,9.34,,
120238,P,2001-12-09,24976,8,80.70,5.53,,
120239,P,2002-07-10,28772,7,47.78,4.59,,
120240,P,2001-04-02,58003,9,77.27,1.73,,
120241,P,2001-07-20,29130,1,91.77,4.71,,
120242,P,2002-08-24,92542,9,79.90,9.03,,
120243,P,2002-04-19,3833,9,51.64,9.69,,
120244,P,2001-08-05,42333,9,7.86,2.25,,
120245,P,2001-01-21,23674,1,94.69,9.75,,
120246,P,2002-01-10,42370,7,93.25,7.49,,
120247,P,2001-04-10,35627,6,0.41,2.25,,
120248,P,2001-08-26,57445,9,14.12,2.70,,
120249,P,2001-07-19,47948,4,25.11,8.07,,
120250,P,2002-01-10,75858,8,64.75,7.82,,
120251,P,2002-06-16,48690,2,76.05,4.49,,
120252,P,2001-09-08,55329,2,63.42,9.21,,
120253,P,2001-10-15,94999,6,48.76,9.55,,
120254,P,2000-08-30,53975,5,94.32,6.41,,
120255,P,2000-02-26,92446,3,79.57,5.47,,
120256,P,2000-11-06,92205,7,63.01,2.41,,
120257,P,2000-08-18,67275,8,63.70,1.37,,
120258,P,2000-12-03,58686,8,97.30,5.66,,
120259,P,2001-01-15,82205,9,16.09,2.98,,
120260,P,2000-03-04,73532,9,88.96,9.69,,
120261,P,2001-08-22,44384,2,7.91,4.75,,
120262,P,2002-02-09,32460,2,82.27,9.47,,
120263,P,2000-05-11,46948,5,13.57,2.35,,
120264,P,2001-12-19,26392,4,8.59,8.08,,
120265,P,2001-08-22,78267,6,32.57,2.19,,
120266,P,2000-03-23,31973,5,67.57,4.35,,
120267,P,2001-03-15,60146,6,13.14,2.14,,
120268,P,2000-01-21,19089,6,7.39,3.26,,
120269,P,2000-10-27,73701,1,99.21,8.84,,
120270,P,2002-03-18,53229,9,76.23,3.57,,
120271,P,2000-10-06,97912,8,9.59,9.95,,
120272,P,2001-07-15,19020,3,78.44,1.07,,
120273,P,2002-01-18,25042,6,54.15,6.10,,
120274,P,2002-06-15,65171,7,97.10,6.90,,
120275,P,2002-07-24,82845,7,74.63,2.23,,
120276,P,2002-06-02,70062,10,13.60,9.35,,
120277,P,2001-11-11,11691,4,20.53,6.77,,
120278,P,2001-09-17,61769,3,56.62,6.92,,
120279,P,2002-06-22,27182,7,45.46,0.50,,
120280,P,2002-05-05,19323,2,14.22,0.82,,
120281,P,2001-12-22,80339,4,97.24,6.05,,
120282,P,2000-08-11,43262,8,36.34,6.89,,
120283,P,2000-03-22,59283,4,94.74,4.18,,
120284,P,2000-11-25,42085,1,24.28,3.32,,
120285,P,2001-02-01,45396,7,91.19,7.00,,
120286,P,2000-10-13,81498,3,5.99,7.58,,
120287,P,2000-05-27,55353,10,8.50,5.29,,
120288,P,2001-06-27,96907,2,62.84,0.95,,
120289,P,2001-12-04,48656,1,7.98,1.40,,
120290,P,2002-03-19,3024,6,91.54,0.19,,
120291,P,2001-07-09,75824,6,43.52,4.95,,
120292,P,2000-08-27,96460,1,67.09,0.48,,
120293,P,2001-04-13,21022,8,86.93,2.61,,
120294,P,2002-04-17,22783,4,14.59,5.69,,
120295,P,2000-09-07,62087,3,76.49,2.90,,
120296,P,2000-02-02,7223,4,49.49,9.39,,
120297,P,2002-05-18,99323,2,60.52,4.63,,
120298,P,2001-04-10,36875,8,65.96,0.69,,
120299,P,2001-01-04,1203,7,47.17,5.82,,
120300,P,2001-02-07,22390,10,56.02,6.44,,
120301,P,2002-09-19,19417,4,4.96,2.07,,
120302,P,2000-09-17,52182,3,50.53,6.05,,
120303,P,2000-06-08,54514,2,16.74,9.32,,
120304,P,2000-12-28,2085,2,85.27,9.06,,
120305,P,2000-04-16,89120,2,83.81,9.47,,
120306,P,2002-05-31,29718,4,22.62,7.07,,
120307,P,2001-03-07,39066,10,21.56,0.26,,
120308,P,2000-02-25,48007,7,58.23,7.67,,
120309,P,2001-06-30,98627,7,61.83,0.73,,
120310,P,2001-02-13,32897,2,69.82,2.20,,
120311,P,2002-07-11,1304,2,9.28,3.70,,
120312,P,2000-10-14,69463,5,69.26,2.19,,
120313,P,2002-07-15,94311,5,90.45,9.05,,
120314,P,2000-04-09,15943,1,0.19,0.96,,
120315,P,2002-01-11,71053,5,37.49,1.16,,
120316,P,2001-03-26,40036,8,11.35,8.30,,
120317,P,2000-08-04,93154,9,36.87,4.50,,
120318,P,2001-03-25,29059,2,27.47,4.03,,
120319,P,2000-08-21,29075,4,42.20,1.61,,
120320,P,2001-04-08,44922,6,86.58,8.99,,
120321,P,2000-03-07,7749,9,11.24,0.56,,
120322,P,2002-03-12,40375,8,9.42,2.82,,
120323,P,2000-03-06,6378,3,20.09,7.24,,
120324,P,2000-09-06,60601,9,51.20,5.28,,
120325,P,2000-07-04,81196,9,23.10,7.07,,
120326,P,2002-04-08,77686,2,30.98,2.04,,
120327,P,2002-05-28,21785,6,38.11,9.42,,
120328,P,2001-12-14,87150,7,35.93,0.76,,
120329,P,2001-11-13,98773,4,90.00,1.96,,
120330,P,2002-09-14,17992,2,76.42,2.36,,
120331,P,2001-12-21,54197,9,34.80,9.74,,
120332,P,2000-07-04,42035,2,87.66,5.75,,
120333,P,2001-07-26,22984,6,9.16,0.36,,
120334,P,2002-05-12,47799,9,53.65,0.86,,
120335,P,2001-04-30,54974,8,27.49,2.40,,
120336,P,2001-09-24,225,5,14.38,0.40,,
120337,P,2000-10-04,80930,9,16.03,1.03,,
120338,P,2002-03-05,20330,10,1.59,3.93,,
120339,P,2000-10-06,20182,3,89.95,9.04,,
120340,P,2002-02-24,74583,6,87.23,4.00,,
120341,P,2000-07-25,47692,7,70.03,7.07,,
120342,P,2000-04-12,39837,3,73.82,7.17,,
120343,P,2002-07-30,95290,9,23.94,9.35,,
120344,P,2000-02-17,39841,7,14.79,2.77,,
120345,P,2000-09-01,99707,2,50.28,4.31,,
120346,P,2002-06-21,42135,5,13.11,4.07,,
120347,P,2000-06-06,48749,4,73.23,9.74,,
120348,P,2001-12-22,29274,10,55.15,8.69,,
120349,P,2001-11-02,25555,2,34.15,8.02,,
120350,P,2000-04-11,76204,3,1.30,1.19,,
120351,P,2000-09-23,97122,1,68.67,0.33,,
120352,P,2001-08-18,16327,7,81.11,9.83,,
120353,P,2000-11-28,49681,5,27.41,6.65,,
120354,P,2001-03-23,44955,5,91.76,1.22,,
120355,P,2002-08-28,17630,2,83.05,4.39,,
120356,P,2001-04-21,36138,9,1.16,5.41,,
120357,P,2001-06-19,12755,2,7.25,8.52,,
120358,P,2001-08-07,47945,8,60.44,0.46,,
120359,P,2000-05-16,81493,5,32.89,2.60,,
120360,P,2000-02-17,18245,8,91.06,9.43,,
120361,P,2002-02-26,84296,9,34.30,2.26,,
120362,P,2000-12-15,78000,9,58.41,1.37,,
120363,P,2001-03-15,23628,7,13.65,7.47,,
120364,P,2001-11-15,8979,9,30.36,1.10,,
120365,P,2000-05-02,40173,9,69.25,5.11,,
120366,P,2000-08-03,5678,1,95.28,1.89,,
120367,P,2000-06-09,2765,10,47.78,0.52,,
120368,P,2002-02-18,36818,3,7.71,6.72,,
120369,P,2002-09-01,35121,1,55.82,5.55,,
120370,P,2001-09-16,52274,10,29.82,0.87,,
120371,P,2000-02-04,70460,9,93.76,1.35,,
120372,P,2001-03-15,51692,7,72.08,9.14,,
120373,P,2002-04-02,17289,3,81.13,5.61,,
120374,P,2001-09-30,18038,4,70.22,4.56,,
120375,P,2001-03-27,49142,3,49.84,8.87,,
120376,P,2000-07-12,71575,6,57.34,4.92,,
120377,P,2000-08-16,48754,7,58.77,0.11,,
120378,P,2000-04-21,45462,4,35.31,2.08,,
120379,P,2001-01-01,27128,7,84.48,1.80,,
120380,P,2001-04-28,27536,10,24.23,9.41,,
120381,P,2002-03-02,58287,8,95.66,6.22,,
120382,P,2001-02-14,63881,7,5.33,8.25,,
120383,P,2000-07-16,88932,2,20.02,7.94,,
120384,P,2001-04-17,45325,8,74.36,3.44,,
120385,P,2001-12-10,59657,8,33.27,1.82,,
120386,P,2001-01-11,52863,3,51.94,7.11,,
120387,P,2002-01-04,41065,2,20.71,9.40,,
120388,P,2002-01-01,58577,9,31.54,5.79,,
120389,P,2001-01-07,21667,7,65.29,3.99,,
120390,P,2001-07-14,25563,3,64.55,0.40,,
120391,P,2000-04-21,66501,8,12.42,6.34,,
120392,P,2001-10-13,24721,5,94.20,2.82,,
120393,P,2001-08-27,27867,9,63.14,4.33,,
120394,P,2000-04-13,16870,8,49.66,4.03,,
120395,P,2001-06-04,46692,3,97.54,9.09,,
120396,P,2000-09-12,65108,9,64.03,7.05,,
120397,P,2001-09-15,963,4,77.00,4.23,,
120398,P,2000-11-25,29024,9,74.07,2.56,,
120399,P,2001-01-07,9114,1,9.67,6.90,,
120400,P,2002-08-17,14818,7,97.27,0.94,,
120401,P,2002-07-18,71681,8,35.27,3.24,,
120402,P,2001-09-06,56554,9,17.36,2.80,,
120403,P,2001-10-23,90807,3,74.01,7.96,,
120404,P,2000-02-05,44347,4,52.92,9.09,,
120405,P,2002-04-26,9467,4,35.85,3.86,,
120406,P,2000-03-21,90151,4,17.56,1.63,,
120407,P,2000-07-28,56969,7,37.56,2.51,,
120408,P,2000-05-07,78776,10,96.21,7.35,,
120409,P,2001-02-15,72442,10,55.08,8.52,,
120410,P,2001-06-18,28302,4,18.08,6.35,,
120411,P,2001-02-20,34655,10,2.17,4.34,,
120412,P,2002-04-08,56920,7,89.02,1.06,,
120413,P,2001-02-10,62611,4,0.52,6.28,,
120414,P,2002-06-12,85213,5,68.10,1.28,,
120415,P,2002-04-25,61241,5,79.74,2.78,,
120416,P,2001-05-22,45330,2,46.11,8.92,,
120417,P,2001-07-30,25475,6,77.04,7.70,,
120418,P,2001-11-29,52727,1,96.43,2.13,,
120419,P,2000-03-07,41414,5,17.34,7.38,,
120420,P,2002-02-25,4916,3,28.65,6.67,,
120421,P,2000-04-28,77764,1,69.58,4.21,,
120422,P,2000-09-26,12268,7,51.04,5.16,,
120423,P,2000-10-02,2914,3,4.21,4.70,,
120424,P,2002-04-22,6223,2,37.98,9.32,,
120425,P,2000-03-11,31972,3,98.39,3.93,,
120426,P,2000-03-16,28252,10,66.77,3.75,,
120427,P,2001-03-18,33176,5,74.88,5.75,,
120428,P,2001-09-07,5433,8,18.38,9.72,,
120429,P,2001-07-19,7713,10,84.18,0.32,,
120430,P,2001-11-15,64443,5,62.14,6.34,,
120431,P,2002-06-22,85927,10,23.67,7.74,,
120432,P,2002-06-10,90908,9,83.05,4.77,,
120433,P,2000-10-06,51286,8,43.26,4.65,,
120434,P,2000-06-22,34302,4,10.07,5.05,,
120435,P,2002-05-01,50110,2,87.11,7.30,,
120436,P,2000-08-18,84586,8,56.10,5.50,,
120437,P,2001-12-20,59306,2,23.40,7.08,,
120438,P,2001-10-10,60954,9,45.93,1.63,,
120439,P,2001-05-24,23770,7,88.09,9.66,,
120440,P,2002-01-26,15755,2,71.56,3.62,,
120441,P,2000-08-08,27609,6,5.27,2.34,,
120442,P,2000-07-08,49276,9,58.96,1.71,,
120443,P,2000-05-23,58832,10,62.98,1.98,,
120444,P,2000-09-23,65576,1,98.17,4.04,,
120445,P,2001-04-19,67329,10,89.65,6.47,,
120446,P,2001-07-02,62710,9,12.60,2.41,,
120447,P,2001-08-15,11453,3,9.52,1.11,,
120448,P,2000-05-12,66457,2,1.12,0.73,,
120449,P,2000-03-06,40223,7,41.73,1.29,,
120450,P,2002-01-09,72688,5,92.98,4.47,,
120451,P,2002-07-10,90027,2,51.44,2.57,,
120452,P,2001-07-30,48972,6,78.56,9.33,,
120453,P,2001-10-12,81972,9,53.44,9.46,,
120454,P,2001-07-30,3958,5,36.08,3.10,,
120455,P,2000-09-27,72151,1,80.79,9.17,,
120456,P,2002-01-22,95296,4,76.71,8.87,,
120457,P,2000-02-19,81003,5,91.57,3.62,,
120458,P,2001-03-09,79368,1,36.65,5.80,,
120459,P,2002-02-04,37415,10,12.99,3.14,,
120460,P,2000-09-22,18234,4,7.05,6.40,,
120461,P,2002-07-24,52113,7,0.19,9.41,,
120462,P,2000-03-23,13123,4,33.58,2.40,,
120463,P,2001-12-26,37517,9,72.90,7.08,,
120464,P,2000-07-19,76506,10,94.47,5.23,,
120465,P,2001-11-15,68755,10,54.92,6.16,,
120466,P,2000-05-19,6660,2,48.21,7.60,,
120467,P,2002-07-24,91743,8,64.81,7.23,,
120468,P,2001-12-26,86814,8,59.01,4.10,,
120469,P,2002-09-17,81482,8,52.79,8.15,,
120470,P,2000-07-22,63828,2,87.16,2.03,,
120471,P,2001-08-28,68266,2,48.32,4.97,,
120472,P,2001-03-10,74089,9,11.51,3.59,,
120473,P,2000-02-17,74700,3,42.17,7.74,,
120474,P,2001-06-01,66804,5,86.27,2.42,,
120475,P,2002-06-16,96252,10,18.71,6.22,,
120476,P,2001-11-04,7215,6,14.68,8.42,,
120477,P,2000-10-28,43510,6,91.42,6.26,,
120478,P,2001-12-06,80462,3,10.96,5.50,,
120479,P,2002-06-23,32018,6,95.15,7.76,,
120480,P,2000-07-06,25900,3,92.29,0.05,,
120481,P,2001-10-21,4371,2,8.91,7.66,,
120482,P,2000-08-16,31323,6,85.68,7.95,,
120483,P,2000-11-22,67281,8,29.63,5.16,,
120484,P,2001-08-19,19746,10,88.02,6.36,,
120485,P,2001-01-01,59223,7,55.16,1.92,,
120486,P,2000-09-21,87,9,72.54,1.48,,
120487,P,2001-03-13,49722,3,88.50,8.22,,
120488,P,2001-01-09,17596,4,22.61,7.89,,
120489,P,2000-08-01,88445,8,60.63,4.79,,
120490,P,2000-04-02,15539,10,64.41,4.42,,
120491,P,2002-02-04,90929,9,76.48,1.94,,
120492,P,2001-10-28,85188,9,35.10,5.80,,
120493,P,2001-08-30,99064,10,93.02,8.91,,
120494,P,2001-02-12,19056,6,80.67,1.05,,
120495,P,2001-05-22,43659,2,75.20,3.10,,
120496,P,2002-05-26,82561,5,30.90,8.51,,
120497,P,2000-10-25,72636,1,97.44,9.22,,
120498,P,2000-08-29,99476,7,65.29,0.50,,
120499,P,2002-05-07,74242,6,64.85,2.61,,
120500,P,2002-01-09,37506,3,71.28,8.18,,
120501,P,2000-05-11,66048,1,34.77,9.28,,
120502,P,2000-07-10,62982,1,89.23,4.68,,
120503,P,2001-09-20,81819,1,39.11,4.08,,
120504,P,2001-10-28,44547,4,82.88,5.16,,
120505,P,2002-03-03,26127,8,8.44,0.21,,
120506,P,2001-01-24,22915,3,29.09,3.13,,
120507,P,2001-04-23,65796,10,35.85,4.07,,
120508,P,2002-07-10,47728,1,70.92,4.09,,
120509,P,2002-07-02,18062,6,39.39,1.95,,
120510,P,2002-08-29,17516,5,50.69,8.50,,
120511,P,2000-03-04,22481,7,90.37,7.43,,
120512,P,2002-01-15,67406,1,90.99,3.12,,
120513,P,2001-08-13,36822,9,36.22,3.85,,
120514,P,2001-02-12,74839,5,26.29,9.11,,
120515,P,2000-01-18,26009,3,65.21,8.93,,
120516,P,2000-08-10,15402,5,42.71,5.71,,
120517,P,2000-07-16,50640,10,59.30,3.41,,
120518,P,2000-07-27,91803,8,91.70,5.64,,
120519,P,2002-07-23,48278,5,99.45,1.34,,
120520,P,2002-04-21,66341,1,3.51,7.29,,
120521,P,2002-08-06,87402,9,41.60,6.39,,
120522,P,2002-07-14,16436,10,82.89,0.96,,
120523,P,2000-05-01,99401,6,72.64,5.08,,
120524,P,2000-09-23,32448,5,4.68,3.49,,
120525,P,2000-07-28,21001,8,75.53,4.79,,
120526,P,2002-03-17,87172,1,62.35,6.12,,
120527,P,2002-04-15,81231,5,42.50,6.33,,
120528,P,2001-08-20,91392,7,35.11,0.49,,
120529,P,2002-05-30,10623,6,81.90,7.31,,
120530,P,2002-06-16,66624,5,77.25,1.24,,
120531,P,2001-08-09,83653,9,97.87,6.17,,
120532,P,2001-02-16,70654,3,46.22,8.91,,
120533,P,2000-04-02,56470,9,49.83,3.72,,
120534,P,2000-02-21,95780,2,6.39,9.79,,
120535,P,2000-09-03,20461,10,13.30,0.07,,
120536,P,2001-07-20,24613,5,0.70,8.70,,
120537,P,2001-12-15,53621,9,92.01,2.88,,
120538,P,2000-10-10,93532,8,67.34,5.15,,
120539,P,2002-08-06,643,5,76.65,6.68,,
120540,P,2000-02-27,43938,5,36.57,0.80,,
120541,P,2000-06-23,48797,1,69.14,3.23,,
120542,P,2000-11-22,46348,10,37.11,0.87,,
120543,P,2000-02-22,8661,2,0.13,2.55,,
120544,P,2001-12-11,82529,8,11.35,0.75,,
120545,P,2000-03-31,90196,2,15.50,1.27,,
120546,P,2002-02-01,46236,7,0.05,9.15,,
120547,P,2000-03-31,82756,6,41.42,0.56,,
120548,P,2001-04-10,18226,8,67.74,9.08,,
120549,P,2002-05-01,66462,6,71.41,7.28,,
120550,P,2000-06-10,25247,5,49.00,1.36,,
120551,P,2002-06-17,30011,5,13.37,8.00,,
120552,P,2002-08-27,31158,1,56.34,7.01,,
120553,P,2001-12-16,25688,4,63.31,6.20,,
120554,P,2000-10-03,98389,2,64.80,8.69,,
120555,P,2001-02-07,16879,5,68.90,1.79,,
120556,P,2002-01-27,72143,1,20.76,4.11,,
120557,P,2002-06-22,62145,4,55.97,6.51,,
120558,P,2000-03-24,69945,8,99.07,3.90,,
120559,P,2000-06-12,76362,4,87.25,9.03,,
120560,P,2002-04-12,42589,2,43.75,4.54,,
120561,P,2002-09-06,66087,8,4.55,0.81,,
120562,P,2000-08-03,13392,7,35.78,5.21,,
120563,P,2002-07-03,30671,7,80.87,5.78,,
120564,P,2002-06-13,52404,1,66.73,6.71,,
120565,P,2001-05-28,60413,4,78.32,6.19,,
120566,P,2000-07-11,81806,3,59.57,6.54,,
120567,P,2000-05-20,90849,10,2.43,7.02,,
120568,P,2001-11-25,68274,2,70.64,3.61,,
120569,P,2000-07-06,23779,6,44.31,4.38,,
120570,P,2001-05-04,66295,8,85.13,8.22,,
120571,P,2000-01-29,95486,10,79.42,9.73,,
120572,P,2002-09-25,51073,5,78.48,0.01,,
120573,P,2002-05-11,96659,2,93.53,5.94,,
120574,P,2000-08-09,59378,3,24.27,6.08,,
120575,P,2000-03-14,33613,7,83.06,4.08,,
120576,P,2001-03-10,76475,5,99.76,0.37,,
120577,P,2002-05-06,94312,3,59.46,3.24,,
120578,P,2002-01-15,11411,8,8.91,6.89,,
120579,P,2000-06-28,67630,8,17.99,3.58,,
120580,P,2002-03-31,567,7,76.50,7.89,,
120581,P,2001-12-23,83425,1,86.63,6.31,,
120582,P,2001-04-27,1036,5,85.64,8.29,,
120583,P,2001-01-17,81054,8,52.79,8.37,,
120584,P,2001-10-08,55124,1,71.92,1.19,,
120585,P,2001-04-28,75063,7,48.45,6.74,,
120586,P,2002-03-08,22040,1,90.63,3.38,,
120587,P,2002-07-22,84774,9,62.69,9.29,,
120588,P,2001-05-17,65686,9,76.53,2.69,,
120589,P,2000-07-24,16154,5,75.22,7.12,,
120590,P,2001-01-17,28151,6,71.55,8.53,,
120591,P,2001-02-24,52432,8,20.16,0.59,,
120592,P,2002-04-10,16283,3,63.70,6.76,,
120593,P,2002-09-04,48270,2,45.36,8.28,,
120594,P,2000-07-28,82122,1,67.51,2.81,,
120595,P,2000-06-29,25605,1,54.43,3.08,,
120596,P,2001-10-26,98638,3,58.36,8.71,,
120597,P,2002-04-20,43314,10,26.74,2.65,,
120598,P,2002-09-27,5625,8,58.16,2.15,,
120599,P,2000-01-09,37278,8,58.74,9.63,,
120600,P,2002-04-10,19508,3,95.78,9.17,,
120601,P,2000-02-06,36855,3,2.54,7.20,,
120602,P,2001-01-07,37190,3,82.69,9.60,,
120603,P,2001-09-18,32879,10,2.52,4.12,,
120604,P,2000-07-12,64966,7,37.32,6.99,,
120605,P,2000-11-26,76746,2,6.70,4.79,,
120606,P,2002-05-17,3721,1,15.45,4.94,,
120607,P,2000-12-31,58769,4,10.48,6.77,,
120608,P,2000-07-11,87325,5,0.75,3.98,,
120609,P,2001-01-11,52685,9,74.70,6.50,,
120610,P,2002-06-15,8326,2,59.84,1.72,,
120611,P,2000-09-24,89314,6,60.14,2.13,,
120612,P,2000-11-25,21967,9,18.35,3.86,,
120613,P,2001-08-18,18633,2,82.16,6.91,,
120614,P,2000-11-14,74004,10,82.42,7.66,,
120615,P,2000-11-26,45367,3,51.99,4.10,,
120616,P,2002-05-12,81624,10,81.28,4.51,,
120617,P,2001-05-23,58521,6,15.49,4.55,,
120618,P,2000-12-25,40190,6,36.16,6.39,,
120619,P,2001-04-23,58848,10,12.15,2.77,,
120620,P,2001-07-26,2697,10,94.01,7.86,,
120621,P,2001-04-20,1862,3,31.79,9.08,,
120622,P,2000-10-03,23100,9,74.06,5.49,,
120623,P,2002-06-07,83063,10,1.74,1.38,,
120624,P,2002-04-04,81922,1,45.79,8.99,,
120625,P,2002-07-26,23056,3,70.56,1.15,,
120626,P,2000-01-16,73459,4,2.88,6.61,,
120627,P,2001-11-04,42838,2,25.74,7.16,,
120628,P,2002-07-03,83652,3,34.70,3.41,,
120629,P,2001-02-23,48711,5,45.17,4.63,,
120630,P,2002-08-16,67117,5,14.05,7.57,,
120631,P,2001-01-16,4683,6,25.99,5.72,,
120632,P,2002-01-21,91206,2,52.25,3.08,,
120633,P,2002-06-13,87296,6,96.83,8.54,,
120634,P,2001-08-17,17533,10,22.26,9.87,,
120635,P,2001-11-02,34961,4,45.73,9.91,,
120636,P,2002-05-11,9995,1,9.87,5.64,,
120637,P,2001-11-09,11152,7,5.99,7.56,,
120638,P,2000-10-24,94223,3,85.66,4.79,,
120639,P,2002-01-08,11199,8,14.42,8.00,,
120640,P,2002-01-04,63561,9,73.72,0.84,,
120641,P,2002-01-09,11188,1,32.23,7.37,,
120642,P,2001-03-11,38475,2,3.54,0.38,,
120643,P,2002-06-13,14789,5,39.20,1.91,,
120644,P,2000-05-20,86617,5,28.07,2.50,,
120645,P,2001-06-13,17152,9,27.02,3.11,,
120646,P,2001-02-15,59493,1,80.70,8.62,,
120647,P,2002-03-14,21192,2,84.89,4.94,,
120648,P,2000-07-17,49665,10,60.69,1.53,,
120649,P,2000-02-25,50108,4,19.32,4.39,,
120650,P,2000-04-25,4144,6,39.91,8.50,,
120651,P,2000-10-13,13895,3,85.88,8.10,,
120652,P,2002-05-16,86781,5,8.14,6.28,,
120653,P,2001-12-08,57869,9,40.68,3.20,,
120654,P,2000-04-30,64560,5,77.99,9.95,,
120655,P,2002-06-19,7117,3,11.83,0.92,,
120656,P,2001-06-08,4414,9,27.52,4.19,,
120657,P,2002-09-14,71322,2,81.49,2.26,,
120658,P,2000-03-13,32603,4,31.92,0.24,,
120659,P,2000-09-19,50187,3,7.67,6.23,,
120660,P,2002-08-11,24499,3,45.94,8.17,,
120661,P,2001-10-09,97298,6,58.92,8.33,,
120662,P,2002-01-24,98165,1,83.94,9.71,,
120663,P,2000-06-22,9526,8,19.38,9.31,,
120664,P,2001-02-04,98777,6,61.64,9.91,,
120665,P,2000-10-10,34885,3,21.57,9.05,,
120666,P,2002-08-13,89566,1,69.73,3.65,,
120667,P,2002-01-03,3956,7,67.00,8.56,,
120668,P,2002-08-26,12149,6,47.46,9.69,,
120669,P,2002-08-15,33982,1,1.05,4.41,,
120670,P,2001-05-16,16991,10,15.73,8.79,,
120671,P,2001-10-02,16082,7,59.69,7.89,,
120672,P,2000-03-08,87052,7,56.12,3.29,,
120673,P,2002-05-21,82582,9,24.74,8.08,,
120674,P,2002-08-27,42969,1,9.98,6.97,,
120675,P,2002-02-09,32822,8,17.96,7.20,,
120676,P,2002-02-22,19906,6,26.64,9.40,,
120677,P,2000-03-14,5283,1,47.40,0.98,,
120678,P,2001-11-12,7686,10,53.14,4.18,,
120679,P,2001-07-04,31992,8,72.77,7.12,,
120680,P,2000-12-14,60994,1,42.33,5.68,,
120681,P,2002-01-14,15583,4,82.32,1.47,,
120682,P,2000-02-09,39887,6,71.23,6.27,,
120683,P,2002-06-27,77667,6,82.93,9.12,,
120684,P,2002-02-21,92057,8,60.92,8.13,,
120685,P,2002-09-27,50512,7,75.08,7.15,,
120686,P,2001-04-19,60697,4,8.56,4.99,,
120687,P,2000-12-22,16753,5,66.27,6.67,,
120688,P,2001-03-30,60214,2,5.74,4.88,,
120689,P,2000-10-25,61814,8,42.32,5.01,,
120690,P,2000-01-05,92460,7,67.65,8.39,,
120691,P,2001-07-19,88180,3,87.14,9.38,,
120692,P,2002-01-29,43005,1,58.19,4.12,,
120693,P,2000-01-11,20586,9,4.56,5.44,,
120694,P,2002-05-28,48630,9,59.55,2.84,,
120695,P,2001-11-03,59736,10,36.45,6.13,,
120696,P,2001-03-26,40339,8,71.93,7.68,,
120697,P,2001-07-06,86450,3,94.55,6.61,,
120698,P,2000-03-07,14391,4,36.91,8.05,,
120699,P,2001-06-10,71432,4,90.61,5.44,,
120700,P,2001-06-28,7009,8,56.22,3.54,,
120701,P,2002-02-16,72095,6,40.69,3.68,,
120702,P,2002-04-07,36010,3,6.95,9.88,,
120703,P,2001-04-29,64355,10,55.00,8.09,,
120704,P,2000-05-24,33582,8,67.25,0.39,,
120705,P,2001-06-21,90669,1,93.41,8.99,,
120706,P,2000-12-23,72557,3,26.89,5.94,,
120707,P,2001-10-22,97188,2,39.84,9.11,,
120708,P,2001-04-15,62517,6,68.61,0.07,,
120709,P,2002-09-15,70562,10,91.04,6.18,,
120710,P,2000-04-17,75051,3,90.63,4.78,,
120711,P,2000-09-11,28211,8,26.84,3.37,,
120712,P,2000-04-15,40219,6,11.88,5.98,,
120713,P,2001-08-30,28328,3,71.86,2.70,,
120714,P,2001-09-02,41356,4,96.82,5.28,,
120715,P,2000-12-27,26359,4,8.15,5.46,,
120716,P,2000-07-07,84276,4,72.36,4.95,,
120717,P,2001-04-09,45622,9,30.75,6.36,,
120718,P,2001-10-25,89590,8,94.30,4.02,,
120719,P,2002-01-31,93774,2,26.38,5.87,,
120720,P,2002-04-24,3008,6,51.48,8.72,,
120721,P,2002-01-21,27280,2,79.61,9.75,,
120722,P,2001-07-24,3085,4,76.43,9.85,,
120723,P,2001-10-21,22647,6,93.30,7.86,,
120724,P,2002-05-06,45472,8,28.90,5.76,,
120725,P,2001-09-04,52446,6,38.41,5.03,,
120726,P,2000-01-26,66224,10,16.80,4.26,,
120727,P,2002-05-13,21729,6,74.26,7.56,,
120728,P,2000-02-09,84706,5,6.31,8.21,,
120729,P,2001-07-30,46457,2,78.43,4.32,,
120730,P,2002-08-10,36125,8,6.52,6.51,,
120731,P,2001-11-02,54844,9,62.19,8.23,,
120732,P,2002-06-26,16978,3,98.47,5.45,,
120733,P,2002-08-20,92423,5,72.12,9.85,,
120734,P,2000-07-08,53280,9,19.00,7.75,,
120735,P,2002-08-28,37159,7,58.20,8.74,,
120736,P,2001-09-03,57081,9,27.32,2.04,,
120737,P,2001-07-15,11593,7,44.08,0.71,,
120738,P,2002-06-15,59968,7,30.18,6.89,,
120739,P,2000-11-21,55682,9,33.45,7.42,,
120740,P,2000-01-15,16156,4,24.60,7.38,,
120741,P,2000-07-04,12757,3,42.96,3.41,,
120742,P,2000-06-06,47965,1,47.13,1.86,,
120743,P,2001-11-03,72893,5,64.37,6.11,,
120744,P,2001-05-06,72371,10,16.99,0.58,,
120745,P,2002-04-06,52740,2,11.62,3.54,,
120746,P,2002-09-06,44520,5,18.17,6.21,,
120747,P,2000-08-15,69370,3,65.75,7.23,,
120748,P,2002-08-14,35707,4,70.01,5.62,,
120749,P,2002-02-05,37351,8,84.07,4.06,,
120750,P,2000-12-01,86156,1,97.44,1.20,,
120751,P,2000-02-15,58223,4,99.28,4.56,,
120752,P,2001-02-17,58250,8,9.72,2.86,,
120753,P,2000-06-22,44962,2,30.78,2.31,,
120754,P,2001-02-11,76753,6,54.12,1.91,,
120755,P,2002-09-25,85880,6,12.67,5.43,,
120756,P,2000-04-13,68262,7,64.79,3.46,,
120757,P,2001-05-18,78542,7,11.76,8.67,,
120758,P,2002-02-19,97076,5,48.45,6.19,,
120759,P,2000-09-21,21938,4,85.47,9.40,,
120760,P,2001-02-07,15313,1,94.53,0.38,,
120761,P,2001-07-07,82826,9,70.33,3.43,,
120762,P,2001-09-17,8098,5,46.68,0.49,,
120763,P,2001-11-19,24339,7,10.27,5.62,,
120764,P,2000-09-19,9118,8,83.44,5.59,,
120765,P,2001-07-09,84248,1,64.99,4.46,,
120766,P,2001-10-26,29652,10,68.84,4.20,,
120767,P,2001-03-09,27689,9,76.40,4.10,,
120768,P,2000-07-26,23816,10,61.48,4.23,,
120769,P,2001-10-02,48056,5,92.69,2.52,,
120770,P,2000-01-13,14595,9,7.82,9.31,,
120771,P,2002-07-21,67815,2,36.61,3.46,,
120772,P,2000-02-05,34105,4,3.94,4.76,,
120773,P,2001-01-22,82849,5,95.80,0.52,,
120774,P,2001-01-05,80324,2,80.39,0.76,,
120775,P,2001-08-18,90764,9,89.75,8.01,,
120776,P,2002-02-01,95781,5,0.99,3.88,,
120777,P,2001-07-09,84871,7,9.81,9.61,,
120778,P,2002-05-24,67401,6,69.73,8.21,,
120779,P,2000-12-15,42003,7,16.73,8.39,,
120780,P,2002-04-09,264,3,37.15,5.84,,
120781,P,2000-08-25,15951,6,43.57,4.36,,
120782,P,2002-08-18,72804,8,55.46,2.17,,
120783,P,2002-01-04,55786,2,22.67,4.02,,
120784,P,2001-03-11,63587,6,26.21,4.14,,
120785,P,2002-09-01,13668,9,1.52,4.08,,
120786,P,2000-09-07,65623,1,41.14,5.51,,
120787,P,2000-10-29,35079,10,34.36,8.40,,
120788,P,2001-11-03,60278,6,41.72,5.07,,
120789,P,2002-08-18,2952,8,86.25,3.05,,
120790,P,2000-04-14,50981,10,57.32,0.57,,
120791,P,2002-07-14,54249,6,62.69,5.66,,
120792,P,2000-02-10,57780,2,64.97,1.02,,
120793,P,2002-05-06,45870,10,12.42,6.42,,
120794,P,2002-09-21,50214,7,74.66,2.74,,
120795,P,2002-07-01,66066,8,10.55,2.25,,
120796,P,2001-01-08,95582,9,13.85,6.70,,
120797,P,2000-04-16,33341,1,47.89,4.25,,
120798,P,2002-04-16,51491,5,52.73,4.64,,
120799,P,2001-07-19,7271,10,87.45,5.32,,
120800,P,2000-08-26,64097,1,2.63,4.08,,
120801,P,2001-07-01,55981,6,13.42,0.48,,
120802,P,2000-09-06,31309,7,53.94,6.11,,
120803,P,2002-07-18,65215,8,60.12,1.44,,
120804,P,2000-09-29,18959,10,68.55,7.15,,
120805,P,2000-04-13,81647,3,32.12,6.43,,
120806,P,2002-03-24,6269,10,17.85,8.92,,
120807,P,2001-12-29,43552,6,20.47,9.12,,
120808,P,2000-04-24,65782,4,59.81,9.52,,
120809,P,2002-04-13,11745,5,66.49,1.54,,
120810,P,2000-03-30,55234,9,70.61,9.69,,
120811,P,2001-06-02,83483,7,17.72,5.07,,
120812,P,2001-04-26,10989,7,22.94,7.65,,
120813,P,2001-02-26,37848,1,88.20,7.12,,
120814,P,2001-02-06,93960,6,29.08,8.03,,
120815,P,2001-04-06,93025,5,82.32,7.33,,
120816,P,2001-04-02,47457,10,29.11,5.64,,
120817,P,2001-09-07,73832,10,91.90,0.52,,
120818,P,2000-02-20,85673,10,99.80,7.02,,
120819,P,2000-11-07,33991,10,41.28,1.83,,
120820,P,2001-08-02,44630,4,97.25,7.62,,
120821,P,2001-03-11,5108,6,95.34,8.35,,
120822,P,2000-07-14,38290,4,29.17,3.41,,
120823,P,2001-06-09,87562,2,15.84,0.02,,
120824,P,2002-01-20,70527,9,80.32,4.89,,
120825,P,2001-01-21,1745,1,67.82,8.22,,
120826,P,2002-04-18,11137,7,11.89,0.24,,
120827,P,2001-03-11,18409,4,60.73,4.49,,
120828,P,2002-03-04,68813,1,6.54,2.67,,
120829,P,2000-10-11,91146,4,87.33,4.12,,
120830,P,2000-02-17,39401,3,33.37,5.39,,
120831,P,2001-01-09,92118,9,49.35,2.60,,
120832,P,2001-07-01,74610,1,16.38,7.17,,
120833,P,2001-01-03,61049,1,11.06,6.22,,
120834,P,2000-05-25,79116,8,19.97,8.22,,
120835,P,2000-10-05,47809,3,66.04,5.31,,
120836,P,2001-03-24,62126,2,89.54,7.26,,
120837,P,2001-11-10,63119,5,30.21,6.47,,
120838,P,2002-04-16,94271,9,49.24,1.42,,
120839,P,2000-07-30,52192,4,36.62,6.25,,
120840,P,2002-01-17,62612,1,0.18,4.44,,
120841,P,2000-10-19,20948,10,64.62,7.42,,
120842,P,2001-01-31,21913,4,18.11,3.10,,
120843,P,2000-08-17,80646,3,47.42,6.79,,
120844,P,2001-06-15,71556,1,88.58,4.51,,
120845,P,2000-07-06,75507,2,79.74,3.31,,
120846,P,2001-03-24,32772,4,62.17,9.20,,
120847,P,2001-02-16,16293,8,76.13,5.18,,
120848,P,2002-08-29,20994,8,28.91,6.64,,
120849,P,2001-01-03,1643,8,28.46,6.03,,
120850,P,2001-06-28,34209,2,64.99,3.68,,
120851,P,2002-08-02,75103,7,86.23,6.92,,
120852,P,2001-05-15,35368,5,14.76,3.95,,
120853,P,2001-12-26,29276,9,60.34,0.75,,
120854,P,2002-07-12,88266,5,14.36,9.56,,
120855,P,2001-05-31,62416,1,74.63,8.30,,
120856,P,2000-01-20,16654,5,96.49,4.43,,
120857,P,2001-06-19,89517,7,51.71,0.72,,
120858,P,2002-08-30,16470,6,81.41,3.42,,
120859,P,2000-06-07,56593,9,99.06,4.37,,
120860,P,2002-08-12,72376,10,95.26,5.91,,
120861,P,2002-02-24,44078,7,93.69,9.17,,
120862,P,2000-06-21,64401,9,90.64,4.66,,
120863,P,2000-12-19,11649,5,50.29,7.80,,
120864,P,2002-07-24,21471,7,16.66,2.33,,
120865,P,2000-01-13,56293,2,35.69,8.67,,
120866,P,2002-08-14,20506,9,54.27,8.38,,
120867,P,2000-06-22,77415,5,23.65,6.92,,
120868,P,2001-04-25,97707,1,60.17,9.65,,
120869,P,2000-11-26,34409,3,18.48,8.86,,
120870,P,2000-03-22,32848,1,32.64,7.87,,
120871,P,2002-03-06,38313,9,19.65,2.53,,
120872,P,2002-09-18,28494,7,3.36,1.16,,
120873,P,2001-02-07,23902,7,25.71,1.81,,
120874,P,2002-02-24,47972,4,48.33,6.03,,
120875,P,2002-05-06,48980,2,21.12,5.95,,
120876,P,2000-05-18,40202,4,12.06,4.28,,
120877,P,2000-12-04,45762,8,32.44,9.09,,
120878,P,2002-02-20,9653,3,38.65,7.31,,
120879,P,2001-08-01,55260,8,68.79,7.76,,
120880,P,2000-05-22,96410,1,90.16,6.52,,
120881,P,2002-09-25,32391,3,98.24,7.48,,
120882,P,2001-07-15,24976,9,3.22,8.27,,
120883,P,2001-11-14,31440,8,3.88,1.28,,
120884,P,2000-01-05,20394,5,62.89,9.24,,
120885,P,2001-08-13,60664,10,31.21,9.08,,
120886,P,2000-12-22,82189,5,32.23,3.07,,
120887,P,2000-09-09,58037,7,54.68,9.44,,
120888,P,2000-08-12,21669,1,35.17,9.08,,
120889,P,2000-11-23,20029,9,47.98,1.36,,
120890,P,2000-01-14,18023,10,8.85,4.63,,
120891,P,2002-09-12,42837,6,22.33,2.36,,
120892,P,2000-02-08,91446,1,89.28,8.94,,
120893,P,2001-08-22,45580,2,62.79,7.53,,
120894,P,2000-03-15,58655,10,97.47,0.58,,
120895,P,2001-02-27,64711,9,10.27,6.15,,
120896,P,2001-07-20,5672,3,34.81,3.50,,
120897,P,2000-01-23,30788,4,0.85,6.02,,
120898,P,2002-09-01,8779,8,25.15,8.90,,
120899,P,2002-07-12,55452,7,30.99,1.27,,
120900,P,2000-03-06,14228,10,84.75,5.21,,
120901,P,2002-06-10,19190,5,70.84,7.66,,
120902,P,2001-11-16,37514,7,20.48,6.61,,
120903,P,2001-06-18,57221,1,23.43,5.05,,
120904,P,2000-05-11,82940,2,75.45,0.01,,
120905,P,2000-04-13,19954,6,70.33,5.56,,
120906,P,2002-05-29,97435,1,60.75,9.71,,
120907,P,2001-09-17,66224,3,43.02,5.29,,
120908,P,2001-08-04,7225,1,30.12,0.71,,
120909,P,2000-01-24,2888,1,12.35,7.31,,
120910,P,2002-07-26,56431,9,63.93,4.42,,
120911,P,2001-02-02,55045,5,40.40,7.85,,
120912,P,2001-10-09,77155,6,54.01,8.76,,
120913,P,2001-01-23,66650,7,9.18,4.60,,
120914,P,2002-03-08,39480,3,60.35,4.67,,
120915,P,2000-03-26,39105,2,77.94,0.07,,
120916,P,2001-04-20,96923,8,36.68,7.04,,
120917,P,2002-09-07,92913,8,27.56,6.65,,
120918,P,2000-02-22,52530,2,66.96,9.46,,
120919,P,2001-06-12,6979,10,68.37,4.00,,
120920,P,2001-10-13,19944,7,11.97,7.93,,
120921,P,2000-02-17,7342,4,29.46,5.87,,
120922,P,2002-02-05,88195,4,59.80,8.70,,
120923,P,2001-06-29,22594,8,37.12,1.82,,
120924,P,2000-04-04,95573,5,52.70,5.27,,
120925,P,2002-09-27,32185,3,52.49,3.46,,
120926,P,2002-03-22,78387,8,62.08,6.81,,
120927,P,2001-12-26,9547,6,9.11,2.61,,
120928,P,2001-01-15,48570,5,38.40,2.60,,
120929,P,2002-07-24,26156,9,83.94,1.92,,
120930,P,2001-09-30,84731,2,66.80,3.79,,
120931,P,2001-08-13,46041,4,52.09,8.26,,
120932,P,2001-12-20,50683,5,63.95,9.46,,
120933,P,2002-01-03,54940,7,63.56,7.34,,
120934,P,2000-07-05,61007,2,41.79,6.73,,
120935,P,2000-08-04,32676,2,48.76,8.46,,
120936,P,2002-02-23,17833,2,23.82,3.36,,
120937,P,2002-01-10,43538,9,97.78,6.62,,
120938,P,2000-07-01,60003,6,88.16,3.04,,
120939,P,2000-01-16,26900,10,37.07,1.32,,
120940,P,2001-01-01,86565,6,34.08,4.92,,
120941,P,2002-06-02,7888,9,48.17,3.87,,
120942,P,2001-12-05,47700,5,52.56,6.73,,
120943,P,2001-09-06,47193,8,4.10,8.86,,
120944,P,2000-06-30,93991,2,14.00,1.56,,
120945,P,2000-02-09,78198,6,19.56,0.26,,
120946,P,2001-06-19,71893,3,40.45,7.56,,
120947,P,2001-12-02,41644,9,76.77,7.35,,
120948,P,2002-01-12,21081,6,3.27,9.19,,
120949,P,2001-11-09,61949,6,22.38,3.69,,
120950,P,2002-02-27,25667,7,52.09,3.28,,
120951,P,2001-06-21,13458,9,19.02,4.19,,
120952,P,2000-02-03,53181,4,84.42,4.52,,
120953,P,2002-06-11,89522,5,72.57,2.00,,
120954,P,2000-02-14,12174,9,20.04,6.72,,
120955,P,2002-07-30,70332,8,55.37,7.45,,
120956,P,2001-07-02,922,6,91.73,7.35,,
120957,P,2000-01-28,55317,1,25.96,0.93,,
120958,P,2000-01-09,29199,8,50.81,1.29,,
120959,P,2001-01-08,98400,8,28.02,3.60,,
120960,P,2000-11-29,47198,3,7.12,1.35,,
120961,P,2002-07-27,57199,3,65.09,6.08,,
120962,P,2002-08-22,55608,4,90.44,8.59,,
120963,P,2000-07-14,19023,7,37.99,4.59,,
120964,P,2001-12-13,59971,6,18.70,6.46,,
120965,P,2002-08-11,28214,2,51.21,1.38,,
120966,P,2001-09-24,71801,1,86.68,1.64,,
120967,P,2002-04-08,34370,9,64.50,5.72,,
120968,P,2001-05-11,46485,6,79.76,0.60,,
120969,P,2000-03-14,13860,6,41.26,6.05,,
120970,P,2002-08-29,82827,5,83.23,6.64,,
120971,P,2001-12-07,89768,1,8.01,7.21,,
120972,P,2000-12-13,10066,6,20.89,3.98,,
120973,P,2002-08-01,79465,7,67.01,8.66,,
120974,P,2001-09-03,38478,4,75.66,1.25,,
120975,P,2001-05-15,51318,6,64.52,9.39,,
120976,P,2000-03-01,24262,9,45.52,1.16,,
120977,P,2000-05-03,94519,1,7.60,3.20,,
120978,P,2001-09-16,55747,7,30.80,1.81,,
120979,P,2001-12-24,46088,8,72.22,9.03,,
120980,P,2000-07-24,28541,6,35.25,4.54,,
120981,P,2000-07-14,12985,2,20.49,1.89,,
120982,P,2002-01-13,14375,4,64.93,6.77,,
120983,P,2002-06-20,15189,10,33.04,0.83,,
120984,P,2000-06-27,62106,8,33.10,0.79,,
120985,P,2000-07-15,98392,5,81.99,6.64,,
120986,P,2002-01-23,46418,10,47.81,6.04,,
120987,P,2001-03-08,69383,10,46.53,8.28,,
120988,P,2002-09-01,29263,6,62.52,5.47,,
120989,P,2002-08-13,31517,9,97.70,0.67,,
120990,P,2000-02-21,20982,4,47.96,3.99,,
120991,P,2001-02-04,71123,5,16.81,3.77,,
120992,P,2000-02-29,76282,6,61.79,7.21,,
120993,P,2000-07-05,69377,6,9.04,4.57,,
120994,P,2001-03-24,27804,10,52.14,9.43,,
120995,P,2000-08-06,26951,10,4.95,6.45,,
120996,P,2002-05-21,1633,6,76.62,6.88,,
120997,P,2000-09-16,78036,7,77.45,4.58,,
120998,P,2000-01-01,39499,4,72.03,8.62,,
120999,P,2001-11-21,93375,4,88.34,0.27,,
121000,P,2002-07-30,52440,2,76.44,2.17,,
121001,P,2002-06-06,88206,4,55.80,7.05,,
121002,P,2002-06-24,515,3,96.98,5.21,,
121003,P,2000-02-05,28070,8,96.39,8.89,,
121004,P,2000-08-22,59801,8,79.54,9.45,,
121005,P,2000-01-28,26602,6,23.36,0.62,,
121006,P,2001-11-11,22226,5,81.00,8.17,,
121007,P,2000-09-08,7639,2,34.73,6.07,,
121008,P,2000-05-25,80648,4,22.92,3.16,,
121009,P,2000-12-24,4289,6,96.83,1.80,,
121010,P,2000-01-29,27562,2,89.09,9.37,,
121011,P,2000-07-09,70245,6,96.31,6.87,,
121012,P,2002-08-28,56848,7,85.54,0.26,,
121013,P,2000-04-05,15174,3,22.10,0.92,,
121014,P,2000-11-16,76052,8,49.41,7.55,,
121015,P,2002-09-05,83192,6,33.35,6.81,,
121016,P,2001-11-24,91793,4,13.50,3.76,,
121017,P,2001-07-29,47609,5,96.92,7.54,,
121018,P,2001-06-24,7453,2,14.89,4.42,,
121019,P,2001-12-23,61420,7,9.73,0.92,,
121020,P,2001-07-08,86396,10,43.90,3.15,,
121021,P,2002-03-31,69870,10,28.24,1.73,,
121022,P,2002-01-30,24366,5,18.50,4.00,,
121023,P,2001-04-15,15543,2,78.56,7.43,,
121024,P,2001-01-02,55264,1,18.72,7.99,,
121025,P,2001-01-06,82565,5,34.07,5.54,,
121026,P,2000-08-04,54887,6,22.21,9.97,,
121027,P,2000-02-17,13193,10,36.17,7.41,,
121028,P,2002-03-21,88608,4,16.31,0.61,,
121029,P,2001-04-21,45186,3,8.59,9.87,,
121030,P,2000-06-14,25445,10,28.47,9.42,,
121031,P,2000-11-16,78204,2,79.23,4.32,,
121032,P,2002-03-06,64557,6,1.55,9.90,,
121033,P,2001-08-15,18191,4,93.60,5.78,,
121034,P,2001-11-01,91113,4,65.62,7.51,,
121035,P,2001-08-09,43392,1,50.44,0.52,,
121036,P,2002-01-11,35414,9,70.74,9.63,,
121037,P,2000-11-09,64161,7,40.26,6.32,,
121038,P,2000-11-08,29530,9,65.39,1.27,,
121039,P,2000-11-01,75691,5,72.29,1.22,,
121040,P,2000-09-04,60825,4,91.60,5.67,,
121041,P,2001-12-11,58685,7,59.25,4.84,,
121042,P,2001-10-28,60563,4,92.76,4.36,,
121043,P,2000-03-04,3782,4,73.71,6.46,,
121044,P,2001-09-06,21712,9,34.66,9.38,,
121045,P,2001-11-29,91762,5,34.06,6.61,,
121046,P,2001-07-21,24338,2,51.13,6.47,,
121047,P,2002-09-11,42946,5,20.73,2.50,,
121048,P,2001-09-25,28521,10,58.14,5.85,,
121049,P,2000-02-21,76452,10,35.46,6.13,,
121050,P,2000-05-27,41354,7,86.06,1.42,,
121051,P,2000-07-11,35412,7,54.70,3.43,,
121052,P,2001-08-26,7403,5,60.76,8.57,,
121053,P,2001-09-17,25330,7,67.90,7.59,,
121054,P,2001-02-21,62775,10,26.87,1.04,,
121055,P,2000-02-20,67384,6,67.58,2.88,,
121056,P,2001-02-14,26005,8,16.01,0.55,,
121057,P,2001-05-08,7196,6,33.50,0.53,,
121058,P,2002-02-18,41177,1,49.10,8.67,,
121059,P,2001-09-15,60445,9,70.15,5.55,,
121060,P,2002-07-07,48160,5,90.86,4.78,,
121061,P,2001-09-07,47993,1,74.69,6.62,,
121062,P,2002-01-31,17544,4,86.84,5.94,,
121063,P,2001-09-05,70097,10,76.27,9.40,,
121064,P,2000-11-26,80850,6,80.70,7.46,,
121065,P,2001-07-17,54615,8,87.14,9.62,,
121066,P,2000-09-05,91554,1,51.59,5.36,,
121067,P,2002-06-08,8108,10,51.41,8.22,,
121068,P,2002-03-08,2775,7,27.54,7.99,,
121069,P,2000-06-16,39293,5,60.80,6.21,,
121070,P,2001-01-27,74673,6,7.63,2.44,,
121071,P,2000-08-31,14667,5,33.61,1.87,,
121072,P,2000-06-02,78384,2,10.03,3.07,,
121073,P,2002-05-13,42204,5,52.01,5.82,,
121074,P,2000-11-19,414,3,60.75,9.50,,
121075,P,2001-12-25,13641,9,0.24,1.18,,
121076,P,2001-11-07,10279,1,55.47,0.49,,
121077,P,2001-05-09,76598,7,31.33,1.19,,
121078,P,2001-03-13,21856,9,17.32,5.69,,
121079,P,2000-04-21,6892,8,8.45,5.36,,
121080,P,2000-12-22,2485,3,51.14,8.78,,
121081,P,2000-02-10,69368,8,70.25,0.72,,
121082,P,2000-07-31,30346,2,38.19,2.25,,
121083,P,2000-07-14,24575,9,48.42,2.44,,
121084,P,2000-06-06,96140,10,6.07,7.94,,
121085,P,2000-08-04,20431,6,91.16,6.19,,
121086,P,2001-05-18,32043,2,82.64,8.14,,
121087,P,2002-02-08,41348,10,45.33,6.46,,
121088,P,2000-03-19,98036,9,93.31,9.25,,
121089,P,2000-10-28,90872,10,57.42,9.15,,
121090,P,2000-11-10,84128,5,19.22,4.98,,
121091,P,2001-08-30,72790,8,81.40,8.29,,
121092,P,2000-10-04,64037,3,41.70,0.31,,
121093,P,2002-07-30,32598,2,91.27,2.63,,
121094,P,2001-04-22,76280,8,32.45,3.12,,
121095,P,2000-10-28,23,10,28.03,5.92,,
121096,P,2002-08-27,56419,5,64.62,1.89,,
121097,P,2001-05-17,26767,4,20.40,8.17,,
121098,P,2001-07-18,76033,10,49.70,1.72,,
121099,P,2000-02-28,78366,6,53.02,1.68,,
121100,P,2000-06-21,50440,4,60.70,9.48,,
121101,P,2000-03-01,62684,8,5.49,9.79,,
121102,P,2002-03-07,36357,4,61.79,0.39,,
121103,P,2001-07-09,32324,10,84.87,0.21,,
121104,P,2000-04-20,31299,1,16.98,3.48,,
121105,P,2002-03-07,4401,6,97.46,2.30,,
121106,P,2000-01-17,99212,7,70.91,5.39,,
121107,P,2001-03-06,40006,10,88.43,3.85,,
121108,P,2001-07-30,4944,7,84.12,9.80,,
121109,P,2001-01-12,25057,7,43.52,6.26,,
121110,P,2001-01-18,7861,1,95.37,3.49,,
121111,P,2000-12-13,17839,9,30.59,2.29,,
121112,P,2000-11-02,94387,7,86.33,7.08,,
121113,P,2000-09-15,17216,1,23.36,9.91,,
121114,P,2002-08-18,37217,4,16.89,3.20,,
121115,P,2000-08-04,4979,5,16.83,2.01,,
121116,P,2000-04-14,3635,5,66.94,7.34,,
121117,P,2002-04-06,63685,1,43.03,6.12,,
121118,P,2001-01-01,78908,4,7.22,2.11,,
121119,P,2000-09-29,22754,7,29.29,1.61,,
121120,P,2002-08-23,38324,8,9.10,3.73,,
121121,P,2002-06-20,40611,5,51.10,1.38,,
121122,P,2002-08-03,31746,5,10.83,8.93,,
121123,P,2002-02-04,67192,9,32.17,0.41,,
121124,P,2001-10-07,59088,5,12.74,9.68,,
121125,P,2002-04-22,55075,6,73.94,2.21,,
121126,P,2000-05-23,74724,7,56.42,6.62,,
121127,P,2002-09-05,31475,5,42.56,5.59,,
121128,P,2001-12-30,52665,8,38.51,8.86,,
121129,P,2002-04-13,69422,6,36.33,6.91,,
121130,P,2001-10-19,67979,3,46.99,2.12,,
121131,P,2002-05-18,81035,5,90.08,9.91,,
121132,P,2001-02-20,70648,9,39.21,9.59,,
121133,P,2002-07-19,1341,6,9.52,9.79,,
121134,P,2000-10-25,54155,4,67.80,3.43,,
121135,P,2002-03-18,16433,8,3.08,5.77,,
121136,P,2002-05-10,33964,3,70.58,5.00,,
121137,P,2001-03-01,96377,6,63.30,0.58,,
121138,P,2002-09-12,22977,2,68.32,1.76,,
121139,P,2002-01-13,19610,6,13.96,7.28,,
121140,P,2000-08-22,59090,8,76.01,2.80,,
121141,P,2000-03-11,6257,5,8.64,8.90,,
121142,P,2000-02-12,7196,8,3.94,5.23,,
121143,P,2001-12-23,26278,5,69.66,9.48,,
121144,P,2000-07-20,75768,5,11.66,5.10,,
121145,P,2001-10-22,32345,8,32.80,2.07,,
121146,P,2000-12-04,77485,7,9.73,7.56,,
121147,P,2001-02-13,95254,9,86.45,1.15,,
121148,P,2002-03-14,79083,2,11.13,5.85,,
121149,P,2001-01-18,59454,6,77.44,5.71,,
121150,P,2001-10-29,31158,1,41.81,8.43,,
121151,P,2000-12-15,14900,4,82.33,4.08,,
121152,P,2001-10-10,65019,3,18.71,4.06,,
121153,P,2000-01-29,93070,7,60.36,4.52,,
121154,P,2000-09-26,29912,3,55.44,7.83,,
121155,P,2001-04-13,18224,4,6.51,2.77,,
121156,P,2002-01-25,73933,4,93.31,3.42,,
121157,P,2002-09-18,37376,6,98.19,5.42,,
121158,P,2002-07-07,13966,6,61.32,5.90,,
121159,P,2001-05-29,22701,10,61.31,5.86,,
121160,P,2001-09-09,42291,9,92.39,4.67,,
121161,P,2002-08-15,12492,2,21.16,7.82,,
121162,P,2000-10-01,27705,6,85.66,0.84,,
121163,P,2000-08-11,5124,2,79.03,8.31,,
121164,P,2000-02-27,71302,7,2.57,4.71,,
121165,P,2002-07-19,58592,10,38.72,0.37,,
121166,P,2001-08-30,4313,9,23.56,6.07,,
121167,P,2000-02-22,91662,9,12.01,7.82,,
121168,P,2000-09-07,98149,2,27.65,9.04,,
121169,P,2001-03-26,95318,6,85.60,1.25,,
121170,P,2001-05-03,42647,7,53.08,6.45,,
121171,P,2002-05-31,66861,7,29.99,7.75,,
121172,P,2000-11-25,504,5,60.90,4.09,,
121173,P,2002-04-16,50151,9,6.88,4.33,,
121174,P,2001-05-02,5711,10,76.82,9.53,,
121175,P,2000-05-31,12411,3,5.80,2.38,,
121176,P,2002-01-03,86007,4,3.27,6.34,,
121177,P,2002-03-28,42375,9,39.85,7.77,,
121178,P,2000-10-10,16091,7,92.44,9.57,,
121179,P,2002-02-14,72734,5,65.51,3.98,,
121180,P,2001-01-25,80256,3,44.56,2.30,,
121181,P,2000-02-12,9420,4,67.98,1.87,,
121182,P,2001-01-09,18612,9,18.74,1.63,,
121183,P,2001-07-19,96509,3,39.04,7.04,,
121184,P,2001-06-23,65651,4,5.10,7.20,,
121185,P,2000-06-26,91665,6,57.23,9.77,,
121186,P,2000-05-12,59759,7,14.66,5.93,,
121187,P,2000-07-09,15979,10,8.82,0.03,,
121188,P,2001-02-06,9256,8,16.99,9.11,,
