322873,P,2000-04-19,43448,8,70.23,4.68,,
322874,P,2000-06-16,53087,5,85.81,1.37,,
322875,P,2001-12-03,86783,6,45.75,6.86,,
322876,P,2001-02-27,59635,9,7.52,0.80,,
322877,P,2002-06-23,27135,10,51.73,2.90,,
322878,P,2001-08-09,75928,2,56.67,9.20,,
322879,P,2000-01-16,3450,9,61.23,4.95,,
322880,P,2000-08-27,63309,2,84.70,5.88,,
322881,P,2001-09-21,95962,9,78.74,0.05,,
322882,P,2000-09-27,3246,6,74.92,3.46,,
322883,P,2000-05-27,28687,1,71.95,5.47,,
322884,P,2000-09-19,94195,5,67.50,8.31,,
322885,P,2000-03-08,57610,2,32.41,5.59,,
322886,P,2001-12-21,5541,1,64.61,2.75,,
322887,P,2001-10-28,72104,1,30.78,4.27,,
322888,P,2001-06-16,6479,4,35.79,5.88,,
322889,P,2000-06-07,76973,10,23.04,7.69,,
322890,P,2000-06-02,26217,3,23.65,2.59,,
322891,P,2002-04-22,34920,7,56.19,5.61,,
322892,P,2000-08-05,78957,10,69.34,9.05,,
322893,P,2002-04-20,94272,6,95.99,9.72,,
322894,P,2002-02-16,10348,2,62.86,2.40,,
322895,P,2001-09-20,82814,5,95.47,4.27,,
322896,P,2002-08-04,69070,7,39.50,0.86,,
322897,P,2000-07-12,65693,3,72.82,2.53,,
322898,P,2000-12-30,92414,10,14.20,8.25,,
322899,P,2000-10-05,81631,4,66.42,0.73,,
322900,P,2002-03-08,22983,1,4.84,3.92,,
322901,P,2000-10-06,98071,3,54.94,3.38,,
322902,P,2002-03-05,76387,2,31.85,1.25,,
322903,P,2001-10-01,90260,5,57.26,9.05,,
322904,P,2001-08-24,53135,5,43.06,3.13,,
322905,P,2000-11-22,59111,6,73.67,3.96,,
322906,P,2002-09-04,29891,2,71.02,7.52,,
322907,P,2002-09-02,43687,3,11.73,2.48,,
322908,P,2002-08-26,36165,6,39.18,0.77,,
322909,P,2002-03-01,27363,9,30.27,7.85,,
322910,P,2001-02-18,40044,6,49.90,3.13,,
322911,P,2002-01-20,30681,9,51.31,3.33,,
322912,P,2000-03-30,49420,3,41.74,5.24,,
322913,P,2001-02-01,55135,5,45.83,9.27,,
322914,P,2000-06-24,41628,10,3.94,6.53,,
322915,P,2001-08-30,45986,3,80.79,6.58,,
322916,P,2001-06-01,10459,1,88.86,3.86,,
322917,P,2002-04-05,70455,4,69.95,5.74,,
322918,P,2000-09-05,41561,9,29.90,7.30,,
322919,P,2002-03-18,35325,8,0.41,1.37,,
322920,P,2000-05-26,25868,4,95.90,5.75,,
322921,P,2001-10-24,28661,2,34.33,4.16,,
322922,P,2000-08-26,81703,9,82.38,9.44,,
322923,P,2002-09-24,71419,8,40.92,3.03,,
322924,P,2002-04-03,95068,4,74.31,6.61,,
322925,P,2001-10-24,70932,6,86.69,5.79,,
322926,P,2002-08-18,69840,3,6.32,0.25,,
322927,P,2000-12-14,80646,10,15.86,5.47,,
322928,P,2002-05-24,22352,2,30.71,1.91,,
322929,P,2001-11-29,59799,8,66.41,1.14,,
322930,P,2002-07-25,41241,8,91.93,8.02,,
322931,P,2001-04-05,80908,4,87.18,6.23,,
322932,P,2001-06-14,87835,8,67.51,7.84,,
322933,P,2001-07-31,2074,1,88.07,0.18,,
322934,P,2002-09-15,12664,5,73.85,0.46,,
322935,P,2001-03-28,72987,2,52.36,7.33,,
322936,P,2002-07-19,97791,3,56.66,4.65,,
322937,P,2001-01-15,2183,2,12.58,9.55,,
322938,P,2002-06-16,53757,9,52.54,8.91,,
322939,P,2001-07-29,35701,7,24.51,9.54,,
322940,P,2000-08-14,12277,2,71.34,8.78,,
322941,P,2000-08-16,40431,9,58.95,2.39,,
322942,P,2002-07-13,12234,7,16.90,1.13,,
322943,P,2000-04-19,7292,6,51.81,2.31,,
322944,P,2001-01-11,33416,4,80.78,4.11,,
322945,P,2002-05-22,18738,9,38.61,9.29,,
322946,P,2000-09-03,3606,9,54.13,1.05,,
322947,P,2002-03-07,84587,6,49.60,9.97,,
322948,P,2002-07-06,47335,4,60.91,9.33,,
322949,P,2000-01-12,71370,2,40.61,1.34,,
322950,P,2000-07-20,77706,3,4.63,3.27,,
322951,P,2000-02-09,74474,10,25.30,9.99,,
322952,P,2001-01-30,9750,1,89.24,4.46,,
322953,P,2002-08-13,40817,10,89.77,6.21,,
322954,P,2001-05-06,53589,9,74.30,9.75,,
322955,P,2002-03-08,36023,7,46.55,2.34,,
322956,P,2001-09-21,14272,10,56.98,3.92,,
322957,P,2002-09-20,2380,4,98.25,3.70,,
322958,P,2001-08-21,96857,8,69.98,5.29,,
322959,P,2001-09-05,47729,9,85.43,6.38,,
322960,P,2001-11-23,21924,1,92.01,5.01,,
322961,P,2001-11-21,60089,6,1.54,9.40,,
322962,P,2001-09-17,53946,1,12.05,2.86,,
322963,P,2002-07-16,41669,2,69.03,8.56,,
322964,P,2002-03-13,86678,10,13.13,9.84,,
322965,P,2001-06-08,4790,2,94.94,9.97,,
322966,P,2002-05-24,52867,10,46.79,6.56,,
322967,P,2001-05-18,39815,6,27.47,5.44,,
322968,P,2000-04-29,10921,9,99.18,9.55,,
322969,P,2000-01-11,60860,2,16.39,2.11,,
322970,P,2002-07-22,98551,9,81.13,0.79,,
322971,P,2000-09-14,55894,8,77.07,7.38,,
322972,P,2002-09-03,28844,6,81.10,4.48,,
322973,P,2001-03-24,40316,9,35.53,1.94,,
322974,P,2001-11-30,52488,4,44.49,5.55,,
322975,P,2002-09-10,14570,10,77.73,5.33,,
322976,P,2001-06-10,33582,9,67.93,2.25,,
322977,P,2002-02-08,36801,3,61.77,2.48,,
322978,P,2001-12-23,39696,1,27.03,0.69,,
322979,P,2001-10-29,86518,4,95.37,5.17,,
322980,P,2002-04-29,92869,6,94.32,8.38,,
322981,P,2001-05-10,82422,2,68.14,4.04,,
322982,P,2001-10-29,30202,7,69.25,7.24,,
322983,P,2000-07-12,47043,2,42.72,5.69,,
322984,P,2000-03-01,44391,7,52.85,7.90,,
322985,P,2000-05-23,91476,6,58.06,4.81,,
322986,P,2001-04-11,61522,4,22.97,4.83,,
322987,P,2001-06-21,63055,7,65.13,6.70,,
322988,P,2002-06-11,71468,9,8.89,8.55,,
322989,P,2001-04-24,74683,6,31.96,6.17,,
322990,P,2002-04-01,99281,9,42.32,3.47,,
322991,P,2000-01-08,16496,8,24.32,9.49,,
322992,P,2002-04-17,25432,9,19.29,1.88,,
322993,P,2000-04-20,81545,10,42.13,9.06,,
322994,P,2000-09-07,11048,5,25.39,4.96,,
322995,P,2000-08-15,52127,3,47.76,6.71,,
322996,P,2002-04-27,81697,1,86.48,8.45,,
322997,P,2001-10-04,80993,2,38.91,0.62,,
322998,P,2001-06-22,13408,9,47.55,4.91,,
322999,P,2002-01-06,58719,5,10.96,6.34,,
323000,P,2002-08-22,14961,9,84.00,1.34,,
323001,P,2001-07-09,93628,8,63.45,2.62,,
323002,P,2000-05-01,69425,7,29.64,3.92,,
323003,P,2001-05-29,30857,10,96.11,0.13,,
323004,P,2002-08-06,18301,1,61.34,6.22,,
323005,P,2002-02-02,26931,1,34.34,5.46,,
323006,P,2000-05-22,58881,10,50.53,0.97,,
323007,P,2002-04-26,27713,8,63.91,3.43,,
323008,P,2002-08-18,57662,5,71.52,5.45,,
323009,P,2000-01-03,46643,10,17.82,4.02,,
323010,P,2002-09-01,96238,10,94.55,5.80,,
323011,P,2001-12-20,29014,9,41.50,2.29,,
323012,P,2002-07-13,9286,6,72.85,8.39,,
323013,P,2001-03-17,58061,9,44.29,5.82,,
323014,P,2000-11-17,50487,6,97.09,6.06,,
323015,P,2000-06-26,6422,1,52.69,7.50,,
323016,P,2001-08-13,86315,6,41.95,8.63,,
323017,P,2001-02-01,49802,4,23.83,1.77,,
323018,P,2002-07-29,3098,4,90.68,9.55,,
323019,P,2001-10-10,28315,8,1.23,9.43,,
323020,P,2000-04-13,49128,4,50.27,2.69,,
323021,P,2002-03-25,46831,4,91.13,4.99,,
323022,P,2000-09-19,78892,8,72.20,3.91,,
323023,P,2002-08-29,5054,8,15.95,1.53,,
323024,P,2002-01-06,34788,6,87.32,6.04,,
323025,P,2001-10-06,78252,8,22.33,5.71,,
323026,P,2001-06-04,4462,5,91.38,1.51,,
323027,P,2002-07-15,22104,9,2.30,8.34,,
323028,P,2000-09-27,95486,1,86.96,3.07,,
323029,P,2000-10-16,58448,3,44.24,1.02,,
323030,P,2002-04-29,37753,6,15.51,7.02,,
323031,P,2000-02-21,1612,3,19.73,4.79,,
323032,P,2001-07-19,9254,3,19.05,5.92,,
323033,P,2001-08-30,63938,9,29.84,7.38,,
323034,P,2002-09-23,49141,6,28.93,0.20,,
323035,P,2000-07-23,92671,2,18.91,1.89,,
323036,P,2002-02-06,42390,9,14.77,0.09,,
323037,P,2001-07-01,89274,5,16.94,0.29,,
323038,P,2002-01-03,67765,5,3.56,7.54,,
323039,P,2000-03-16,84230,5,66.87,7.27,,
323040,P,2001-01-20,90652,10,62.42,2.91,,
323041,P,2000-11-29,1419,10,84.30,6.32,,
323042,P,2001-11-10,12904,2,15.70,9.53,,
323043,P,2002-09-19,89361,9,18.67,9.81,,
323044,P,2001-09-09,67188,6,74.85,4.95,,
323045,P,2000-03-05,69861,2,52.08,1.90,,
323046,P,2001-03-10,91216,5,1.59,3.49,,
323047,P,2001-06-02,64758,8,3.27,7.64,,
323048,P,2000-12-17,44680,10,7.86,1.47,,
323049,P,2001-12-10,91666,1,11.18,2.23,,
323050,P,2000-10-26,30026,10,68.05,6.05,,
323051,P,2001-05-13,28437,1,41.84,2.75,,
323052,P,2001-11-20,8435,10,87.14,1.67,,
323053,P,2002-05-05,51059,3,40.19,1.57,,
323054,P,2001-06-08,54595,7,49.45,7.78,,
323055,P,2001-09-02,7777,8,35.45,3.65,,
323056,P,2002-06-01,69767,1,36.68,9.05,,
323057,P,2001-10-03,95034,5,19.80,9.36,,
323058,P,2002-04-08,62690,10,48.23,6.04,,
323059,P,2000-01-13,59070,4,86.40,8.20,,
323060,P,2002-03-26,55077,4,10.87,3.16,,
323061,P,2001-10-19,37463,4,39.70,3.61,,
323062,P,2000-08-17,92290,8,6.49,5.98,,
323063,P,2000-05-25,32625,10,94.59,1.87,,
323064,P,2000-01-08,66881,2,28.88,0.11,,
323065,P,2000-08-31,59054,9,52.80,3.77,,
323066,P,2000-08-15,82429,7,92.26,1.56,,
323067,P,2001-05-05,10276,5,72.30,0.93,,
323068,P,2001-09-23,26352,1,65.63,8.75,,
323069,P,2001-03-18,38024,7,63.14,7.48,,
323070,P,2001-05-01,98030,7,9.67,4.98,,
323071,P,2002-08-16,49717,2,59.45,1.32,,
323072,P,2000-09-25,90424,7,65.06,2.36,,
323073,P,2000-08-07,65731,7,76.58,0.46,,
323074,P,2000-04-26,93957,7,16.52,8.00,,
323075,P,2000-02-17,85817,10,5.01,2.73,,
323076,P,2002-09-14,65070,8,29.75,5.72,,
323077,P,2000-07-08,11500,8,17.78,1.66,,
323078,P,2000-09-20,90116,6,4.69,7.62,,
323079,P,2000-01-07,32178,6,91.38,3.76,,
323080,P,2002-05-18,32777,5,48.43,0.90,,
323081,P,2001-06-14,95097,10,85.93,0.41,,
323082,P,2000-05-07,80155,2,98.26,1.13,,
323083,P,2002-03-23,13543,6,77.47,0.99,,
323084,P,2001-07-26,50093,6,82.76,6.51,,
323085,P,2002-02-09,41266,6,7.20,7.94,,
323086,P,2002-06-30,64031,10,96.71,3.50,,
323087,P,2000-01-01,86209,5,36.00,8.11,,
323088,P,2002-07-13,54201,7,10.68,5.67,,
323089,P,2002-08-08,57382,1,15.92,8.58,,
323090,P,2002-09-11,59863,7,22.69,1.04,,
323091,P,2001-11-21,63293,8,25.34,4.37,,
323092,P,2000-10-28,79742,9,75.30,6.49,,
323093,P,2002-08-29,95119,7,40.73,2.65,,
323094,P,2000-04-22,92673,3,10.59,4.71,,
323095,P,2001-01-22,82350,2,32.59,3.76,,
323096,P,2002-09-20,59599,5,84.06,8.50,,
323097,P,2000-06-16,9256,5,25.74,9.33,,
323098,P,2000-12-05,25586,7,80.64,4.72,,
323099,P,2001-06-29,28234,9,40.44,2.11,,
323100,P,2001-08-03,69690,7,66.66,5.30,,
323101,P,2001-08-28,51163,10,19.70,4.52,,
323102,P,2002-03-11,38792,1,40.02,2.06,,
323103,P,2002-09-27,51155,8,58.30,3.80,,
323104,P,2000-12-29,88086,4,91.47,9.53,,
323105,P,2001-12-07,55123,3,57.11,8.57,,
323106,P,2002-09-26,71089,2,42.78,2.99,,
323107,P,2001-02-08,75021,4,68.45,4.60,,
323108,P,2001-05-18,43933,4,55.85,4.26,,
323109,P,2002-08-09,92816,2,2.89,4.01,,
323110,P,2000-09-24,59147,5,62.48,2.74,,
323111,P,2002-06-08,36709,4,99.69,8.75,,
323112,P,2002-04-06,20448,6,56.59,7.20,,
323113,P,2002-08-09,46546,9,59.38,7.32,,
323114,P,2000-04-09,2963,10,5.37,7.05,,
323115,P,2002-08-20,10953,1,77.06,3.94,,
323116,P,2002-07-25,62651,7,11.57,7.61,,
323117,P,2001-12-06,34062,4,83.18,4.86,,
323118,P,2001-07-24,63698,8,61.32,1.77,,
323119,P,2002-04-10,33671,9,99.54,0.36,,
323120,P,2001-06-04,55544,7,85.81,5.07,,
323121,P,2002-04-12,16833,4,74.43,5.42,,
323122,P,2002-04-08,76377,6,32.50,7.07,,
323123,P,2000-07-06,45786,9,7.31,2.17,,
323124,P,2001-08-24,54000,5,31.21,8.78,,
323125,P,2000-08-29,31562,1,71.92,8.80,,
323126,P,2000-01-17,868,7,10.97,0.40,,
323127,P,2000-05-22,99448,4,32.69,2.26,,
323128,P,2001-06-28,94774,9,99.22,0.38,,
323129,P,2001-03-16,35996,2,60.39,9.34,,
323130,P,2001-04-05,14967,8,76.68,2.53,,
323131,P,2000-01-24,49316,5,84.25,0.06,,
323132,P,2000-10-10,36332,2,57.72,6.17,,
323133,P,2002-05-11,47854,2,43.74,8.24,,
323134,P,2001-02-15,41029,6,13.52,1.32,,
323135,P,2001-05-17,28018,8,40.16,6.02,,
323136,P,2002-05-02,26608,1,88.25,4.32,,
323137,P,2000-04-09,54056,7,88.16,3.97,,
323138,P,2002-05-23,77974,4,59.05,0.47,,
323139,P,2002-05-14,17498,5,38.32,1.81,,
323140,P,2000-02-18,97706,9,1.35,9.87,,
323141,P,2000-03-30,81395,10,22.36,5.58,,
323142,P,2001-03-07,11377,6,35.94,7.08,,
323143,P,2000-11-06,66022,5,72.53,2.59,,
323144,P,2001-11-13,58869,3,32.19,2.11,,
323145,P,2002-02-15,11984,10,4.21,5.99,,
323146,P,2000-12-17,7463,9,8.02,9.92,,
323147,P,2000-08-19,31232,8,65.45,7.03,,
323148,P,2000-08-14,28370,6,45.18,3.08,,
323149,P,2000-06-02,86822,3,14.07,0.28,,
323150,P,2002-01-25,59580,4,11.12,5.57,,
323151,P,2001-12-01,4492,2,81.02,7.95,,
323152,P,2002-06-17,28255,9,37.25,5.27,,
323153,P,2001-12-23,75667,4,46.00,5.10,,
323154,P,2000-01-15,48319,4,90.90,4.93,,
323155,P,2002-08-21,28968,9,35.00,1.03,,
323156,P,2000-01-29,19580,2,94.32,9.55,,
323157,P,2002-01-11,45707,10,52.95,2.10,,
323158,P,2001-08-26,74554,6,59.17,5.82,,
323159,P,2000-05-13,16174,7,49.64,2.56,,
323160,P,2000-10-04,60604,10,65.78,1.32,,
323161,P,2001-09-21,47362,4,19.81,3.21,,
323162,P,2002-01-12,27116,2,68.41,1.33,,
323163,P,2000-02-07,6443,4,51.34,3.76,,
323164,P,2001-04-27,94763,2,79.05,9.08,,
323165,P,2002-02-06,89830,4,67.62,5.49,,
323166,P,2001-10-20,88616,5,11.98,7.53,,
323167,P,2001-02-21,53171,2,70.23,7.24,,
323168,P,2000-05-16,5009,7,49.70,9.43,,
323169,P,2000-12-06,69791,2,1.11,0.61,,
323170,P,2001-04-20,64662,5,46.77,2.08,,
323171,P,2001-05-18,1421,7,49.53,7.46,,
323172,P,2001-01-03,726,4,4.52,0.99,,
323173,P,2000-10-02,78300,8,68.36,6.88,,
323174,P,2001-12-11,85122,8,50.22,1.57,,
323175,P,2002-07-12,991,1,52.09,9.32,,
323176,P,2001-02-26,87171,1,99.81,0.39,,
323177,P,2002-05-29,9297,10,60.82,2.82,,
323178,P,2002-07-04,97264,2,38.08,5.36,,
323179,P,2002-01-26,84540,9,75.94,6.90,,
323180,P,2002-02-23,45903,3,78.83,9.29,,
323181,P,2000-02-19,82241,3,35.34,9.06,,
323182,P,2001-01-07,34874,6,40.97,4.41,,
323183,P,2000-09-05,42420,6,10.36,7.56,,
323184,P,2002-03-08,34421,1,76.54,2.62,,
323185,P,2002-04-26,68017,8,96.59,7.30,,
323186,P,2002-03-07,77835,1,56.25,4.32,,
323187,P,2000-01-03,19843,3,76.95,9.54,,
323188,P,2001-03-13,82228,6,0.97,2.51,,
323189,P,2000-09-23,63698,7,81.83,2.27,,
323190,P,2001-11-03,85386,4,44.47,2.71,,
323191,P,2002-09-08,28488,7,54.76,9.31,,
323192,P,2001-07-26,55688,6,22.72,9.63,,
323193,P,2000-07-30,55655,1,51.10,8.17,,
323194,P,2002-02-09,31924,4,91.05,4.21,,
323195,P,2001-04-09,58497,8,57.03,4.83,,
323196,P,2000-03-07,42838,6,36.32,6.44,,
323197,P,2000-04-14,94461,2,48.38,6.43,,
323198,P,2002-03-08,51996,1,60.07,9.64,,
323199,P,2002-06-26,47012,5,52.15,6.94,,
323200,P,2000-09-15,84482,1,18.52,3.20,,
323201,P,2001-09-30,15548,4,96.25,9.29,,
323202,P,2001-01-23,70543,4,45.05,5.17,,
323203,P,2000-08-21,81379,2,57.12,0.37,,
323204,P,2001-11-04,72295,10,38.95,0.52,,
323205,P,2002-07-09,13149,1,83.12,0.53,,
323206,P,2001-05-29,97920,3,72.88,5.51,,
323207,P,2001-04-03,11123,4,71.76,5.34,,
323208,P,2001-11-15,54931,5,6.94,8.49,,
323209,P,2000-06-01,73191,1,33.21,7.34,,
323210,P,2001-09-07,21427,5,90.32,0.14,,
323211,P,2002-04-11,58369,4,85.43,6.55,,
323212,P,2002-06-13,91117,10,93.88,3.20,,
323213,P,2000-07-06,68913,10,81.78,6.28,,
323214,P,2000-06-27,51575,3,68.91,9.00,,
323215,P,2000-10-07,52955,6,47.93,6.75,,
323216,P,2001-10-17,38136,1,7.46,5.90,,
323217,P,2000-01-22,17591,5,96.10,9.18,,
323218,P,2002-01-11,17273,4,9.90,4.47,,
323219,P,2000-05-26,82886,3,35.55,5.82,,
323220,P,2002-01-10,43135,3,5.10,7.20,,
323221,P,2000-01-12,94178,8,13.83,7.44,,
323222,P,2000-11-16,32176,4,27.39,9.21,,
323223,P,2001-05-17,34652,6,94.37,8.30,,
323224,P,2000-12-09,63651,5,15.61,8.33,,
323225,P,2000-11-26,35586,9,89.08,7.44,,
323226,P,2002-09-21,8720,8,93.54,4.58,,
323227,P,2001-11-22,29253,3,16.75,8.34,,
323228,P,2002-07-28,86587,2,19.99,5.71,,
323229,P,2001-09-27,34813,6,71.43,6.68,,
323230,P,2002-02-25,12323,2,63.48,2.24,,
323231,P,2002-03-24,58009,2,21.53,1.19,,
323232,P,2000-02-28,36518,4,65.52,8.61,,
323233,P,2000-08-09,15461,1,2.34,8.33,,
323234,P,2002-08-05,86601,6,12.11,7.76,,
323235,P,2000-08-30,13829,7,89.29,3.77,,
323236,P,2002-04-13,76456,10,6.72,3.54,,
323237,P,2001-03-13,40382,7,39.63,2.23,,
323238,P,2000-03-31,11700,7,69.02,1.37,,
323239,P,2000-04-03,33633,1,78.96,0.51,,
323240,P,2001-05-29,74943,10,74.96,4.01,,
323241,P,2002-02-05,16126,4,82.35,5.84,,
323242,P,2001-12-25,59408,7,27.49,1.41,,
323243,P,2001-05-19,40617,10,37.56,3.49,,
323244,P,2001-11-05,49026,7,86.57,4.32,,
323245,P,2001-04-16,91663,6,44.95,5.55,,
323246,P,2001-06-23,4877,7,27.41,4.86,,
323247,P,2001-06-11,2803,1,59.72,7.66,,
323248,P,2001-08-17,59525,4,90.37,4.92,,
323249,P,2001-10-16,41101,4,82.73,3.45,,
323250,P,2001-07-19,75523,9,2.85,5.73,,
323251,P,2000-05-22,92846,1,0.75,7.87,,
323252,P,2001-05-31,99456,9,28.29,8.29,,
323253,P,2001-11-02,95511,6,88.45,3.83,,
323254,P,2001-11-27,39383,4,60.21,0.80,,
323255,P,2001-04-10,25723,1,81.55,3.91,,
323256,P,2002-06-10,88905,3,22.27,1.26,,
323257,P,2002-04-25,77330,7,80.43,2.30,,
323258,P,2000-01-16,82886,10,14.20,5.79,,
323259,P,2001-11-09,81267,6,47.66,8.01,,
323260,P,2000-04-12,93012,1,44.50,4.00,,
323261,P,2001-12-04,26,7,38.10,7.08,,
323262,P,2000-11-11,57421,7,87.44,8.79,,
323263,P,2002-01-03,52503,4,39.13,8.70,,
323264,P,2000-12-01,6382,1,82.62,2.00,,
323265,P,2001-01-17,60777,4,53.20,5.56,,
323266,P,2002-09-26,39076,9,90.66,6.71,,
323267,P,2002-07-14,97969,10,38.94,2.47,,
323268,P,2002-09-21,90839,7,92.86,1.33,,
323269,P,2001-10-17,71843,6,45.12,5.61,,
323270,P,2000-04-18,65422,3,63.44,4.10,,
323271,P,2000-11-11,60901,10,99.46,9.34,,
323272,P,2001-08-04,88400,2,56.22,0.83,,
323273,P,2001-07-04,64375,8,39.28,8.08,,
323274,P,2002-07-08,6408,8,75.67,0.48,,
323275,P,2001-09-16,57089,7,45.91,7.51,,
323276,P,2000-11-09,57406,6,67.55,8.72,,
323277,P,2000-03-05,62280,8,90.73,1.48,,
323278,P,2002-06-29,66583,1,12.65,0.45,,
323279,P,2001-12-03,1747,10,37.37,8.90,,
323280,P,2000-09-02,3748,6,5.66,3.98,,
323281,P,2000-03-29,3137,10,40.70,8.65,,
323282,P,2002-07-06,861,5,91.52,2.99,,
323283,P,2001-02-15,64857,5,8.06,9.31,,
323284,P,2000-07-30,86192,5,41.32,3.61,,
323285,P,2002-03-10,33509,8,80.68,0.27,,
323286,P,2001-04-07,59683,4,52.00,8.15,,
323287,P,2000-01-22,44730,6,95.72,2.41,,
323288,P,2001-10-11,70399,1,70.17,6.03,,
323289,P,2002-07-28,44037,4,86.95,1.27,,
323290,P,2001-03-08,76679,3,3.56,7.40,,
323291,P,2000-04-28,46260,6,29.59,7.94,,
323292,P,2000-12-03,80435,8,86.87,9.59,,
323293,P,2001-09-06,25214,9,81.26,6.01,,
323294,P,2000-01-13,87498,1,13.16,5.27,,
323295,P,2000-11-26,6512,9,57.97,9.10,,
323296,P,2001-08-26,25336,5,31.15,5.27,,
323297,P,2002-05-22,77888,9,69.94,9.86,,
323298,P,2001-10-09,2402,7,88.22,0.93,,
323299,P,2001-06-23,19182,9,64.12,7.13,,
323300,P,2000-10-10,94703,10,70.95,0.08,,
323301,P,2002-02-12,85169,10,90.84,5.25,,
323302,P,2001-08-15,58590,6,88.09,6.43,,
323303,P,2002-05-23,43087,7,62.14,8.04,,
323304,P,2000-01-31,18471,7,34.19,3.35,,
323305,P,2000-08-11,52107,10,32.82,4.75,,
323306,P,2001-11-24,81773,10,15.48,2.67,,
323307,P,2000-09-14,24289,4,46.21,8.65,,
323308,P,2000-12-01,33143,3,1.24,2.69,,
323309,P,2000-07-31,42254,6,26.34,2.35,,
323310,P,2002-03-10,60927,1,87.56,3.83,,
323311,P,2002-06-03,68091,7,36.61,3.40,,
323312,P,2000-12-28,31979,7,69.01,1.15,,
323313,P,2000-07-11,60820,5,10.79,8.28,,
323314,P,2002-05-06,85588,8,11.52,4.05,,
323315,P,2000-06-21,97041,5,65.76,1.36,,
323316,P,2002-02-05,52374,8,62.32,6.34,,
323317,P,2000-05-18,23691,10,34.10,2.93,,
323318,P,2000-09-07,61108,3,38.58,2.58,,
323319,P,2000-04-17,1746,3,91.07,2.61,,
323320,P,2002-08-27,90004,2,43.18,7.24,,
323321,P,2002-01-03,89901,10,51.63,0.58,,
323322,P,2002-05-08,87762,8,17.38,1.78,,
323323,P,2001-09-19,70211,2,43.67,8.94,,
323324,P,2000-02-02,75906,3,33.70,1.53,,
323325,P,2000-05-26,23214,9,51.45,1.31,,
323326,P,2001-11-21,14528,7,7.75,5.05,,
323327,P,2001-08-02,33753,2,44.83,4.72,,
323328,P,2002-03-21,35098,3,16.36,0.85,,
323329,P,2000-12-06,26861,7,16.41,2.89,,
323330,P,2002-03-19,48836,10,40.13,6.83,,
323331,P,2000-08-11,12282,4,22.26,5.44,,
323332,P,2001-11-17,95183,6,3.64,2.25,,
323333,P,2000-01-24,11760,3,37.58,4.05,,
323334,P,2000-08-08,77089,9,56.47,8.72,,
323335,P,2000-06-26,42531,7,33.79,8.71,,
323336,P,2000-06-14,30121,10,24.91,4.87,,
323337,P,2002-01-29,65089,5,62.21,4.53,,
323338,P,2000-07-30,8194,7,37.53,3.43,,
323339,P,2002-08-21,1338,5,73.76,9.22,,
323340,P,2001-04-01,46072,2,67.67,7.74,,
323341,P,2000-02-20,33094,4,41.96,0.74,,
323342,P,2002-06-15,84217,9,80.11,8.03,,
323343,P,2001-01-31,13349,6,16.99,6.31,,
323344,P,2000-05-30,55898,8,30.22,2.94,,
323345,P,2001-09-30,33830,6,9.46,4.94,,
323346,P,2002-06-21,82344,5,69.81,6.98,,
323347,P,2000-11-08,51804,9,77.83,8.53,,
323348,P,2001-10-25,91074,1,44.61,9.14,,
323349,P,2001-03-25,95982,9,58.03,0.34,,
323350,P,2000-03-20,87194,5,44.46,3.82,,
323351,P,2001-01-31,62104,5,81.87,5.31,,
323352,P,2002-03-01,50380,5,20.34,9.78,,
323353,P,2002-03-23,11371,4,56.01,0.48,,
323354,P,2002-04-20,44627,5,89.29,4.63,,
323355,P,2000-04-16,83354,7,56.34,6.85,,
323356,P,2000-11-06,79092,9,47.32,8.35,,
323357,P,2001-06-12,12785,1,97.97,0.55,,
323358,P,2002-05-12,8409,4,57.81,4.70,,
323359,P,2002-04-17,77572,1,93.08,3.58,,
323360,P,2001-10-17,620,3,34.89,8.61,,
323361,P,2001-02-23,89737,6,2.48,0.38,,
323362,P,2001-01-16,59257,4,16.52,1.92,,
323363,P,2002-07-19,54225,7,93.85,7.04,,
323364,P,2001-02-10,54928,10,61.24,2.09,,
323365,P,2002-01-21,94095,5,33.08,2.17,,
323366,P,2001-02-17,15467,8,38.19,4.43,,
323367,P,2001-01-09,14592,5,96.01,2.89,,
323368,P,2001-10-15,1141,3,99.16,3.68,,
323369,P,2000-10-14,4547,5,33.99,5.52,,
323370,P,2001-12-04,65472,8,54.44,8.83,,
323371,P,2001-07-24,56396,8,50.92,4.27,,
323372,P,2000-11-14,43175,3,17.85,2.26,,
323373,P,2001-12-03,26056,1,29.28,6.46,,
323374,P,2001-01-23,35350,10,38.65,7.01,,
323375,P,2000-01-05,42863,8,91.98,7.77,,
323376,P,2001-10-09,97476,1,83.82,4.78,,
323377,P,2002-07-20,61778,3,33.89,1.11,,
323378,P,2001-12-09,94069,10,89.51,9.69,,
323379,P,2002-06-22,40150,3,88.10,1.98,,
323380,P,2000-09-21,45323,5,19.33,1.26,,
323381,P,2002-09-08,58827,5,6.12,1.91,,
323382,P,2002-09-09,41876,5,95.04,4.41,,
323383,P,2000-07-24,78379,6,15.17,5.11,,
323384,P,2001-07-28,45930,1,81.14,5.08,,
323385,P,2000-03-11,6343,7,24.32,4.45,,
323386,P,2000-02-05,45575,6,36.72,6.91,,
323387,P,2002-07-22,51490,9,17.52,2.31,,
323388,P,2002-01-08,62908,4,0.78,4.86,,
323389,P,2001-04-05,73049,4,36.54,1.78,,
323390,P,2002-02-24,9504,9,21.58,9.46,,
323391,P,2000-06-16,16416,10,50.95,9.63,,
323392,P,2002-03-13,57663,6,38.87,7.67,,
323393,P,2002-03-28,50097,5,77.80,2.91,,
323394,P,2002-06-17,98518,8,80.60,6.81,,
323395,P,2000-04-02,92701,2,50.48,9.11,,
323396,P,2000-10-24,19164,9,16.03,9.39,,
323397,P,2002-05-05,52382,7,76.97,0.86,,
323398,P,2000-12-14,7246,7,71.52,1.97,,
323399,P,2002-09-10,86209,5,0.73,6.79,,
323400,P,2001-03-24,30369,8,36.53,5.20,,
323401,P,2001-03-28,15079,1,53.97,1.77,,
323402,P,2002-09-10,20531,4,58.46,6.52,,
323403,P,2001-07-09,28780,9,58.83,5.28,,
323404,P,2000-02-14,80289,9,67.75,5.92,,
323405,P,2002-05-24,48042,6,3.82,8.93,,
323406,P,2001-12-19,85845,3,76.67,3.27,,
323407,P,2000-07-18,590,9,89.51,4.27,,
323408,P,2002-08-25,65528,9,74.36,0.18,,
323409,P,2001-01-29,68473,6,39.98,3.23,,
323410,P,2001-04-30,19914,6,94.71,4.18,,
323411,P,2000-03-16,13322,10,87.20,3.12,,
323412,P,2001-10-09,26889,8,7.00,2.67,,
323413,P,2001-10-12,76670,7,66.47,2.11,,
323414,P,2000-08-13,48214,2,71.39,0.30,,
323415,P,2001-11-30,2052,4,36.07,6.69,,
323416,P,2002-03-12,26539,4,21.81,9.65,,
323417,P,2002-05-26,15325,5,90.73,6.56,,
323418,P,2000-03-30,92463,3,80.96,5.75,,
323419,P,2001-06-26,84557,10,32.09,1.29,,
323420,P,2000-03-14,49753,3,22.15,7.02,,
323421,P,2000-11-16,60298,8,86.40,7.49,,
323422,P,2002-05-07,39726,3,70.98,0.03,,
323423,P,2000-12-17,24852,6,38.79,8.67,,
323424,P,2001-08-09,20088,2,52.28,7.85,,
323425,P,2001-02-03,57006,10,63.29,5.46,,
323426,P,2001-12-13,27559,3,83.88,7.74,,
323427,P,2000-01-12,12824,4,12.16,8.56,,
323428,P,2001-04-15,25201,9,54.89,0.50,,
323429,P,2001-07-21,53037,4,95.59,7.67,,
323430,P,2000-04-11,88062,9,25.58,4.19,,
323431,P,2001-03-05,72819,3,1.33,6.95,,
323432,P,2002-08-29,17603,2,96.40,0.72,,
323433,P,2000-05-17,28718,4,80.22,6.29,,
323434,P,2001-02-05,5218,3,93.97,7.56,,
323435,P,2000-02-09,74500,6,26.02,0.81,,
323436,P,2002-07-27,71650,7,95.94,4.87,,
323437,P,2001-02-13,98464,3,59.42,9.37,,
323438,P,2000-10-22,26800,5,70.72,2.39,,
323439,P,2000-05-15,6841,6,35.82,0.63,,
323440,P,2002-05-08,46791,10,29.69,4.98,,
323441,P,2002-04-09,62421,2,85.32,1.90,,
323442,P,2001-01-15,70632,6,8.78,4.11,,
323443,P,2002-03-20,31581,7,87.10,6.04,,
323444,P,2000-11-19,57829,7,47.53,9.26,,
323445,P,2002-04-11,4012,9,85.00,4.70,,
323446,P,2001-11-10,18156,7,3.95,2.52,,
323447,P,2001-08-23,52278,5,37.91,1.07,,
323448,P,2000-05-20,67606,4,93.87,3.56,,
323449,P,2001-12-07,45666,2,59.43,4.75,,
323450,P,2002-08-03,19433,5,74.57,2.41,,
323451,P,2000-05-06,69618,1,51.78,8.84,,
323452,P,2000-05-13,89202,4,72.91,8.41,,
323453,P,2002-07-11,84506,9,94.73,7.57,,
323454,P,2000-04-24,26053,9,52.77,6.07,,
323455,P,2000-09-24,43032,3,88.23,8.24,,
323456,P,2000-09-10,57488,8,6.74,2.11,,
323457,P,2000-06-16,95200,2,93.19,1.92,,
323458,P,2000-01-04,75709,3,10.20,4.60,,
323459,P,2002-09-26,85657,6,70.90,7.87,,
323460,P,2001-07-27,4161,8,35.08,2.18,,
323461,P,2002-06-20,27892,3,88.27,8.74,,
323462,P,2000-10-02,9542,10,48.11,2.65,,
323463,P,2001-08-14,80105,8,10.39,4.21,,
323464,P,2002-03-05,58276,8,24.37,6.49,,
323465,P,2001-01-26,900,10,72.36,6.56,,
323466,P,2001-07-21,2881,2,84.28,1.14,,
323467,P,2001-07-12,96114,5,92.21,6.89,,
323468,P,2000-08-01,5978,6,14.85,5.65,,
323469,P,2001-05-23,29491,2,30.66,6.73,,
323470,P,2001-08-19,78216,8,51.88,9.49,,
323471,P,2002-06-02,2671,1,94.26,5.11,,
323472,P,2002-03-07,35580,1,16.31,4.90,,
323473,P,2002-09-24,7952,6,80.60,3.04,,
323474,P,2000-07-24,10190,7,99.16,6.09,,
323475,P,2002-06-09,3201,8,24.39,5.38,,
323476,P,2000-01-11,13857,1,19.00,5.29,,
323477,P,2001-02-02,66498,10,83.58,0.31,,
323478,P,2002-09-18,37617,2,33.05,1.38,,
323479,P,2001-04-10,77431,2,27.86,6.72,,
323480,P,2002-03-25,28501,3,67.88,5.01,,
323481,P,2002-06-26,87753,9,49.43,2.81,,
323482,P,2001-12-20,60834,8,5.44,3.90,,
323483,P,2000-01-05,23282,9,31.30,3.21,,
323484,P,2002-06-22,40174,7,86.75,7.41,,
323485,P,2001-11-03,69609,1,72.03,7.93,,
323486,P,2000-06-26,57834,9,12.95,3.76,,
323487,P,2001-04-02,20588,9,97.31,8.89,,
323488,P,2000-05-16,74313,10,4.39,3.38,,
323489,P,2000-07-22,15705,5,77.25,4.33,,
323490,P,2001-08-23,10873,1,60.08,6.10,,
323491,P,2001-04-21,86202,9,19.12,3.83,,
323492,P,2000-03-19,58216,6,48.06,0.68,,
323493,P,2001-09-14,84781,7,39.90,1.69,,
323494,P,2001-07-08,30285,3,10.19,8.44,,
323495,P,2002-01-27,45020,5,40.54,7.35,,
323496,P,2000-11-23,67964,1,82.12,7.41,,
323497,P,2001-05-17,54003,9,68.35,5.55,,
323498,P,2002-06-17,80332,7,29.90,5.38,,
323499,P,2000-07-12,5387,7,62.78,9.17,,
323500,P,2000-02-15,22462,8,77.09,1.85,,
323501,P,2000-03-11,25334,5,74.18,2.62,,
323502,P,2000-02-29,53295,4,88.20,6.89,,
323503,P,2000-01-21,36824,7,43.98,7.01,,
323504,P,2001-06-03,86696,5,97.47,1.97,,
323505,P,2002-04-21,68489,9,90.30,0.49,,
323506,P,2000-12-19,74668,4,78.36,8.10,,
323507,P,2001-09-12,63503,6,8.16,3.78,,
323508,P,2001-06-10,69748,3,5.98,6.46,,
323509,P,2001-07-01,33496,1,33.07,3.91,,
323510,P,2001-10-24,60879,1,72.00,8.08,,
323511,P,2000-12-25,89630,5,60.22,0.25,,
323512,P,2000-11-19,67065,1,21.41,6.42,,
323513,P,2001-09-12,87527,8,63.95,4.01,,
323514,P,2001-01-17,7799,4,37.66,3.97,,
323515,P,2001-06-03,30601,3,63.67,5.47,,
323516,P,2000-10-12,1386,2,44.09,9.96,,
323517,P,2002-06-12,49640,9,60.81,4.94,,
323518,P,2000-06-10,2492,6,33.77,6.95,,
323519,P,2001-02-28,91438,10,33.10,9.13,,
323520,P,2000-12-16,28541,2,15.77,4.40,,
323521,P,2002-06-04,52497,8,22.81,5.83,,
323522,P,2001-11-07,56390,7,68.83,2.61,,
323523,P,2001-01-03,17743,1,71.36,9.53,,
323524,P,2000-06-07,82976,3,51.07,9.10,,
323525,P,2000-08-07,1041,7,35.88,4.85,,
323526,P,2001-12-25,39190,10,99.19,8.49,,
323527,P,2000-10-12,42879,4,45.42,0.76,,
323528,P,2000-12-01,62254,6,72.99,2.96,,
323529,P,2001-09-17,40781,8,35.10,2.63,,
323530,P,2000-03-20,33974,5,22.32,6.24,,
323531,P,2001-01-25,82404,9,39.47,5.72,,
323532,P,2001-10-27,46455,9,59.01,5.85,,
323533,P,2001-07-10,95425,6,82.43,4.01,,
323534,P,2001-01-16,66579,7,63.91,7.70,,
323535,P,2002-08-26,98523,8,24.15,6.27,,
323536,P,2002-07-25,44869,3,96.78,0.51,,
323537,P,2002-04-19,59288,9,81.77,2.81,,
323538,P,2000-09-29,74508,4,32.15,4.77,,
323539,P,2000-09-10,46488,1,93.33,4.89,,
323540,P,2002-07-15,23245,4,97.58,9.89,,
323541,P,2000-02-20,202,8,87.92,2.51,,
323542,P,2001-10-22,29124,1,72.29,3.69,,
323543,P,2001-03-21,76706,10,81.05,7.76,,
323544,P,2000-10-11,58265,5,89.22,8.54,,
323545,P,2000-05-23,46111,1,54.87,2.92,,
323546,P,2002-02-27,43620,2,18.03,8.95,,
323547,P,2000-05-06,74773,2,25.05,3.76,,
323548,P,2001-09-07,66023,9,81.17,2.14,,
323549,P,2002-01-22,36718,10,82.59,5.29,,
323550,P,2001-12-21,685,7,26.13,6.91,,
323551,P,2000-01-17,36746,7,2.02,6.02,,
323552,P,2001-03-25,37344,3,33.02,8.15,,
323553,P,2000-01-19,64893,7,2.97,0.59,,
323554,P,2000-10-27,69302,10,72.73,0.57,,
323555,P,2000-06-04,50260,8,73.56,2.75,,
323556,P,2001-04-18,1874,3,77.62,1.09,,
323557,P,2002-01-13,43716,8,25.10,7.73,,
323558,P,2002-02-17,90723,4,52.62,9.14,,
323559,P,2001-04-01,78376,7,72.51,2.47,,
323560,P,2000-10-08,68492,6,60.26,0.37,,
323561,P,2002-09-25,22154,6,85.09,4.98,,
323562,P,2001-08-30,3517,10,54.22,5.69,,
323563,P,2000-02-05,45279,3,61.58,8.57,,
323564,P,2002-02-24,81930,7,80.32,1.83,,
323565,P,2002-01-30,64212,3,21.85,3.08,,
323566,P,2001-12-09,78266,1,29.61,6.74,,
323567,P,2002-05-29,68199,5,53.63,3.63,,
323568,P,2000-04-08,52346,8,78.24,2.90,,
323569,P,2002-02-01,9470,10,98.91,3.28,,
323570,P,2002-02-19,62927,2,78.69,0.38,,
323571,P,2000-03-26,38931,7,72.65,7.29,,
323572,P,2001-04-22,74468,2,72.96,9.81,,
323573,P,2000-02-23,14948,5,67.46,2.53,,
323574,P,2000-10-11,1742,10,52.72,3.05,,
323575,P,2002-03-01,32358,10,33.80,7.61,,
323576,P,2002-05-17,18616,5,30.34,6.84,,
323577,P,2002-04-02,68121,4,70.59,4.33,,
323578,P,2000-02-22,53450,6,10.16,0.37,,
323579,P,2000-11-26,56176,3,88.35,9.00,,
323580,P,2001-09-21,46341,2,58.93,7.43,,
323581,P,2002-03-05,23200,3,9.46,9.65,,
323582,P,2002-08-22,20158,1,41.10,0.84,,
323583,P,2000-01-06,3895,9,23.27,5.30,,
323584,P,2000-12-30,46364,3,17.75,7.63,,
323585,P,2001-08-15,50107,1,19.45,4.57,,
323586,P,2000-09-21,47690,10,74.47,3.73,,
323587,P,2002-09-08,44028,2,94.15,4.95,,
323588,P,2000-09-02,68395,9,5.83,2.94,,
323589,P,2000-05-25,44987,4,59.40,0.67,,
323590,P,2000-08-05,56367,8,62.50,3.19,,
323591,P,2002-03-18,37863,8,80.48,0.54,,
323592,P,2001-05-20,27641,10,79.85,0.25,,
323593,P,2001-09-11,27280,7,72.86,9.92,,
323594,P,2000-06-21,9455,10,52.36,5.90,,
323595,P,2001-12-30,10757,9,39.84,3.71,,
323596,P,2002-08-26,93791,8,38.08,7.79,,
323597,P,2002-02-02,21407,4,93.84,8.72,,
323598,P,2002-08-06,88603,7,10.59,4.11,,
323599,P,2001-07-21,93260,5,4.15,6.66,,
323600,P,2002-06-09,73895,4,7.78,7.76,,
323601,P,2002-07-06,74751,3,72.15,8.92,,
323602,P,2000-05-10,94611,1,34.92,2.50,,
323603,P,2001-01-24,4087,7,26.54,7.83,,
323604,P,2000-12-14,42158,2,90.32,6.94,,
323605,P,2001-03-11,63095,4,67.34,5.90,,
323606,P,2002-09-06,4539,3,48.87,5.04,,
323607,P,2002-09-07,72657,9,62.61,8.04,,
323608,P,2000-08-10,58128,10,48.95,5.09,,
323609,P,2001-04-20,87570,6,16.12,4.99,,
323610,P,2000-07-04,78808,10,75.89,0.79,,
323611,P,2000-06-15,5990,8,17.82,9.85,,
323612,P,2000-09-24,76179,8,1.15,0.55,,
323613,P,2000-11-28,35161,1,29.00,8.54,,
323614,P,2000-10-07,44477,5,3.16,0.33,,
323615,P,2002-09-23,18972,4,6.45,3.90,,
323616,P,2002-01-12,6249,7,51.64,9.75,,
323617,P,2002-02-24,32293,7,11.59,2.78,,
323618,P,2001-04-14,95767,3,27.24,7.81,,
323619,P,2001-04-09,73922,9,93.32,5.43,,
323620,P,2001-07-02,49973,2,96.34,8.76,,
323621,P,2000-09-19,62468,3,85.61,6.91,,
323622,P,2002-07-07,35502,10,76.26,5.27,,
323623,P,2001-11-04,33472,3,35.40,5.34,,
323624,P,2000-11-12,53394,2,68.04,7.44,,
323625,P,2001-08-20,6122,4,90.28,1.47,,
323626,P,2001-05-28,72125,2,87.76,0.59,,
323627,P,2002-02-03,37261,7,87.31,7.78,,
323628,P,2000-05-25,47898,9,33.22,3.87,,
323629,P,2001-06-30,32468,4,55.73,2.20,,
323630,P,2002-05-20,19963,5,33.41,9.65,,
323631,P,2001-08-23,22285,2,47.50,7.52,,
323632,P,2001-12-17,25277,9,18.58,9.76,,
323633,P,2001-05-18,87075,3,54.37,6.61,,
323634,P,2001-12-30,4119,2,71.99,6.72,,
323635,P,2000-07-15,69972,7,88.12,9.77,,
323636,P,2001-11-05,9438,4,48.62,9.32,,
323637,P,2000-01-10,50503,1,19.37,0.93,,
323638,P,2000-09-09,47968,7,62.93,6.57,,
323639,P,2000-02-27,76629,5,72.37,7.52,,
323640,P,2002-03-19,84650,6,33.88,0.36,,
323641,P,2002-01-03,4197,7,15.86,5.05,,
323642,P,2002-06-10,41190,2,8.71,8.26,,
323643,P,2000-01-15,15741,5,30.76,3.94,,
323644,P,2002-06-08,29898,10,84.70,1.60,,
323645,P,2001-02-04,81970,5,47.16,2.61,,
323646,P,2000-10-05,26661,4,23.12,0.45,,
323647,P,2001-12-29,72458,3,31.07,6.83,,
323648,P,2001-01-18,14122,1,85.93,9.25,,
323649,P,2001-05-01,43883,6,13.77,6.23,,
323650,P,2000-02-11,60566,6,70.73,6.28,,
323651,P,2001-12-30,27700,10,19.18,6.82,,
323652,P,2001-06-12,7428,10,38.86,6.96,,
323653,P,2000-01-11,78519,10,54.04,2.89,,
323654,P,2002-03-10,28140,9,23.98,5.18,,
323655,P,2000-04-22,49422,5,81.96,3.32,,
323656,P,2001-09-19,1901,8,37.95,0.26,,
323657,P,2000-10-10,11638,3,25.90,9.52,,
323658,P,2002-09-14,30538,8,95.89,1.20,,
323659,P,2002-08-14,52658,6,56.36,9.50,,
323660,P,2001-06-23,28106,3,74.12,7.32,,
323661,P,2001-08-10,33162,9,98.75,0.62,,
323662,P,2000-01-18,92456,7,59.75,6.95,,
323663,P,2000-09-23,45284,7,29.14,2.32,,
323664,P,2002-03-05,36386,8,61.33,4.98,,
323665,P,2001-05-14,11088,8,27.98,1.48,,
323666,P,2001-03-23,72387,3,28.15,9.75,,
323667,P,2002-01-24,56146,2,93.05,0.82,,
323668,P,2002-07-17,88347,4,87.51,3.42,,
323669,P,2001-05-09,65551,7,48.16,5.06,,
323670,P,2000-05-05,36961,6,29.97,3.79,,
323671,P,2001-04-04,39524,2,80.93,1.89,,
323672,P,2000-09-17,79553,3,45.44,4.82,,
323673,P,2002-07-07,94749,8,31.27,7.94,,
323674,P,2000-08-14,65243,10,34.40,4.85,,
323675,P,2002-05-10,20111,9,18.92,6.69,,
323676,P,2002-09-06,11794,10,81.58,9.50,,
323677,P,2001-02-22,332,10,7.72,5.60,,
323678,P,2000-12-18,81786,5,78.66,9.05,,
323679,P,2000-06-27,92113,1,64.67,1.84,,
323680,P,2000-09-17,23525,1,67.51,4.65,,
323681,P,2001-04-12,74120,6,12.98,4.20,,
323682,P,2000-07-15,50775,8,7.34,2.89,,
323683,P,2000-09-04,42536,8,55.03,4.86,,
323684,P,2002-08-04,11494,4,37.02,2.49,,
323685,P,2001-11-22,87171,3,70.75,5.74,,
323686,P,2001-08-15,38702,6,34.21,7.14,,
323687,P,2001-06-03,60731,4,5.52,8.10,,
323688,P,2002-02-06,55907,7,86.11,9.38,,
323689,P,2002-06-20,50121,8,22.89,8.34,,
323690,P,2001-12-15,55833,10,32.79,7.22,,
323691,P,2001-04-15,43234,10,92.36,2.63,,
323692,P,2001-12-28,36555,5,56.83,1.44,,
323693,P,2001-02-18,98055,2,52.12,1.65,,
323694,P,2001-05-08,64753,4,41.98,2.63,,
323695,P,2001-05-02,11086,10,70.48,8.27,,
323696,P,2001-10-13,29458,2,35.37,8.51,,
323697,P,2000-02-27,52931,2,25.94,2.63,,
323698,P,2001-03-08,38691,10,87.62,6.85,,
323699,P,2000-03-17,60267,4,74.77,5.46,,
323700,P,2000-06-03,14992,7,32.20,3.56,,
323701,P,2002-08-19,50011,5,41.35,5.57,,
323702,P,2002-09-23,71527,9,87.25,2.22,,
323703,P,2000-04-04,90661,5,8.60,3.03,,
323704,P,2000-03-18,77785,10,59.33,5.85,,
323705,P,2000-05-10,55953,7,73.45,1.69,,
323706,P,2001-01-13,17037,1,98.94,0.79,,
323707,P,2000-08-10,58387,1,70.84,9.33,,
323708,P,2001-05-27,64263,10,90.82,3.55,,
323709,P,2000-09-24,35298,2,34.83,1.02,,
323710,P,2000-10-03,58326,1,25.73,10.00,,
323711,P,2001-06-28,3258,10,56.65,0.48,,
323712,P,2001-10-11,14862,4,66.85,2.15,,
323713,P,2000-03-24,84369,4,52.55,5.53,,
323714,P,2000-10-06,72913,5,4.90,4.85,,
323715,P,2002-04-14,88657,6,13.65,0.09,,
323716,P,2002-03-01,22565,1,21.34,6.16,,
323717,P,2000-09-08,90680,9,40.95,3.36,,
323718,P,2000-03-05,28856,1,66.59,8.84,,
323719,P,2000-04-23,93850,5,29.57,1.30,,
323720,P,2001-07-12,79370,1,3.31,0.27,,
323721,P,2000-06-22,72277,9,19.78,3.16,,
323722,P,2001-08-03,82219,9,28.65,0.85,,
323723,P,2000-09-12,80040,2,11.62,9.88,,
323724,P,2001-01-10,29369,3,13.89,8.37,,
323725,P,2001-05-01,96230,10,3.76,0.60,,
323726,P,2000-07-05,11161,8,20.04,4.85,,
323727,P,2001-04-27,28989,2,33.87,3.08,,
323728,P,2001-07-28,82790,9,46.14,6.60,,
323729,P,2001-05-09,56196,6,87.71,2.79,,
323730,P,2001-07-20,49121,10,29.51,2.54,,
323731,P,2002-06-14,66281,10,94.98,6.05,,
323732,P,2002-04-02,85919,3,89.47,3.96,,
323733,P,2001-06-01,36291,4,45.25,7.55,,
323734,P,2001-04-17,58245,8,44.67,0.72,,
323735,P,2001-10-24,78596,6,22.90,5.05,,
323736,P,2001-08-25,8863,7,4.42,2.89,,
323737,P,2001-12-04,12804,2,11.44,9.23,,
323738,P,2000-06-04,21505,7,57.79,9.08,,
323739,P,2001-08-12,61782,6,82.20,5.31,,
323740,P,2000-05-01,60493,3,82.65,5.55,,
323741,P,2000-02-13,9126,3,8.66,0.32,,
323742,P,2000-09-02,55866,4,97.95,8.92,,
323743,P,2001-02-16,22651,8,48.98,5.36,,
323744,P,2002-05-03,16974,2,90.94,3.61,,
323745,P,2001-08-11,68628,4,85.84,0.10,,
323746,P,2000-01-18,63321,10,68.14,3.95,,
323747,P,2001-03-07,69878,10,89.70,3.19,,
323748,P,2001-08-15,61203,9,17.11,9.72,,
323749,P,2002-05-15,37748,1,90.97,4.21,,
323750,P,2001-05-08,8345,9,64.89,7.28,,
323751,P,2001-07-23,26734,10,55.13,6.08,,
323752,P,2001-08-30,96129,5,68.73,1.17,,
323753,P,2001-02-08,51477,10,6.16,5.88,,
323754,P,2000-04-28,33693,8,2.30,6.47,,
323755,P,2001-01-07,40293,1,77.24,4.92,,
323756,P,2000-11-27,57839,3,65.61,9.51,,
323757,P,2001-08-29,63306,5,33.26,4.11,,
323758,P,2001-06-21,60254,5,75.20,3.97,,
323759,P,2000-03-19,86960,8,6.12,9.77,,
323760,P,2000-04-10,41323,3,20.76,1.15,,
323761,P,2001-06-02,53107,5,0.35,3.04,,
323762,P,2000-08-28,2809,8,80.73,0.69,,
323763,P,2000-01-31,9153,7,38.16,1.62,,
323764,P,2002-04-06,24592,5,95.45,6.12,,
323765,P,2002-09-21,2133,2,48.26,5.33,,
323766,P,2002-08-08,95086,10,92.45,1.59,,
323767,P,2000-03-15,1534,10,48.81,1.86,,
323768,P,2001-06-26,64536,8,23.25,9.47,,
323769,P,2000-08-25,86384,1,13.55,2.38,,
323770,P,2001-04-05,26905,10,69.24,5.73,,
323771,P,2001-05-29,11094,1,40.67,1.20,,
323772,P,2002-04-08,35460,1,73.97,4.45,,
323773,P,2000-06-05,84330,10,68.79,0.14,,
323774,P,2001-11-05,52300,8,5.30,1.70,,
323775,P,2001-11-12,55996,1,81.84,8.04,,
323776,P,2000-09-18,50569,10,57.35,9.49,,
323777,P,2000-10-12,98126,6,79.52,5.63,,
323778,P,2000-10-26,96138,2,63.79,6.00,,
323779,P,2002-06-09,83233,3,84.08,9.71,,
323780,P,2001-09-01,64880,9,88.74,5.88,,
323781,P,2001-11-22,9115,9,7.29,3.50,,
323782,P,2001-04-23,56522,9,24.50,8.81,,
323783,P,2001-01-08,59015,2,20.92,3.82,,
323784,P,2000-09-15,61240,10,98.87,6.40,,
323785,P,2001-09-12,70517,7,87.49,5.13,,
323786,P,2000-12-16,17416,7,10.82,6.80,,
323787,P,2002-06-09,23419,1,70.55,2.20,,
323788,P,2000-03-02,36996,8,13.57,1.15,,
323789,P,2001-08-30,92406,6,82.98,3.03,,
323790,P,2002-01-21,39609,2,28.94,3.56,,
323791,P,2002-08-08,27034,8,10.89,8.23,,
323792,P,2001-05-13,64594,2,90.56,8.41,,
323793,P,2000-03-20,70544,4,87.94,3.30,,
323794,P,2001-08-07,87480,5,62.72,6.20,,
323795,P,2000-07-15,76574,8,16.58,0.31,,
323796,P,2001-03-27,60693,5,44.18,9.55,,
323797,P,2002-09-16,46197,1,17.93,4.21,,
323798,P,2002-09-19,90708,6,64.22,3.15,,
323799,P,2002-01-08,91335,5,9.99,1.84,,
323800,P,2000-11-05,85368,3,72.59,1.22,,
323801,P,2000-05-08,83803,5,43.13,0.47,,
323802,P,2000-09-18,3519,3,28.94,1.39,,
323803,P,2002-09-01,43666,10,73.89,7.74,,
323804,P,2002-01-17,60847,9,74.29,9.38,,
323805,P,2001-05-23,23414,8,1.78,7.15,,
323806,P,2000-11-19,29765,10,24.03,6.35,,
323807,P,2001-12-02,18944,3,3.14,10.00,,
323808,P,2000-10-07,33886,8,3.21,7.69,,
323809,P,2000-03-06,95425,9,2.53,0.60,,
323810,P,2000-09-25,45433,4,86.36,4.95,,
323811,P,2000-02-07,77000,6,68.14,1.36,,
323812,P,2001-09-23,33463,7,78.98,2.58,,
323813,P,2001-02-05,99816,7,90.47,0.68,,
323814,P,2001-04-11,24342,7,73.82,9.35,,
323815,P,2001-07-18,78480,10,1.27,5.79,,
323816,P,2001-08-19,81911,7,17.19,7.67,,
323817,P,2001-07-29,38174,2,1.52,1.22,,
323818,P,2000-02-27,76566,2,28.00,3.27,,
323819,P,2001-01-09,96827,9,36.21,6.28,,
323820,P,2001-04-04,64157,9,42.07,8.51,,
323821,P,2001-03-05,56365,3,9.23,2.78,,
323822,P,2002-05-31,9632,8,27.88,2.34,,
323823,P,2002-09-01,75259,1,21.98,4.26,,
323824,P,2001-12-05,10442,9,36.92,3.08,,
323825,P,2002-07-30,68263,6,88.33,8.18,,
323826,P,2002-05-12,51715,3,73.99,5.45,,
323827,P,2002-08-27,28937,10,81.87,6.51,,
323828,P,2000-08-15,33770,2,23.09,8.32,,
323829,P,2002-09-09,60736,2,96.24,4.22,,
323830,P,2001-10-26,88098,9,28.41,5.37,,
323831,P,2001-12-06,45665,8,67.09,8.84,,
323832,P,2000-10-27,31247,1,66.86,8.85,,
323833,P,2002-04-14,44005,6,67.92,2.77,,
323834,P,2000-01-16,68693,6,55.17,4.02,,
323835,P,2001-06-28,97841,1,66.89,7.03,,
323836,P,2001-09-20,24168,6,16.99,4.69,,
323837,P,2001-04-18,10046,7,23.13,5.38,,
323838,P,2000-10-05,60277,6,80.52,4.87,,
323839,P,2000-04-01,66299,7,58.40,0.85,,
323840,P,2000-12-04,58044,5,95.65,7.18,,
323841,P,2002-07-09,75890,10,3.42,1.12,,
323842,P,2001-03-20,20671,9,41.64,6.70,,
323843,P,2000-02-08,35521,10,81.79,1.29,,
323844,P,2000-04-15,71846,10,6.50,0.03,,
323845,P,2001-08-10,59213,10,71.03,7.89,,
323846,P,2001-07-02,93981,3,54.93,9.49,,
323847,P,2001-11-04,91054,4,98.25,0.23,,
323848,P,2002-03-23,5709,4,81.07,2.76,,
323849,P,2002-05-04,90973,6,87.29,7.72,,
323850,P,2002-08-18,73255,5,98.64,5.06,,
323851,P,2000-09-26,57967,6,55.92,5.19,,
323852,P,2001-09-03,19678,8,32.39,5.70,,
323853,P,2000-03-19,5448,9,95.17,5.15,,
323854,P,2001-05-21,24405,8,48.24,9.14,,
323855,P,2002-08-15,61531,3,33.03,9.94,,
323856,P,2001-10-13,34175,3,23.29,9.21,,
323857,P,2000-11-14,77023,3,83.36,6.56,,
323858,P,2001-03-14,19416,10,22.63,8.99,,
323859,P,2001-10-27,14162,6,54.78,8.94,,
323860,P,2001-12-11,39679,8,98.61,2.82,,
323861,P,2002-09-02,71276,10,97.87,6.43,,
323862,P,2000-04-09,61532,8,94.30,0.46,,
323863,P,2002-06-03,4477,2,47.16,2.46,,
323864,P,2001-07-03,98122,1,27.48,3.28,,
323865,P,2000-02-05,61652,9,20.51,5.78,,
323866,P,2001-01-21,80527,4,56.95,2.36,,
323867,P,2000-06-07,96897,8,60.84,1.92,,
323868,P,2000-09-16,17321,5,21.08,6.36,,
323869,P,2001-03-26,70036,2,83.06,1.32,,
323870,P,2001-08-20,64885,1,79.09,4.69,,
323871,P,2002-07-11,67086,3,96.45,4.85,,
323872,P,2002-02-07,8064,9,79.69,8.78,,
323873,P,2001-03-09,70204,4,87.16,7.14,,
323874,P,2000-12-19,25336,8,99.13,4.91,,
323875,P,2000-07-10,2020,2,53.04,2.09,,
323876,P,2001-12-17,11467,1,9.36,4.66,,
323877,P,2001-01-23,51983,8,92.86,7.23,,
323878,P,2001-06-08,17838,5,88.85,5.12,,
323879,P,2000-05-13,54494,4,73.29,3.97,,
323880,P,2000-03-23,55101,5,17.71,4.34,,
323881,P,2002-09-12,84581,4,89.36,0.84,,
323882,P,2002-07-12,23346,2,72.71,4.92,,
323883,P,2002-04-17,49961,3,39.88,4.30,,
323884,P,2002-04-16,65272,9,75.68,9.98,,
323885,P,2001-05-16,20076,6,6.11,4.30,,
323886,P,2001-12-21,27774,3,86.54,0.29,,
323887,P,2000-03-14,9386,3,86.93,0.82,,
323888,P,2000-01-04,86345,4,96.51,9.15,,
323889,P,2000-09-04,3565,7,23.85,4.55,,
323890,P,2000-12-04,83020,6,2.72,0.20,,
323891,P,2001-06-01,74714,3,20.44,7.95,,
323892,P,2000-02-26,23450,4,49.11,9.76,,
323893,P,2000-01-23,87664,3,0.88,9.49,,
323894,P,2001-08-20,6748,1,11.04,3.71,,
323895,P,2001-09-19,29550,10,73.58,8.08,,
323896,P,2000-12-14,52272,2,89.88,5.36,,
323897,P,2000-12-24,49741,9,26.47,9.67,,
323898,P,2001-11-28,51458,2,72.75,3.30,,
323899,P,2000-05-24,1649,9,48.30,3.73,,
323900,P,2001-02-08,44297,9,33.21,1.59,,
323901,P,2002-02-21,29482,2,19.56,3.86,,
323902,P,2002-07-28,86670,3,4.79,1.59,,
323903,P,2002-05-30,30178,9,13.03,4.85,,
323904,P,2002-02-15,15679,1,80.78,0.58,,
323905,P,2000-03-02,71325,2,87.64,7.32,,
323906,P,2001-11-01,39270,8,30.38,6.74,,
323907,P,2000-01-01,62526,10,80.80,4.86,,
323908,P,2002-02-06,72865,2,97.52,0.09,,
323909,P,2000-03-14,60368,6,89.66,9.50,,
323910,P,2002-08-11,24658,3,49.74,2.91,,
323911,P,2000-01-19,63629,4,26.35,7.91,,
323912,P,2002-08-10,84408,4,22.74,2.17,,
323913,P,2001-04-30,66467,6,58.10,6.56,,
323914,P,2002-09-08,95891,8,87.12,0.16,,
323915,P,2000-11-20,44141,9,80.74,9.75,,
323916,P,2002-04-04,81407,10,64.39,7.49,,
323917,P,2002-07-14,47355,1,75.40,1.04,,
323918,P,2001-08-14,96346,3,40.92,7.06,,
323919,P,2001-10-21,31353,9,34.97,3.21,,
323920,P,2002-09-09,1940,8,65.90,0.47,,
323921,P,2000-04-14,99049,8,42.25,9.49,,
323922,P,2001-01-25,87267,3,14.62,5.90,,
323923,P,2000-01-10,96378,8,5.27,2.68,,
323924,P,2000-01-25,67119,8,43.81,1.68,,
323925,P,2002-05-08,39788,6,58.49,5.58,,
323926,P,2002-09-04,14659,10,27.77,5.86,,
323927,P,2000-08-21,30735,7,10.35,0.29,,
323928,P,2000-03-31,97934,7,64.92,5.03,,
323929,P,2000-12-10,29070,4,32.00,2.91,,
323930,P,2002-04-08,98167,8,43.92,0.12,,
323931,P,2000-01-01,12753,2,77.29,4.26,,
323932,P,2001-10-12,8727,10,59.19,8.93,,
323933,P,2001-07-16,24439,4,35.93,9.05,,
323934,P,2001-09-15,11652,8,13.43,4.56,,
323935,P,2000-10-24,831,3,92.19,1.74,,
323936,P,2002-08-14,89407,10,83.38,2.58,,
323937,P,2000-12-24,68390,2,86.72,6.13,,
323938,P,2000-10-07,54768,10,60.50,5.16,,
323939,P,2001-01-29,66710,2,52.21,9.18,,
323940,P,2001-01-04,92161,9,9.70,8.52,,
323941,P,2000-02-03,36558,10,58.29,8.19,,
323942,P,2001-10-21,171,1,92.26,3.40,,
323943,P,2002-01-17,46757,10,80.90,7.50,,
323944,P,2001-03-11,7731,2,7.63,4.31,,
323945,P,2002-08-14,78046,1,90.35,0.17,,
323946,P,2000-10-02,85831,9,31.10,0.52,,
323947,P,2001-08-28,72041,10,48.15,3.88,,
323948,P,2000-07-28,11144,4,27.32,7.23,,
323949,P,2000-01-03,12953,6,74.69,5.09,,
323950,P,2000-10-13,64591,1,30.47,8.69,,
323951,P,2001-05-31,62208,7,74.55,9.98,,
323952,P,2001-02-03,39259,3,38.50,4.74,,
323953,P,2000-05-02,21720,6,95.22,5.59,,
323954,P,2001-11-07,8684,5,65.11,1.84,,
323955,P,2000-06-08,889,1,47.19,5.71,,
323956,P,2000-01-06,34088,4,10.20,8.49,,
323957,P,2001-01-16,83060,7,18.81,9.39,,
323958,P,2002-03-02,99332,2,47.34,4.68,,
323959,P,2002-01-09,55544,7,77.24,3.79,,
323960,P,2000-05-20,16727,10,21.89,4.17,,
323961,P,2000-07-12,32655,10,9.12,8.91,,
323962,P,2001-12-16,7224,1,1.38,3.63,,
323963,P,2002-05-16,4224,5,97.27,8.34,,
323964,P,2001-08-13,53625,6,81.64,6.26,,
323965,P,2002-02-17,89695,8,93.27,0.30,,
323966,P,2000-03-16,48974,5,63.87,7.84,,
323967,P,2000-07-25,84720,8,19.00,6.44,,
323968,P,2000-08-04,92531,2,24.43,5.41,,
323969,P,2000-10-05,20706,9,95.49,1.66,,
323970,P,2000-04-30,38117,8,59.04,2.47,,
323971,P,2000-05-20,33496,10,8.05,0.00,,
323972,P,2000-06-03,181,6,49.53,4.18,,
323973,P,2000-08-28,3241,3,54.85,4.29,,
323974,P,2002-09-21,16250,3,94.24,1.76,,
323975,P,2000-01-14,41288,3,77.19,3.47,,
323976,P,2000-08-21,38257,4,99.95,6.35,,
323977,P,2000-09-29,10299,10,51.09,6.27,,
323978,P,2002-08-17,40202,6,30.86,0.13,,
323979,P,2002-06-28,5508,4,72.10,7.23,,
323980,P,2001-11-04,37703,1,90.27,2.34,,
323981,P,2000-08-20,71863,5,66.97,7.97,,
323982,P,2002-09-21,3037,5,24.91,3.87,,
323983,P,2001-06-04,42123,8,25.17,9.53,,
323984,P,2000-05-20,74245,9,20.41,7.38,,
323985,P,2001-10-23,46216,8,74.13,7.48,,
323986,P,2000-08-06,13985,10,82.60,5.46,,
323987,P,2002-01-10,38594,9,13.96,4.56,,
323988,P,2002-06-27,44803,1,20.05,9.05,,
323989,P,2000-01-25,90990,4,58.05,2.88,,
323990,P,2002-09-03,61511,6,94.23,0.72,,
323991,P,2000-07-15,53720,5,26.74,1.47,,
323992,P,2000-06-10,47798,7,84.32,4.79,,
323993,P,2001-04-19,33592,6,17.14,6.08,,
323994,P,2001-10-30,82879,1,74.72,1.47,,
323995,P,2000-04-21,54238,5,29.47,9.06,,
323996,P,2000-07-17,31769,5,98.72,3.41,,
323997,P,2002-02-19,94766,10,8.55,8.52,,
323998,P,2000-11-15,79255,9,75.41,8.71,,
323999,P,2001-06-19,80449,2,72.38,0.21,,
324000,P,2000-02-12,13313,5,96.96,1.64,,
324001,P,2000-08-06,76038,3,38.84,6.05,,
324002,P,2002-02-16,56697,10,17.75,1.72,,
324003,P,2001-02-08,57815,10,77.66,6.10,,
324004,P,2000-02-28,51006,4,21.54,3.50,,
324005,P,2001-04-12,46781,10,62.90,8.10,,
324006,P,2000-11-29,82177,7,43.32,7.97,,
324007,P,2001-02-23,87000,9,51.89,1.00,,
324008,P,2000-05-19,58752,10,53.09,1.35,,
324009,P,2001-07-27,90848,8,88.22,8.39,,
324010,P,2000-01-01,68284,1,41.06,6.70,,
324011,P,2001-10-08,93776,9,60.08,5.25,,
324012,P,2000-06-02,60628,8,72.20,1.20,,
324013,P,2001-02-05,93515,3,78.18,6.20,,
324014,P,2001-07-18,38177,10,56.78,6.73,,
324015,P,2000-09-23,57238,7,53.95,6.33,,
324016,P,2001-12-05,37227,5,53.22,3.90,,
324017,P,2002-04-19,45804,9,7.29,9.62,,
324018,P,2001-10-24,35434,8,13.61,7.25,,
324019,P,2001-07-05,54416,6,78.85,3.01,,
324020,P,2001-04-01,31089,10,35.32,3.84,,
324021,P,2000-07-31,75386,2,76.12,2.33,,
324022,P,2000-06-08,22934,8,83.43,5.95,,
324023,P,2000-08-30,68210,9,78.53,3.42,,
324024,P,2001-10-29,7397,9,13.91,1.71,,
324025,P,2000-02-06,86522,3,82.41,5.68,,
324026,P,2002-02-10,76577,4,51.51,7.48,,
324027,P,2000-11-26,3506,9,3.15,0.73,,
324028,P,2001-11-21,63554,5,91.16,9.64,,
324029,P,2000-07-18,35809,6,38.90,8.97,,
324030,P,2000-03-17,73630,4,63.17,1.35,,
324031,P,2001-11-04,79119,9,93.47,8.14,,
324032,P,2002-02-18,59754,6,38.00,8.26,,
324033,P,2002-09-12,75266,2,8.91,9.54,,
324034,P,2002-01-31,95563,10,53.48,0.16,,
324035,P,2001-07-12,52503,9,14.35,9.27,,
324036,P,2001-01-24,75006,3,97.32,2.02,,
324037,P,2001-06-26,15280,2,0.57,8.02,,
324038,P,2001-11-01,41985,6,41.50,0.87,,
324039,P,2001-08-16,11675,7,45.38,3.91,,
324040,P,2001-02-14,92216,6,99.31,7.06,,
324041,P,2002-01-03,9202,4,34.22,7.53,,
324042,P,2000-10-28,38290,1,82.85,8.18,,
324043,P,2000-03-03,54182,5,58.73,7.29,,
324044,P,2002-09-23,21818,2,82.86,5.03,,
324045,P,2000-10-04,82061,5,17.14,2.53,,
324046,P,2002-04-08,86571,10,63.49,0.08,,
324047,P,2000-12-29,26294,1,83.40,5.95,,
324048,P,2002-06-05,6380,3,90.23,5.26,,
324049,P,2002-05-31,92723,8,1.61,2.35,,
324050,P,2000-07-29,71339,10,15.83,0.92,,
324051,P,2002-04-16,63077,6,57.05,5.48,,
324052,P,2001-04-21,47761,1,54.10,0.31,,
324053,P,2000-06-29,95115,8,3.58,3.33,,
324054,P,2002-09-23,1243,1,76.69,5.56,,
324055,P,2001-08-15,19235,5,39.71,2.91,,
324056,P,2002-05-12,15197,2,3.68,9.62,,
324057,P,2001-07-13,75207,7,22.48,6.20,,
324058,P,2002-06-24,56422,6,75.46,5.92,,
324059,P,2002-09-22,95623,1,57.63,7.85,,
324060,P,2000-09-28,47823,6,62.01,8.18,,
324061,P,2000-05-09,18183,3,71.28,8.72,,
324062,P,2000-03-12,26794,4,54.31,0.72,,
324063,P,2000-01-25,52732,6,31.99,0.26,,
324064,P,2000-01-08,89789,7,80.18,8.65,,
324065,P,2002-08-30,31321,1,94.05,9.51,,
324066,P,2002-05-18,12907,1,58.10,0.26,,
324067,P,2000-02-25,87028,10,8.95,5.61,,
324068,P,2001-09-30,26158,5,92.35,2.13,,
324069,P,2001-05-19,75260,1,22.76,5.80,,
324070,P,2000-06-26,51817,5,88.08,6.33,,
324071,P,2001-12-03,648,3,20.28,4.68,,
324072,P,2001-03-31,2011,9,60.92,8.43,,
324073,P,2002-08-08,32329,10,48.25,0.39,,
324074,P,2002-04-19,28961,6,16.39,1.10,,
324075,P,2001-06-27,66048,7,90.59,2.69,,
324076,P,2002-02-21,28188,6,17.93,5.43,,
324077,P,2002-03-14,39952,9,51.62,9.29,,
324078,P,2002-08-23,13416,10,91.17,0.39,,
324079,P,2000-07-29,46413,7,63.38,1.72,,
324080,P,2002-08-16,85807,6,23.17,3.78,,
324081,P,2000-06-30,10820,1,78.97,10.00,,
324082,P,2000-12-07,3616,3,90.96,5.08,,
324083,P,2001-11-28,29008,7,49.95,6.60,,
324084,P,2000-08-10,64025,1,5.04,9.23,,
324085,P,2001-10-03,45344,9,9.33,7.23,,
324086,P,2001-09-28,79411,7,38.56,3.79,,
324087,P,2002-09-21,39700,1,2.23,7.04,,
324088,P,2000-02-26,30636,8,74.36,2.84,,
324089,P,2000-08-31,28795,3,25.29,7.93,,
324090,P,2001-12-08,92593,4,93.40,6.41,,
324091,P,2001-10-26,40882,2,7.63,8.16,,
324092,P,2001-11-08,28414,9,46.81,8.29,,
324093,P,2002-08-19,80361,5,97.00,0.93,,
324094,P,2000-11-01,37493,7,28.04,9.51,,
324095,P,2002-06-23,61824,7,78.25,4.74,,
324096,P,2000-03-31,27112,10,63.40,6.93,,
324097,P,2001-12-27,87306,10,31.04,2.10,,
324098,P,2000-03-16,4104,10,25.56,6.62,,
324099,P,2000-01-30,27666,9,33.10,3.52,,
324100,P,2000-05-22,47598,4,61.24,2.45,,
324101,P,2002-07-29,45207,1,46.23,2.15,,
324102,P,2000-05-12,78537,5,73.25,2.80,,
324103,P,2001-05-24,36572,4,52.24,6.59,,
324104,P,2000-10-18,95672,5,85.22,9.58,,
324105,P,2000-02-28,98391,5,97.91,2.52,,
324106,P,2000-12-30,97882,8,85.69,7.87,,
324107,P,2002-03-12,1920,6,26.69,3.50,,
324108,P,2000-06-04,23178,7,84.77,1.71,,
324109,P,2000-03-14,55109,3,43.24,6.49,,
324110,P,2000-05-17,58622,2,12.79,5.44,,
324111,P,2001-06-08,19985,1,37.84,7.80,,
324112,P,2002-04-11,46342,9,12.08,7.76,,
324113,P,2002-07-16,47395,10,62.94,2.67,,
324114,P,2001-12-12,28306,2,40.17,3.14,,
324115,P,2001-06-26,54295,10,55.80,3.14,,
324116,P,2001-08-05,84990,2,16.45,3.40,,
324117,P,2002-09-02,55542,5,37.94,0.31,,
324118,P,2001-09-17,4716,9,27.12,4.71,,
324119,P,2002-07-11,59983,6,56.98,9.02,,
324120,P,2000-04-24,40822,9,94.30,6.69,,
324121,P,2000-07-29,78525,8,76.39,7.71,,
324122,P,2000-03-17,35934,5,68.09,0.78,,
324123,P,2002-07-20,75107,8,98.64,9.96,,
324124,P,2001-01-23,56267,5,75.83,9.68,,
324125,P,2001-08-21,1227,2,48.84,2.12,,
324126,P,2001-10-23,84709,10,89.95,5.53,,
324127,P,2002-01-10,43692,2,21.33,3.89,,
324128,P,2002-07-29,36467,9,24.91,4.91,,
324129,P,2001-11-06,82081,7,98.67,2.53,,
324130,P,2000-12-17,81351,10,64.78,2.70,,
324131,P,2002-06-10,97574,8,42.42,8.88,,
324132,P,2000-01-27,71108,2,96.52,0.25,,
324133,P,2000-10-04,14865,3,63.80,5.27,,
324134,P,2001-08-15,10382,1,38.62,7.81,,
324135,P,2000-04-13,88056,5,15.87,1.42,,
324136,P,2001-07-05,14525,10,54.56,8.44,,
324137,P,2000-06-10,58369,8,93.47,9.29,,
324138,P,2000-10-15,9039,8,25.64,2.54,,
324139,P,2001-08-26,94764,6,5.56,2.48,,
324140,P,2002-03-14,69191,2,20.00,8.87,,
324141,P,2001-03-16,39218,2,64.58,6.63,,
324142,P,2002-05-08,9052,2,81.25,9.69,,
324143,P,2002-01-04,85653,1,57.14,2.78,,
324144,P,2000-12-28,32636,3,51.80,2.10,,
324145,P,2000-06-13,57081,10,23.57,8.64,,
324146,P,2002-04-19,16835,4,30.66,5.53,,
324147,P,2002-01-20,19872,6,55.12,6.07,,
324148,P,2001-05-23,86474,4,27.24,1.03,,
324149,P,2000-09-13,33917,7,26.44,2.45,,
324150,P,2002-02-22,54663,9,44.45,1.37,,
324151,P,2002-03-24,43129,8,42.04,7.08,,
324152,P,2000-08-28,23339,10,94.55,0.12,,
324153,P,2001-05-21,82978,4,77.20,0.51,,
324154,P,2002-04-06,66074,4,63.20,3.70,,
324155,P,2000-01-31,27872,5,14.20,6.59,,
324156,P,2000-02-16,52085,9,99.97,5.47,,
324157,P,2001-10-23,16503,3,14.29,2.79,,
324158,P,2001-12-18,76266,5,56.47,0.13,,
324159,P,2002-01-01,80289,5,91.20,4.02,,
324160,P,2001-03-23,52640,8,97.66,1.85,,
324161,P,2000-02-17,66065,9,19.50,8.98,,
324162,P,2000-10-20,30930,10,9.57,4.97,,
324163,P,2001-07-10,51362,10,66.14,5.38,,
324164,P,2000-08-17,94735,7,48.15,6.85,,
324165,P,2000-01-04,64962,1,97.76,7.17,,
324166,P,2001-05-24,98738,2,68.72,7.54,,
324167,P,2001-02-11,28722,5,93.88,7.29,,
324168,P,2000-10-17,42033,9,16.32,9.96,,
324169,P,2001-10-07,23316,3,14.03,2.16,,
324170,P,2001-09-20,72690,6,47.70,0.35,,
324171,P,2000-05-08,88052,10,43.83,5.88,,
324172,P,2000-06-12,78782,5,50.08,7.60,,
324173,P,2000-07-19,80720,2,63.28,4.76,,
324174,P,2002-09-09,53243,6,16.16,5.01,,
324175,P,2000-11-28,51524,10,57.52,3.71,,
324176,P,2000-07-08,57474,6,70.42,4.21,,
324177,P,2000-05-22,14429,8,75.20,7.18,,
324178,P,2002-03-11,41560,3,85.65,5.78,,
324179,P,2000-08-25,1885,1,34.91,6.10,,
324180,P,2001-05-09,92431,6,10.44,6.74,,
324181,P,2001-09-25,72581,6,70.41,8.64,,
324182,P,2000-06-14,69750,3,58.47,0.10,,
324183,P,2001-10-14,18357,3,81.98,3.35,,
324184,P,2001-04-15,94642,3,33.55,4.89,,
324185,P,2001-03-24,87475,7,15.38,4.46,,
324186,P,2002-02-04,25042,3,76.33,0.35,,
324187,P,2001-02-03,89902,8,72.27,7.15,,
324188,P,2000-04-22,93134,6,12.38,6.26,,
324189,P,2000-02-28,86764,1,35.04,5.05,,
324190,P,2000-08-10,90172,1,27.21,8.24,,
324191,P,2001-04-20,85427,5,92.08,1.66,,
324192,P,2001-02-23,52732,7,72.07,3.36,,
324193,P,2001-10-27,72453,7,39.05,8.64,,
324194,P,2002-04-07,6251,7,20.17,4.23,,
324195,P,2001-11-26,55544,3,52.25,9.68,,
324196,P,2001-05-29,36032,7,7.77,5.91,,
324197,P,2000-08-23,55342,2,67.10,9.47,,
324198,P,2001-10-12,13608,1,18.04,9.01,,
324199,P,2000-04-18,81437,5,49.83,7.69,,
324200,P,2001-01-13,11566,6,53.77,8.99,,
324201,P,2001-12-19,89183,7,6.49,0.48,,
324202,P,2000-01-03,43467,6,5.44,3.23,,
324203,P,2000-03-14,91753,3,95.09,0.27,,
324204,P,2001-07-03,36016,3,8.16,3.18,,
324205,P,2000-10-03,63977,7,81.23,0.21,,
324206,P,2000-10-21,79578,6,46.07,0.74,,
324207,P,2001-09-16,74590,8,35.64,7.26,,
324208,P,2001-05-17,41782,7,98.00,0.26,,
324209,P,2000-09-20,97094,2,53.16,6.12,,
324210,P,2001-04-04,25855,6,19.23,5.83,,
324211,P,2000-10-13,78300,8,56.28,5.97,,
324212,P,2000-07-05,33808,7,85.91,6.61,,
324213,P,2000-07-04,83030,1,26.11,6.13,,
324214,P,2000-09-02,76068,6,66.87,7.91,,
324215,P,2001-03-20,21152,6,12.53,7.05,,
324216,P,2000-03-16,37264,3,9.36,3.62,,
324217,P,2000-04-03,12144,5,0.99,8.40,,
324218,P,2001-03-05,66241,5,14.18,0.16,,
324219,P,2002-01-17,62732,3,89.64,5.34,,
324220,P,2000-02-23,90746,1,6.48,9.92,,
324221,P,2000-11-08,15859,3,84.40,1.53,,
324222,P,2001-06-29,93422,1,99.73,2.78,,
324223,P,2001-09-23,7871,5,56.85,9.18,,
324224,P,2002-07-15,86804,10,21.63,5.68,,
324225,P,2002-05-01,5659,5,41.48,6.82,,
324226,P,2000-11-18,50849,3,19.31,5.91,,
324227,P,2001-01-09,19646,10,72.91,7.15,,
324228,P,2000-03-12,34627,2,25.40,0.10,,
324229,P,2001-10-08,11088,7,54.15,5.21,,
324230,P,2000-07-03,48244,2,23.19,1.04,,
324231,P,2001-01-29,52543,8,97.24,8.99,,
324232,P,2002-05-16,59068,8,69.84,7.96,,
324233,P,2001-12-08,35628,4,33.87,1.03,,
324234,P,2000-06-24,62701,4,52.83,7.88,,
324235,P,2001-03-17,1700,5,77.94,1.56,,
324236,P,2001-01-26,96817,5,20.53,7.50,,
324237,P,2001-08-26,29823,9,7.20,9.55,,
324238,P,2000-04-18,26316,4,81.52,6.68,,
324239,P,2001-06-24,78655,8,2.23,0.37,,
324240,P,2000-04-26,24442,2,53.18,8.77,,
324241,P,2000-02-21,58681,5,45.75,9.14,,
324242,P,2001-01-13,37653,7,68.46,6.44,,
324243,P,2002-03-24,41643,2,60.42,4.80,,
324244,P,2000-03-11,4012,6,57.52,2.99,,
324245,P,2002-07-18,88361,9,88.31,3.65,,
324246,P,2002-02-22,59053,9,36.95,0.02,,
324247,P,2002-02-24,20839,1,80.77,4.41,,
324248,P,2001-02-22,36090,6,29.23,9.81,,
324249,P,2001-05-23,96456,6,56.28,0.73,,
324250,P,2001-08-29,88825,3,46.16,7.62,,
324251,P,2000-11-02,18357,6,99.88,7.47,,
324252,P,2002-03-30,22866,4,23.44,8.61,,
324253,P,2002-06-12,88961,10,49.71,8.38,,
324254,P,2001-01-21,18801,10,71.71,5.82,,
324255,P,2002-01-27,65855,10,83.85,2.22,,
324256,P,2002-04-20,49164,4,42.26,7.09,,
324257,P,2001-06-04,6937,7,29.43,7.68,,
324258,P,2002-08-15,33140,3,83.91,0.20,,
324259,P,2002-08-17,92722,7,37.96,4.83,,
324260,P,2001-07-28,6941,1,79.01,8.49,,
324261,P,2001-08-09,52419,7,96.80,7.75,,
324262,P,2000-10-21,21310,10,33.06,4.30,,
324263,P,2000-06-11,43542,9,55.38,5.78,,
324264,P,2002-08-09,38899,7,27.23,4.80,,
324265,P,2000-11-13,42613,4,23.15,6.89,,
324266,P,2002-07-10,61282,1,8.95,8.19,,
324267,P,2000-12-12,38922,4,15.76,7.98,,
324268,P,2001-03-07,53452,4,28.84,2.65,,
324269,P,2000-07-09,84620,6,59.05,7.82,,
324270,P,2000-09-29,34419,10,50.00,7.56,,
324271,P,2002-01-10,68681,9,61.42,3.53,,
324272,P,2000-09-20,15693,3,83.60,0.94,,
324273,P,2002-03-14,76531,10,43.40,1.81,,
324274,P,2000-02-28,82249,5,45.03,1.58,,
324275,P,2000-11-18,31375,10,48.33,7.75,,
324276,P,2002-05-03,58813,10,11.81,9.44,,
324277,P,2001-12-26,68602,7,86.11,7.73,,
324278,P,2002-06-30,73172,4,1.67,1.96,,
324279,P,2001-11-03,587,10,95.02,4.67,,
324280,P,2001-02-20,3969,5,13.50,1.12,,
324281,P,2001-12-17,86734,6,71.60,1.05,,
324282,P,2002-01-22,42254,2,94.99,6.44,,
324283,P,2000-07-07,89546,7,15.76,8.70,,
324284,P,2001-01-08,70398,4,36.95,0.45,,
324285,P,2000-04-18,35157,2,83.17,2.36,,
324286,P,2001-10-05,55911,4,76.07,0.17,,
324287,P,2001-05-12,80239,1,27.53,6.68,,
324288,P,2000-11-05,89098,9,72.36,5.65,,
324289,P,2001-01-02,42828,3,11.87,6.97,,
324290,P,2000-04-28,24330,8,71.26,0.03,,
324291,P,2000-06-28,35992,3,44.12,1.51,,
324292,P,2000-06-12,61560,1,90.76,4.18,,
324293,P,2002-09-11,41761,6,59.73,1.10,,
324294,P,2000-10-12,47256,8,10.31,6.33,,
324295,P,2002-04-15,38605,3,22.60,2.59,,
324296,P,2000-09-25,27296,7,81.48,9.55,,
324297,P,2002-02-20,29202,5,40.76,8.76,,
324298,P,2001-01-08,66683,5,22.88,2.05,,
324299,P,2002-06-16,48375,1,52.78,7.98,,
324300,P,2001-03-17,90351,4,68.37,5.74,,
324301,P,2000-08-15,19238,9,8.21,5.42,,
324302,P,2001-09-05,90381,2,89.40,1.84,,
324303,P,2001-12-26,65905,10,18.54,7.81,,
324304,P,2001-12-25,99163,2,52.73,4.22,,
324305,P,2002-03-04,5206,9,50.78,3.94,,
324306,P,2002-06-15,15005,7,37.05,7.87,,
324307,P,2000-03-25,40532,6,83.58,5.39,,
324308,P,2000-02-12,81212,9,4.59,8.80,,
324309,P,2001-05-28,51607,9,69.48,2.55,,
324310,P,2001-03-09,72723,1,86.08,0.30,,
324311,P,2001-10-13,51797,6,48.42,7.02,,
324312,P,2002-02-17,38578,10,71.99,3.21,,
324313,P,2001-11-18,90297,2,68.22,5.22,,
324314,P,2001-09-21,16806,3,52.45,6.50,,
324315,P,2002-03-12,34661,8,50.13,9.47,,
324316,P,2001-11-30,23847,10,72.73,2.73,,
324317,P,2002-05-24,9263,3,99.78,5.99,,
324318,P,2000-12-16,40674,2,81.37,0.06,,
324319,P,2002-03-10,3148,9,10.47,9.00,,
324320,P,2002-06-06,86442,6,1.21,0.47,,
324321,P,2001-11-01,93587,5,43.76,3.23,,
324322,P,2001-10-03,40854,7,99.12,7.44,,
324323,P,2002-04-28,29870,5,62.92,1.50,,
324324,P,2001-05-11,90798,9,66.31,5.19,,
324325,P,2001-09-22,40336,3,72.64,1.74,,
324326,P,2000-12-18,12689,4,97.32,6.19,,
324327,P,2001-02-15,7797,10,95.15,5.37,,
324328,P,2000-11-17,71337,5,3.90,8.93,,
324329,P,2001-11-03,37899,5,18.37,1.35,,
324330,P,2000-02-26,34944,7,24.19,0.70,,
324331,P,2000-03-21,28519,5,69.52,5.01,,
324332,P,2001-09-11,96836,9,56.87,0.18,,
324333,P,2002-07-18,59729,7,7.58,9.77,,
324334,P,2001-07-15,55963,4,52.98,3.08,,
324335,P,2002-05-31,31125,6,35.34,9.17,,
324336,P,2000-01-16,75036,10,70.35,9.24,,
324337,P,2001-04-21,22311,6,17.62,0.13,,
324338,P,2000-03-15,12959,3,24.60,5.60,,
324339,P,2001-12-01,17625,9,11.07,5.97,,
324340,P,2000-07-10,68859,7,53.30,6.54,,
324341,P,2002-02-13,56824,7,37.13,3.17,,
324342,P,2001-02-22,67300,7,96.22,7.70,,
324343,P,2000-06-03,59764,9,50.36,9.08,,
324344,P,2002-02-23,34925,8,19.85,6.88,,
324345,P,2002-01-14,85920,3,50.18,2.92,,
324346,P,2001-11-15,90543,1,5.71,3.65,,
324347,P,2001-10-09,47055,3,58.56,3.25,,
324348,P,2000-06-21,45526,3,19.31,7.10,,
324349,P,2001-04-04,39931,8,59.66,1.25,,
324350,P,2000-10-02,52514,8,40.38,3.97,,
324351,P,2001-12-05,17692,5,71.55,3.78,,
324352,P,2002-02-28,45805,4,49.43,7.11,,
324353,P,2001-04-27,31712,4,57.54,4.61,,
324354,P,2000-08-16,49842,2,26.02,0.94,,
324355,P,2000-04-20,87202,4,68.22,4.46,,
324356,P,2001-10-22,85,8,72.43,9.40,,
324357,P,2001-05-25,1569,4,48.43,10.00,,
324358,P,2000-12-20,48955,1,21.26,9.53,,
324359,P,2001-05-26,18251,4,67.24,3.09,,
324360,P,2000-09-19,51711,7,67.56,8.87,,
324361,P,2000-11-17,70902,9,59.00,3.18,,
324362,P,2002-05-05,10453,6,21.92,3.33,,
324363,P,2000-11-20,80867,7,21.80,9.65,,
324364,P,2001-04-27,14850,1,39.84,1.86,,
324365,P,2000-11-28,36664,1,85.33,3.15,,
324366,P,2001-06-23,64503,8,98.24,3.29,,
324367,P,2000-06-20,56490,9,48.85,6.02,,
324368,P,2001-01-21,80179,1,90.73,7.21,,
324369,P,2001-01-11,97386,1,92.52,1.82,,
324370,P,2000-07-14,73232,8,67.76,1.35,,
324371,P,2000-08-07,81917,4,76.32,2.27,,
324372,P,2000-09-23,6651,5,84.16,4.85,,
324373,P,2001-02-13,99220,7,87.32,5.45,,
324374,P,2000-05-08,82939,2,14.01,4.92,,
324375,P,2001-06-06,39756,7,45.99,7.40,,
324376,P,2001-07-22,12724,10,73.94,0.62,,
324377,P,2000-12-26,63980,6,18.28,0.91,,
324378,P,2001-05-25,53731,9,30.85,8.02,,
324379,P,2000-01-29,46950,10,46.57,9.65,,
324380,P,2000-03-23,28780,10,8.95,0.32,,
324381,P,2001-12-05,70343,5,45.64,6.93,,
324382,P,2000-08-27,39042,4,16.61,3.97,,
324383,P,2001-09-03,37456,3,85.30,3.67,,
324384,P,2001-03-12,19263,10,48.06,7.50,,
324385,P,2001-04-22,10734,8,21.26,5.36,,
324386,P,2002-03-08,25861,2,52.45,8.71,,
324387,P,2001-09-26,49391,3,7.77,1.66,,
324388,P,2000-12-13,48497,7,11.82,9.81,,
324389,P,2002-07-16,78800,1,38.47,0.54,,
324390,P,2000-06-27,78324,1,93.00,7.39,,
324391,P,2002-05-14,35465,2,26.55,0.91,,
324392,P,2000-02-13,21738,7,96.45,3.86,,
324393,P,2001-12-08,12116,10,49.56,0.54,,
324394,P,2001-07-31,98028,7,37.43,9.41,,
324395,P,2002-07-06,77556,5,15.07,9.28,,
324396,P,2000-03-02,14290,6,76.05,8.09,,
324397,P,2000-07-24,10050,10,37.11,5.99,,
324398,P,2001-07-29,85894,9,31.38,9.15,,
324399,P,2002-04-04,6085,2,5.31,1.37,,
324400,P,2000-12-01,370,2,94.11,5.88,,
324401,P,2002-06-15,15613,1,26.61,1.96,,
324402,P,2001-10-25,93082,5,11.52,7.49,,
324403,P,2001-04-26,96577,3,26.36,4.23,,
324404,P,2001-08-20,9531,3,90.61,1.77,,
324405,P,2002-04-07,12535,5,59.07,9.33,,
324406,P,2000-05-28,15014,5,13.64,4.11,,
324407,P,2000-07-22,78327,9,19.32,2.78,,
324408,P,2002-08-30,34151,6,60.97,8.81,,
324409,P,2001-04-07,6229,3,60.24,7.66,,
324410,P,2001-05-02,40849,10,31.88,6.85,,
324411,P,2000-12-06,77102,6,73.26,2.13,,
324412,P,2002-05-26,31699,6,18.87,6.88,,
324413,P,2001-09-12,81303,7,0.99,5.56,,
324414,P,2002-01-24,35502,7,67.93,6.55,,
324415,P,2001-10-26,55357,6,14.46,9.88,,
324416,P,2000-06-02,52269,10,75.08,4.91,,
324417,P,2001-05-06,8175,9,91.70,9.59,,
324418,P,2001-01-16,56600,8,80.67,4.96,,
324419,P,2002-08-28,74732,2,14.29,4.14,,
324420,P,2001-11-30,27504,7,73.02,7.08,,
324421,P,2002-02-24,79063,3,5.88,6.75,,
324422,P,2002-08-23,17594,6,66.65,8.44,,
324423,P,2001-03-05,53614,3,31.78,3.00,,
324424,P,2000-02-08,19596,3,13.40,8.60,,
324425,P,2001-09-08,22153,1,68.41,6.85,,
324426,P,2000-03-24,17972,10,49.71,9.24,,
324427,P,2002-06-29,68370,1,25.94,8.26,,
324428,P,2000-01-09,26343,5,52.56,1.99,,
324429,P,2002-08-15,35183,4,33.80,5.90,,
324430,P,2002-05-14,60897,9,66.22,5.52,,
324431,P,2001-04-25,44958,8,56.57,4.46,,
324432,P,2000-04-06,687,4,35.30,5.50,,
324433,P,2002-03-27,55601,9,30.01,3.80,,
324434,P,2000-05-08,42699,10,56.50,8.38,,
324435,P,2000-01-12,74223,1,63.57,8.60,,
324436,P,2002-05-16,11116,1,98.39,7.74,,
324437,P,2000-04-11,90789,7,51.39,9.73,,
324438,P,2001-12-22,83288,7,43.82,8.79,,
324439,P,2002-07-14,92705,3,53.37,6.00,,
324440,P,2002-07-25,42311,10,67.28,0.54,,
324441,P,2000-03-05,49462,1,78.63,8.97,,
324442,P,2001-04-19,16454,1,86.35,9.97,,
324443,P,2001-01-09,22008,5,64.82,1.10,,
324444,P,2001-11-30,90287,2,66.55,8.59,,
324445,P,2002-06-06,95176,10,69.11,3.07,,
324446,P,2001-07-27,72660,3,19.88,0.92,,
324447,P,2001-10-03,83051,1,81.58,6.03,,
324448,P,2000-05-05,68011,6,75.11,8.74,,
324449,P,2002-09-21,70718,4,99.42,0.09,,
324450,P,2000-09-28,15092,10,6.58,1.55,,
324451,P,2000-10-10,58398,9,78.64,5.63,,
324452,P,2002-07-31,29294,5,42.93,4.69,,
324453,P,2002-09-25,56163,1,5.47,3.99,,
324454,P,2002-09-15,10000,8,96.32,5.97,,
324455,P,2000-12-19,32416,4,64.19,2.90,,
324456,P,2000-05-18,83126,2,96.80,2.88,,
324457,P,2002-04-17,24135,8,98.36,0.77,,
324458,P,2001-05-22,94939,2,76.79,4.65,,
324459,P,2000-11-14,82511,4,72.63,1.57,,
324460,P,2000-11-15,69989,3,82.84,4.98,,
324461,P,2001-08-30,97755,6,53.40,3.44,,
324462,P,2002-05-11,7146,6,88.41,5.21,,
324463,P,2002-09-04,50549,1,2.51,5.22,,
324464,P,2001-10-25,71975,6,75.87,7.99,,
324465,P,2002-02-09,79314,3,32.94,9.57,,
324466,P,2000-02-08,22297,7,40.13,0.90,,
324467,P,2002-04-15,5020,1,12.32,6.21,,
324468,P,2001-04-02,90990,6,32.56,8.58,,
324469,P,2000-06-23,50539,10,2.37,1.97,,
324470,P,2000-01-12,78573,2,69.93,3.05,,
324471,P,2000-09-08,13946,9,46.06,9.72,,
324472,P,2000-01-06,1795,9,31.17,7.16,,
324473,P,2002-06-25,42421,6,99.54,2.10,,
324474,P,2000-03-20,48445,2,4.60,9.45,,
324475,P,2001-08-06,50055,9,21.18,4.09,,
324476,P,2000-06-03,92805,2,96.53,3.55,,
324477,P,2000-07-30,7489,4,48.56,7.82,,
324478,P,2001-04-22,86152,6,62.43,9.90,,
324479,P,2001-04-24,49283,5,6.62,4.76,,
324480,P,2001-06-15,49259,9,43.75,0.32,,
324481,P,2002-04-21,35979,4,88.03,7.41,,
324482,P,2000-02-21,49691,3,86.01,9.72,,
324483,P,2002-04-24,35931,5,41.38,9.75,,
324484,P,2002-08-15,70225,2,69.45,5.28,,
324485,P,2001-06-09,43122,8,68.80,3.22,,
324486,P,2002-07-31,94097,4,83.13,8.38,,
324487,P,2000-11-01,34788,10,23.76,1.61,,
324488,P,2002-09-25,77517,5,62.96,6.88,,
324489,P,2000-04-28,47143,3,26.04,2.25,,
324490,P,2001-07-19,71429,9,60.79,4.35,,
324491,P,2002-06-18,17743,3,84.66,9.40,,
324492,P,2001-03-21,72397,9,61.22,8.39,,
324493,P,2002-02-13,35289,2,32.56,0.32,,
324494,P,2000-08-10,23181,1,21.06,6.98,,
324495,P,2000-08-09,22210,4,47.62,7.97,,
324496,P,2000-08-02,52364,4,28.45,7.86,,
324497,P,2000-03-08,79041,6,16.92,9.21,,
324498,P,2000-05-29,32762,3,20.84,8.55,,
324499,P,2002-04-05,96542,1,46.68,9.46,,
324500,P,2001-04-24,25103,9,1.10,1.89,,
324501,P,2001-07-06,38223,2,1.71,7.77,,
324502,P,2001-05-26,43564,3,50.35,2.46,,
324503,P,2002-07-25,18802,7,77.20,1.42,,
324504,P,2002-06-11,6519,5,53.72,6.98,,
324505,P,2001-01-22,30100,3,15.81,7.67,,
324506,P,2001-01-27,93296,4,29.28,6.28,,
324507,P,2000-08-25,77950,2,37.25,3.17,,
324508,P,2001-07-02,6325,4,76.06,3.85,,
324509,P,2001-06-15,57560,6,34.09,7.46,,
324510,P,2001-02-16,17029,5,36.41,2.29,,
324511,P,2000-11-23,83758,5,66.95,6.14,,
324512,P,2000-01-08,14646,1,65.74,8.81,,
324513,P,2002-03-12,13959,5,97.88,8.65,,
324514,P,2002-05-23,13814,3,95.56,0.89,,
324515,P,2000-11-14,60837,2,77.72,0.79,,
324516,P,2002-05-28,75368,4,16.81,2.84,,
324517,P,2002-07-20,53413,9,25.68,5.89,,
324518,P,2000-01-17,74443,7,45.58,2.02,,
324519,P,2002-01-30,93328,8,48.00,0.85,,
324520,P,2001-06-08,85211,5,47.79,8.67,,
324521,P,2000-10-28,387,5,9.82,6.50,,
324522,P,2002-02-03,10921,5,20.41,5.64,,
324523,P,2002-05-08,93534,8,24.35,3.33,,
324524,P,2000-10-17,30766,10,76.25,7.23,,
324525,P,2002-08-01,11449,4,36.83,1.78,,
324526,P,2001-12-14,6368,6,17.04,7.16,,
324527,P,2002-08-07,48463,4,33.30,4.96,,
324528,P,2000-06-09,16662,3,94.60,9.14,,
324529,P,2000-08-22,44142,2,81.70,0.58,,
324530,P,2000-07-15,74320,2,47.31,6.54,,
324531,P,2001-12-05,37325,10,66.68,2.73,,
324532,P,2002-08-02,17328,9,12.99,0.74,,
324533,P,2001-03-23,26700,4,80.95,1.85,,
324534,P,2001-11-05,19466,9,40.47,0.41,,
324535,P,2000-10-04,39163,10,22.30,3.07,,
324536,P,2001-05-19,12150,3,81.71,6.70,,
324537,P,2002-04-26,22562,3,40.96,0.06,,
324538,P,2002-01-04,72216,4,26.40,7.75,,
324539,P,2000-01-03,21997,3,19.59,9.56,,
324540,P,2000-01-20,34834,1,80.50,0.97,,
324541,P,2001-10-07,69316,10,29.67,7.28,,
324542,P,2001-08-12,57569,3,61.29,8.49,,
324543,P,2000-06-13,92667,6,32.59,0.32,,
324544,P,2001-03-21,5740,7,58.47,4.60,,
324545,P,2001-07-06,65799,4,31.51,2.03,,
324546,P,2001-01-20,96074,5,40.58,4.75,,
324547,P,2000-02-20,15398,2,21.36,5.78,,
324548,P,2001-02-03,55243,10,34.70,5.94,,
324549,P,2001-10-29,22075,1,96.03,9.60,,
324550,P,2001-03-02,50432,7,69.19,5.42,,
324551,P,2000-04-01,83014,10,57.42,7.02,,
324552,P,2002-07-21,11667,4,31.94,4.87,,
324553,P,2001-02-25,71626,5,16.76,7.57,,
324554,P,2002-02-11,35553,5,84.71,1.05,,
324555,P,2001-10-21,51806,7,76.28,0.52,,
324556,P,2000-09-29,29970,7,34.92,7.14,,
324557,P,2002-08-29,82490,4,71.49,3.32,,
324558,P,2002-05-09,98178,7,61.26,3.18,,
324559,P,2001-01-15,81520,1,74.55,4.11,,
324560,P,2000-08-24,5374,6,86.39,9.20,,
324561,P,2001-10-27,57331,5,59.41,6.43,,
324562,P,2000-11-30,45664,1,83.04,7.68,,
324563,P,2002-03-28,94929,4,91.61,5.79,,
324564,P,2000-12-30,74962,10,61.93,7.85,,
324565,P,2000-12-21,55448,8,77.10,4.82,,
324566,P,2000-03-20,83870,2,28.58,3.27,,
324567,P,2000-06-04,31824,6,51.06,3.39,,
324568,P,2002-07-26,40972,9,79.49,9.59,,
324569,P,2001-11-18,66799,7,19.18,0.03,,
324570,P,2002-09-18,61516,9,61.05,9.96,,
324571,P,2002-01-20,81977,4,15.12,2.77,,
324572,P,2002-03-08,34666,9,28.22,1.93,,
324573,P,2000-12-16,32441,7,95.13,4.69,,
324574,P,2000-01-12,87400,6,42.94,7.37,,
324575,P,2001-04-01,89035,3,38.12,1.28,,
324576,P,2000-06-24,76281,10,40.43,0.12,,
324577,P,2000-11-22,92114,9,1.33,4.45,,
324578,P,2002-05-22,92444,1,4.18,5.67,,
324579,P,2002-04-27,73190,7,64.12,7.74,,
324580,P,2002-08-22,45258,8,0.11,5.26,,
324581,P,2002-01-01,68685,4,53.55,0.08,,
324582,P,2001-05-06,30813,3,41.73,5.34,,
324583,P,2001-08-26,90399,1,84.88,4.74,,
324584,P,2001-02-07,47037,6,74.49,2.02,,
324585,P,2002-07-11,38253,2,58.81,5.02,,
324586,P,2001-01-01,91828,3,30.74,7.18,,
324587,P,2002-01-09,19563,1,50.89,5.89,,
324588,P,2001-06-26,87530,2,42.44,1.28,,
324589,P,2002-01-02,83879,1,34.19,5.49,,
324590,P,2001-09-14,10136,9,72.46,9.45,,
324591,P,2001-12-12,85497,4,10.19,2.58,,
324592,P,2002-05-18,44877,3,7.74,1.00,,
324593,P,2001-07-03,29003,9,46.22,3.36,,
324594,P,2001-11-15,53010,8,99.84,6.90,,
324595,P,2000-09-15,4323,5,51.61,0.41,,
324596,P,2001-03-02,71319,5,6.25,8.33,,
324597,P,2001-08-14,62336,3,7.78,6.84,,
324598,P,2000-09-04,30248,2,6.07,5.99,,
324599,P,2002-06-26,84723,5,19.32,7.31,,
324600,P,2001-05-06,68400,2,31.37,7.52,,
324601,P,2002-03-19,56988,3,80.88,9.92,,
324602,P,2000-09-12,63612,4,42.75,8.15,,
324603,P,2001-07-22,88016,7,69.91,2.47,,
324604,P,2002-02-02,23662,9,68.43,8.96,,
324605,P,2000-09-20,79875,3,28.50,6.80,,
324606,P,2001-02-23,20303,8,30.13,9.14,,
324607,P,2001-07-03,71166,2,71.47,5.11,,
324608,P,2000-04-22,84254,7,1.93,0.89,,
324609,P,2000-02-22,79962,5,36.06,3.48,,
324610,P,2001-12-08,58246,10,84.26,5.25,,
324611,P,2001-04-10,81560,10,27.24,5.52,,
324612,P,2000-09-09,17677,8,70.77,3.11,,
324613,P,2001-02-22,68085,7,58.51,3.10,,
324614,P,2001-02-07,67974,9,56.30,7.32,,
324615,P,2001-03-29,7413,10,33.61,9.64,,
324616,P,2002-02-23,13283,9,48.27,4.77,,
324617,P,2002-05-08,23849,7,27.73,3.13,,
324618,P,2000-06-16,21215,5,59.75,2.48,,
324619,P,2000-06-03,80713,1,26.80,9.93,,
324620,P,2002-03-14,24638,1,43.73,2.69,,
324621,P,2001-05-15,13973,6,0.64,0.90,,
324622,P,2000-05-26,71398,5,47.20,2.15,,
324623,P,2001-12-13,12974,9,54.81,9.62,,
324624,P,2002-07-16,96932,4,36.19,2.92,,
324625,P,2002-03-04,84100,1,36.14,6.36,,
324626,P,2000-04-17,30768,10,44.37,1.85,,
324627,P,2002-06-21,39092,3,65.01,3.76,,
324628,P,2001-08-16,5851,1,38.66,3.52,,
324629,P,2000-11-27,37577,7,99.04,9.97,,
324630,P,2001-09-09,83370,5,35.97,8.74,,
324631,P,2000-03-15,27482,2,4.65,2.19,,
324632,P,2000-07-10,39572,3,72.61,9.30,,
324633,P,2001-12-09,10385,1,95.41,5.66,,
324634,P,2002-02-11,64336,4,68.84,2.51,,
324635,P,2002-09-23,28742,3,68.87,2.75,,
324636,P,2002-01-31,11450,1,12.28,5.66,,
324637,P,2001-06-09,16443,3,59.31,8.46,,
324638,P,2001-09-27,77042,3,6.92,9.01,,
324639,P,2000-02-17,81308,1,5.00,2.22,,
324640,P,2000-08-20,28100,2,12.63,3.11,,
324641,P,2001-05-08,25650,9,5.72,9.69,,
324642,P,2000-05-29,85225,9,73.56,4.50,,
324643,P,2002-01-12,24583,4,94.22,1.75,,
324644,P,2002-04-12,6456,8,20.21,3.89,,
324645,P,2001-05-05,17,1,34.87,6.33,,
324646,P,2002-05-21,80772,5,66.09,1.14,,
324647,P,2000-02-01,63638,8,20.82,2.54,,
324648,P,2000-12-27,8081,7,50.27,0.92,,
324649,P,2002-07-27,9463,2,21.05,2.67,,
324650,P,2000-06-06,40246,2,25.24,0.89,,
324651,P,2000-06-09,62755,8,84.91,3.07,,
324652,P,2000-06-24,13733,2,12.16,3.70,,
324653,P,2000-01-28,41034,2,26.00,6.18,,
324654,P,2000-03-24,57703,3,3.45,2.98,,
324655,P,2002-06-21,59044,3,60.42,0.32,,
324656,P,2002-04-26,12905,10,39.46,4.07,,
324657,P,2002-04-09,21866,6,89.04,7.87,,
324658,P,2000-07-02,36403,10,64.48,0.61,,
324659,P,2000-08-16,44001,10,96.59,8.27,,
324660,P,2001-10-22,71504,10,24.26,0.91,,
324661,P,2002-07-06,1370,2,49.92,8.76,,
324662,P,2002-09-10,78068,9,86.85,6.55,,
324663,P,2000-04-25,84116,8,10.55,0.35,,
324664,P,2000-10-26,39575,10,99.69,1.62,,
324665,P,2002-07-18,56880,5,82.03,4.34,,
324666,P,2002-01-10,73904,8,28.12,1.68,,
324667,P,2002-08-06,78150,3,0.44,0.91,,
324668,P,2001-04-01,22435,9,26.94,5.00,,
324669,P,2000-07-30,68961,10,78.42,5.13,,
324670,P,2001-11-14,60626,10,77.34,7.95,,
324671,P,2001-05-13,56190,2,99.04,2.33,,
324672,P,2002-03-02,40170,10,3.76,5.61,,
324673,P,2002-06-29,40755,3,92.56,4.70,,
324674,P,2000-04-07,73784,3,58.89,2.35,,
324675,P,2002-07-22,52897,5,31.07,8.81,,
324676,P,2000-09-27,23140,7,26.32,4.70,,
324677,P,2000-12-27,50741,3,43.98,9.16,,
324678,P,2002-07-13,25200,7,97.85,0.10,,
324679,P,2000-01-20,6878,6,44.53,2.61,,
324680,P,2001-03-29,27061,7,42.73,6.14,,
324681,P,2000-02-18,92759,5,75.27,7.04,,
324682,P,2002-06-29,92378,10,58.88,0.00,,
324683,P,2002-03-24,53118,10,7.88,8.80,,
324684,P,2001-08-01,65987,5,56.52,9.19,,
324685,P,2000-02-06,34479,8,9.35,0.19,,
324686,P,2000-06-30,80466,10,57.81,2.85,,
324687,P,2000-02-18,87254,5,9.23,3.66,,
324688,P,2001-01-09,82521,7,27.87,4.69,,
324689,P,2002-07-04,90241,8,52.76,9.40,,
324690,P,2000-07-11,95094,8,72.79,9.93,,
324691,P,2001-03-16,16871,4,88.82,9.96,,
324692,P,2001-02-18,79384,2,97.33,5.04,,
324693,P,2002-01-16,60536,1,28.64,2.99,,
324694,P,2001-12-30,52333,1,94.82,1.30,,
324695,P,2001-01-24,12294,10,39.77,5.12,,
324696,P,2001-07-09,65311,8,13.13,3.18,,
324697,P,2000-06-12,67473,9,1.78,6.17,,
324698,P,2002-09-02,48521,5,12.53,7.57,,
324699,P,2002-04-17,64092,5,52.27,6.48,,
324700,P,2001-07-05,52850,2,89.86,8.31,,
324701,P,2002-08-12,43218,5,16.38,4.55,,
324702,P,2001-07-15,71897,10,69.32,0.35,,
324703,P,2002-05-18,44312,3,43.00,3.29,,
324704,P,2002-07-17,97614,7,62.62,0.17,,
324705,P,2001-01-10,47145,2,94.11,9.97,,
324706,P,2001-11-09,46571,8,6.45,0.14,,
324707,P,2002-06-14,91619,1,2.06,5.74,,
324708,P,2001-07-02,68053,2,9.66,6.91,,
324709,P,2001-05-18,62463,4,80.54,8.93,,
324710,P,2000-02-18,98958,9,80.04,5.72,,
324711,P,2001-12-04,5545,4,46.11,9.75,,
324712,P,2000-06-09,54642,4,68.02,2.60,,
324713,P,2000-02-06,86048,1,59.88,8.53,,
324714,P,2000-07-24,47355,8,3.15,2.00,,
324715,P,2001-06-17,82444,4,87.26,1.90,,
324716,P,2001-01-30,14148,7,60.46,8.37,,
324717,P,2002-04-01,75275,5,89.51,9.98,,
324718,P,2001-12-15,21468,4,70.22,3.00,,
324719,P,2001-02-12,96216,10,33.58,8.73,,
324720,P,2001-12-31,57017,8,30.50,5.32,,
324721,P,2000-11-29,71571,10,45.98,6.84,,
324722,P,2000-12-10,49104,3,92.84,8.32,,
324723,P,2002-05-15,7431,7,82.77,8.51,,
324724,P,2000-08-30,41159,9,68.11,7.34,,
324725,P,2000-09-29,8660,5,66.07,1.71,,
324726,P,2000-10-23,51448,4,10.10,5.97,,
324727,P,2001-07-31,62198,5,81.96,1.46,,
324728,P,2001-11-08,54665,6,69.61,5.85,,
324729,P,2000-11-05,44026,1,93.28,2.26,,
324730,P,2000-11-22,70885,2,23.73,0.28,,
324731,P,2000-12-11,63693,9,58.12,1.52,,
324732,P,2001-07-23,25212,2,1.03,0.81,,
324733,P,2000-06-30,69786,4,44.49,5.96,,
324734,P,2000-12-12,8388,3,70.32,9.91,,
324735,P,2001-08-14,51486,7,73.98,3.54,,
324736,P,2002-04-12,19438,6,93.43,0.96,,
324737,P,2001-04-03,79281,8,8.24,2.75,,
324738,P,2001-05-08,37545,7,49.45,1.72,,
324739,P,2000-07-14,52871,3,13.20,6.42,,
324740,P,2001-12-10,55061,1,89.06,6.23,,
324741,P,2000-01-20,91190,9,97.43,3.45,,
324742,P,2001-02-13,37932,3,98.12,2.27,,
324743,P,2001-04-30,32818,1,40.28,7.51,,
324744,P,2000-11-20,91056,7,8.82,7.67,,
324745,P,2000-09-02,80629,9,16.71,1.87,,
324746,P,2001-09-04,32393,5,21.59,8.85,,
324747,P,2001-08-07,76044,8,47.56,8.33,,
324748,P,2002-09-21,6696,9,63.91,3.18,,
324749,P,2001-12-20,67923,4,51.79,1.45,,
324750,P,2002-06-22,27295,4,91.79,4.34,,
324751,P,2001-09-14,13872,8,77.07,5.49,,
324752,P,2000-07-14,41332,6,19.50,8.91,,
324753,P,2002-05-05,14145,4,65.48,2.10,,
324754,P,2002-08-18,65507,4,56.66,1.55,,
324755,P,2002-03-31,30896,10,25.14,0.17,,
324756,P,2000-09-16,69348,4,86.93,9.88,,
324757,P,2002-05-14,21632,3,13.19,4.72,,
324758,P,2001-12-28,52933,4,43.67,5.57,,
324759,P,2000-03-04,3607,7,18.34,9.54,,
324760,P,2002-07-22,87225,10,35.50,7.58,,
324761,P,2001-03-09,78416,7,36.48,7.32,,
324762,P,2000-11-11,86357,9,47.85,8.08,,
324763,P,2001-02-28,58299,10,10.01,7.47,,
324764,P,2000-04-30,48315,2,85.52,7.11,,
324765,P,2001-04-21,31651,9,49.11,6.53,,
324766,P,2000-06-07,33281,6,38.83,0.15,,
324767,P,2001-02-09,8522,9,53.19,1.26,,
324768,P,2001-03-13,82144,6,17.70,2.83,,
324769,P,2002-09-22,35010,10,97.00,7.18,,
324770,P,2002-02-23,28220,10,22.28,8.60,,
324771,P,2000-03-20,37133,7,82.50,4.49,,
324772,P,2001-03-10,46480,6,46.92,4.43,,
324773,P,2002-04-20,14144,1,60.65,0.03,,
324774,P,2001-03-16,91102,2,2.42,7.61,,
324775,P,2001-10-20,64078,1,47.98,9.78,,
324776,P,2001-02-22,44004,6,76.95,0.03,,
324777,P,2002-02-06,11255,1,97.12,1.47,,
324778,P,2000-12-20,35868,8,20.23,6.16,,
324779,P,2002-03-25,31253,4,58.60,4.33,,
324780,P,2001-10-12,22680,3,77.12,8.04,,
324781,P,2001-07-31,36549,4,47.92,8.26,,
324782,P,2000-08-01,94198,7,25.81,8.51,,
324783,P,2000-04-27,16530,5,11.19,2.14,,
324784,P,2002-01-02,27899,3,50.44,5.72,,
324785,P,2001-08-18,47065,7,59.16,5.98,,
324786,P,2000-06-16,27395,3,80.28,1.67,,
324787,P,2000-10-02,55699,3,99.80,9.36,,
324788,P,2001-09-25,36570,3,4.42,3.92,,
324789,P,2002-03-03,29995,10,85.70,4.03,,
324790,P,2001-05-25,44476,1,47.98,1.95,,
324791,P,2001-08-03,48703,4,81.22,9.37,,
324792,P,2001-05-13,10187,7,63.90,1.15,,
324793,P,2001-12-04,25379,1,81.34,6.58,,
324794,P,2000-08-02,12321,2,40.65,1.23,,
324795,P,2001-07-19,23777,3,67.51,4.80,,
324796,P,2000-02-17,99742,4,82.24,2.68,,
324797,P,2002-01-28,84865,10,68.99,2.70,,
324798,P,2001-03-25,68678,6,85.57,5.24,,
324799,P,2000-09-11,9950,1,84.85,8.02,,
324800,P,2001-03-03,65743,1,85.34,8.34,,
324801,P,2000-12-02,89430,6,59.53,3.40,,
324802,P,2002-05-13,1976,1,63.40,7.16,,
324803,P,2001-10-06,24030,4,76.88,6.90,,
324804,P,2001-11-09,47314,5,95.57,3.73,,
324805,P,2001-04-16,35439,2,40.98,0.74,,
324806,P,2001-04-12,96785,10,64.42,6.99,,
324807,P,2002-05-24,53718,3,20.35,2.84,,
324808,P,2002-06-28,28534,5,33.26,9.37,,
324809,P,2001-09-26,24094,8,66.99,8.83,,
324810,P,2002-09-01,67228,5,36.64,7.90,,
324811,P,2002-02-14,58051,1,50.14,5.28,,
324812,P,2001-10-15,24702,4,92.81,6.70,,
324813,P,2001-10-08,74075,7,13.81,9.40,,
324814,P,2002-03-16,76613,9,89.13,2.39,,
324815,P,2002-06-10,13011,10,61.28,4.80,,
324816,P,2000-05-18,48519,7,24.27,3.30,,
324817,P,2001-09-19,63605,6,30.83,4.55,,
324818,P,2002-01-14,98012,7,53.44,7.37,,
324819,P,2000-03-31,47792,7,53.45,4.40,,
324820,P,2001-02-25,15045,10,78.82,4.87,,
324821,P,2001-12-12,18026,1,29.57,3.24,,
324822,P,2000-05-10,85118,5,98.99,0.23,,
324823,P,2002-03-31,17784,2,3.13,3.46,,
324824,P,2001-04-19,45600,2,13.39,2.60,,
324825,P,2000-03-26,25241,10,7.54,4.81,,
324826,P,2002-07-31,55962,7,76.93,4.37,,
324827,P,2000-10-10,43214,6,57.39,9.68,,
324828,P,2002-02-02,11807,5,5.27,5.73,,
324829,P,2001-12-31,31735,10,58.08,7.42,,
324830,P,2001-07-14,7821,6,62.68,1.05,,
324831,P,2002-06-12,72793,4,78.65,4.88,,
324832,P,2000-10-09,60363,9,30.29,5.33,,
324833,P,2000-01-15,13298,1,26.18,1.14,,
324834,P,2002-03-17,10060,4,3.36,5.24,,
324835,P,2000-01-28,84335,2,89.02,3.25,,
324836,P,2001-07-28,6173,1,34.55,4.38,,
324837,P,2001-10-13,90657,1,14.07,4.68,,
324838,P,2000-01-23,48366,7,52.31,9.00,,
324839,P,2000-01-24,49561,7,37.62,3.67,,
324840,P,2000-04-25,72654,2,87.06,7.14,,
324841,P,2000-06-22,4022,2,49.75,6.08,,
324842,P,2002-01-16,37156,4,75.02,1.55,,
324843,P,2002-01-08,2638,1,67.03,5.70,,
324844,P,2000-11-13,70772,5,44.40,3.68,,
324845,P,2001-02-08,22693,6,31.10,9.47,,
324846,P,2001-06-20,11661,9,57.17,8.45,,
324847,P,2002-04-08,26861,7,99.13,7.75,,
324848,P,2001-11-17,78341,1,23.97,6.97,,
324849,P,2001-12-16,4208,2,22.94,8.81,,
324850,P,2001-03-07,27285,6,45.94,5.31,,
324851,P,2001-08-29,13738,5,62.57,7.76,,
324852,P,2001-02-24,48689,2,86.90,7.76,,
324853,P,2001-05-25,71973,2,67.51,3.54,,
324854,P,2001-02-19,98492,6,17.19,8.75,,
324855,P,2001-02-26,5216,6,43.12,3.51,,
324856,P,2000-09-18,74278,9,65.82,9.75,,
324857,P,2001-11-29,481,5,17.96,5.65,,
324858,P,2000-12-17,37945,8,74.13,3.58,,
324859,P,2001-09-28,6614,7,84.94,4.80,,
324860,P,2001-11-14,50806,9,33.17,3.97,,
324861,P,2002-05-16,85444,3,78.47,1.16,,
324862,P,2001-10-08,31408,1,81.09,9.19,,
324863,P,2002-09-17,31910,7,86.01,6.23,,
324864,P,2000-12-09,62320,9,41.95,4.07,,
324865,P,2002-08-31,94306,5,17.23,3.03,,
324866,P,2000-09-16,77270,2,3.97,5.66,,
324867,P,2002-02-11,15307,6,47.30,9.38,,
324868,P,2001-06-01,40501,2,35.54,1.67,,
324869,P,2001-12-29,34961,6,8.03,7.56,,
324870,P,2000-11-07,37545,7,6.82,4.18,,
324871,P,2000-06-03,51871,9,51.37,1.69,,
324872,P,2002-07-18,33972,1,0.05,0.84,,
324873,P,2000-06-10,32382,8,25.52,3.51,,
324874,P,2002-09-23,49876,1,4.01,4.66,,
324875,P,2002-08-28,49395,6,19.97,6.58,,
324876,P,2001-01-30,1327,1,92.37,6.45,,
324877,P,2002-07-09,73573,8,92.78,5.71,,
324878,P,2002-05-16,7,8,89.65,5.94,,
324879,P,2000-02-21,72036,9,78.09,9.41,,
324880,P,2001-09-20,86763,4,22.91,9.79,,
324881,P,2002-06-24,48900,6,54.03,0.29,,
324882,P,2000-07-29,12460,7,67.78,2.76,,
324883,P,2002-08-20,93054,3,80.81,0.00,,
324884,P,2002-02-24,79634,8,30.20,3.08,,
324885,P,2001-01-22,99439,2,38.39,2.61,,
324886,P,2000-08-30,31502,1,53.57,4.28,,
324887,P,2001-07-24,89503,1,44.50,9.10,,
324888,P,2002-05-02,47665,2,98.99,0.05,,
324889,P,2000-09-02,19406,6,33.29,1.45,,
324890,P,2000-06-01,6617,5,98.00,5.76,,
324891,P,2002-03-02,8878,9,43.79,8.97,,
324892,P,2001-01-05,24613,8,78.16,2.02,,
324893,P,2001-12-22,99232,6,9.27,1.45,,
324894,P,2000-03-24,28893,10,14.25,6.15,,
324895,P,2001-04-24,87405,7,19.13,6.13,,
324896,P,2002-08-06,93558,3,73.65,8.01,,
324897,P,2000-06-16,9066,1,40.35,0.24,,
324898,P,2001-08-13,31809,9,4.10,4.07,,
324899,P,2000-02-10,85562,1,98.57,6.92,,
324900,P,2002-06-28,50850,5,55.15,7.74,,
324901,P,2001-07-18,61728,7,13.74,2.32,,
324902,P,2001-09-19,61164,3,79.22,5.34,,
324903,P,2000-04-16,30623,1,52.08,2.06,,
324904,P,2000-12-17,28630,9,35.15,1.21,,
324905,P,2000-07-15,65505,5,0.92,9.66,,
324906,P,2002-03-11,95854,4,53.31,4.00,,
324907,P,2001-12-12,84685,2,9.11,4.76,,
324908,P,2000-01-26,43740,2,58.78,8.75,,
324909,P,2002-09-11,10406,10,42.49,0.68,,
324910,P,2002-06-05,75944,2,82.20,5.20,,
324911,P,2001-09-15,46737,3,27.04,1.48,,
324912,P,2002-02-12,37229,10,34.26,5.34,,
324913,P,2000-12-28,56763,2,88.49,8.99,,
324914,P,2000-03-14,1762,8,16.17,8.65,,
324915,P,2002-04-12,34564,10,52.65,4.12,,
324916,P,2001-01-19,77087,7,6.22,3.55,,
324917,P,2001-12-30,80380,7,20.78,6.00,,
324918,P,2001-11-14,35247,7,66.86,3.07,,
324919,P,2002-08-29,62839,10,95.29,3.30,,
324920,P,2001-06-18,59924,9,89.82,0.51,,
324921,P,2000-04-30,10903,2,6.71,7.36,,
324922,P,2002-01-17,2000,1,65.62,4.01,,
324923,P,2001-09-23,99131,9,14.05,6.91,,
324924,P,2001-10-11,30200,1,80.27,2.25,,
324925,P,2002-09-05,77215,9,69.23,8.48,,
324926,P,2000-07-03,53177,4,26.82,6.71,,
324927,P,2002-07-19,2176,3,64.73,2.87,,
324928,P,2001-06-30,36074,5,85.54,2.61,,
324929,P,2000-02-23,93695,9,35.51,2.48,,
324930,P,2000-06-01,26256,9,61.98,1.28,,
324931,P,2000-06-30,20429,1,85.11,4.88,,
324932,P,2002-04-09,10210,4,68.47,2.61,,
324933,P,2001-11-07,22134,9,85.08,5.37,,
324934,P,2001-03-04,10749,3,61.80,6.20,,
324935,P,2000-12-16,32521,10,38.44,3.05,,
324936,P,2001-12-15,27063,3,78.21,7.07,,
324937,P,2002-03-23,86872,2,19.60,6.31,,
324938,P,2000-09-22,96015,2,35.20,5.68,,
324939,P,2001-12-07,33796,8,2.10,6.05,,
324940,P,2000-04-30,95451,9,7.54,5.33,,
324941,P,2001-10-09,4206,6,77.23,6.70,,
324942,P,2002-06-18,2075,9,4.19,0.71,,
324943,P,2000-05-04,87850,8,77.78,0.09,,
324944,P,2000-01-19,89032,1,20.25,7.09,,
324945,P,2000-06-16,3272,3,86.12,7.90,,
324946,P,2002-05-15,24142,7,29.64,9.17,,
324947,P,2001-01-22,41245,7,54.78,3.08,,
324948,P,2000-08-25,96214,10,56.24,0.87,,
324949,P,2001-01-04,40187,8,85.02,2.88,,
324950,P,2002-04-22,30935,6,44.00,7.87,,
324951,P,2000-07-02,62160,1,21.47,1.65,,
324952,P,2000-02-15,96700,3,81.88,1.76,,
324953,P,2001-09-17,86066,5,99.39,6.91,,
324954,P,2000-10-29,43450,7,92.95,4.62,,
324955,P,2000-08-03,42797,1,48.92,2.11,,
324956,P,2001-02-13,10501,10,26.89,4.13,,
324957,P,2001-10-08,11310,9,56.95,1.14,,
324958,P,2001-05-07,31720,8,81.34,0.89,,
324959,P,2001-05-19,80966,3,75.94,1.58,,
324960,P,2000-04-13,6253,5,94.88,0.99,,
324961,P,2000-01-29,99660,1,33.09,2.75,,
324962,P,2000-08-22,9890,8,28.17,6.89,,
324963,P,2002-02-19,48012,8,18.69,1.15,,
324964,P,2001-12-16,36492,10,17.08,2.74,,
324965,P,2002-07-22,20538,9,8.46,1.71,,
324966,P,2000-12-15,94026,10,66.84,8.97,,
324967,P,2001-06-18,48263,6,61.92,3.00,,
324968,P,2000-08-05,40955,7,70.35,1.13,,
324969,P,2002-02-02,81365,10,9.02,2.13,,
324970,P,2002-08-07,78669,10,18.36,8.95,,
324971,P,2000-06-14,63940,10,60.41,8.48,,
324972,P,2002-02-03,32297,8,33.41,1.07,,
324973,P,2000-03-19,18956,5,59.07,1.91,,
324974,P,2001-02-11,12244,1,76.95,2.70,,
324975,P,2000-09-19,17091,1,35.74,3.71,,
324976,P,2001-12-02,57418,4,88.33,3.16,,
324977,P,2000-08-22,58023,9,2.21,3.22,,
324978,P,2000-10-23,30322,7,76.00,3.27,,
324979,P,2000-07-18,96959,1,6.77,7.18,,
324980,P,2002-09-03,17256,1,73.03,3.07,,
324981,P,2001-12-06,17403,3,88.45,2.96,,
324982,P,2000-11-06,58246,9,32.08,2.19,,
324983,P,2001-03-07,97940,10,7.40,1.25,,
324984,P,2001-02-16,82422,10,57.73,3.10,,
324985,P,2001-10-14,91343,9,92.29,8.91,,
324986,P,2000-02-21,52316,8,83.31,0.83,,
324987,P,2002-07-12,29142,8,55.70,2.42,,
324988,P,2000-08-21,92749,5,72.97,2.70,,
324989,P,2002-08-25,87813,8,7.16,1.49,,
324990,P,2002-06-07,15696,2,7.13,4.69,,
324991,P,2000-08-13,48708,4,69.94,3.34,,
324992,P,2000-09-07,48655,5,32.16,8.31,,
324993,P,2001-01-12,14316,3,62.38,3.95,,
324994,P,2002-07-10,45350,3,43.57,1.64,,
324995,P,2001-08-04,85726,4,66.08,1.69,,
324996,P,2001-09-01,69869,2,0.03,8.55,,
324997,P,2000-09-24,53714,1,46.66,8.94,,
324998,P,2002-04-20,38043,6,52.55,2.71,,
324999,P,2001-06-10,2649,6,82.00,1.54,,
325000,P,2001-03-05,79724,2,57.72,8.74,,
325001,P,2002-09-01,20525,3,15.31,3.38,,
325002,P,2002-06-27,72547,8,34.57,8.57,,
325003,P,2001-03-12,76880,2,6.92,6.43,,
325004,P,2002-07-23,66038,4,86.26,9.27,,
325005,P,2001-08-02,65272,5,34.04,2.18,,
325006,P,2002-06-30,68876,1,45.99,5.99,,
325007,P,2000-09-15,66127,9,17.26,5.10,,
325008,P,2000-09-01,46717,5,31.06,8.06,,
325009,P,2000-12-02,11526,9,13.90,9.43,,
325010,P,2002-07-04,46453,2,9.73,9.91,,
325011,P,2000-07-02,64715,8,96.21,6.35,,
325012,P,2002-04-06,97989,6,45.88,6.78,,
325013,P,2000-06-04,13932,7,18.81,5.63,,
325014,P,2002-04-09,24229,8,8.22,3.29,,
325015,P,2000-05-19,52127,10,33.47,3.10,,
325016,P,2002-05-21,96389,6,45.32,2.31,,
325017,P,2001-02-22,22031,5,4.31,5.26,,
325018,P,2001-07-03,79726,6,33.12,9.23,,
325019,P,2002-01-03,29934,2,53.22,0.26,,
325020,P,2001-08-28,67116,4,51.49,8.89,,
325021,P,2000-09-13,99910,10,71.59,8.31,,
325022,P,2000-12-30,83251,10,74.60,7.75,,
325023,P,2002-05-08,69461,5,44.11,1.19,,
325024,P,2001-11-18,87651,5,55.12,9.71,,
325025,P,2002-02-07,41424,2,85.85,9.56,,
325026,P,2001-01-24,3176,5,68.35,2.36,,
325027,P,2002-09-03,94299,2,17.29,7.31,,
325028,P,2001-02-10,64162,4,16.38,6.51,,
325029,P,2002-01-29,55435,3,80.37,4.56,,
325030,P,2001-12-01,30586,8,32.97,3.70,,
325031,P,2000-03-06,37938,8,23.72,5.43,,
325032,P,2001-02-17,55628,4,44.02,3.35,,
325033,P,2001-08-24,13233,5,24.08,2.44,,
325034,P,2002-07-23,11237,5,23.30,3.41,,
325035,P,2001-01-29,32666,6,26.56,6.14,,
325036,P,2002-06-04,15542,2,2.00,9.55,,
325037,P,2001-09-29,50187,6,10.61,5.49,,
325038,P,2002-09-02,28976,3,8.91,9.26,,
325039,P,2002-03-27,93547,9,16.31,4.71,,
325040,P,2002-04-06,21271,4,62.69,4.21,,
325041,P,2001-12-09,79115,7,98.82,5.67,,
325042,P,2002-06-01,20903,1,34.53,2.27,,
325043,P,2002-03-25,11515,1,57.36,3.94,,
325044,P,2000-11-05,83639,8,45.81,5.94,,
325045,P,2001-08-15,22468,9,4.78,2.73,,
325046,P,2002-01-07,25662,2,87.25,6.34,,
325047,P,2001-06-20,50378,2,2.32,0.92,,
325048,P,2000-09-20,47826,10,44.96,7.83,,
325049,P,2001-11-12,4727,10,49.41,2.01,,
325050,P,2000-12-30,55048,9,51.51,5.15,,
325051,P,2000-03-30,38017,1,81.13,0.72,,
325052,P,2002-01-31,22635,9,59.25,4.08,,
325053,P,2001-06-26,34257,1,71.88,6.05,,
325054,P,2001-12-10,16673,10,83.88,6.36,,
325055,P,2002-05-21,69197,6,66.32,1.46,,
325056,P,2002-06-27,18404,6,10.42,9.85,,
325057,P,2000-09-03,63810,7,37.40,9.70,,
325058,P,2000-06-30,84975,10,54.93,1.43,,
325059,P,2001-09-17,57610,8,92.32,5.71,,
325060,P,2000-08-20,58039,6,15.45,1.37,,
325061,P,2002-02-18,14215,6,95.92,4.21,,
325062,P,2001-05-19,90443,6,61.50,4.23,,
325063,P,2001-08-05,91415,5,58.51,9.90,,
325064,P,2000-09-10,68746,2,15.81,0.83,,
325065,P,2000-01-06,60115,2,89.21,5.12,,
325066,P,2000-04-20,24583,5,65.72,4.98,,
325067,P,2002-07-03,96256,10,8.86,8.69,,
325068,P,2000-08-29,80874,9,70.82,3.17,,
325069,P,2002-06-11,38240,8,98.19,8.63,,
325070,P,2001-10-23,67739,2,66.57,0.11,,
325071,P,2001-08-02,92945,3,26.44,4.10,,
325072,P,2002-01-19,28925,2,91.12,0.24,,
325073,P,2001-10-24,18358,2,89.19,9.75,,
325074,P,2001-11-30,55120,7,69.83,9.74,,
325075,P,2002-08-04,53472,5,82.11,6.98,,
325076,P,2000-06-09,55094,8,85.36,8.07,,
325077,P,2002-01-09,74793,7,56.76,0.53,,
325078,P,2000-09-04,79980,4,2.64,3.83,,
325079,P,2001-12-23,37408,4,78.36,6.33,,
325080,P,2001-12-29,89277,1,8.98,9.75,,
325081,P,2001-02-13,54220,4,52.43,0.01,,
