99065,P,2002-03-18,41592,6,99.07,5.95,,
99066,P,2001-11-15,85052,2,59.31,2.68,,
99067,P,2001-10-25,88165,4,61.29,1.61,,
99068,P,2000-05-16,89456,6,55.62,4.41,,
99069,P,2002-01-03,95698,6,85.41,2.00,,
99070,P,2002-04-23,90363,2,48.92,0.99,,
99071,P,2000-08-23,40820,2,83.83,2.59,,
99072,P,2001-12-05,61074,7,48.57,2.80,,
99073,P,2000-11-26,2007,2,70.04,8.47,,
99074,P,2000-04-19,40560,5,26.98,3.79,,
99075,P,2002-01-28,90167,6,90.22,5.71,,
99076,P,2000-07-24,26781,8,82.91,9.79,,
99077,P,2002-04-20,27894,6,30.71,7.85,,
99078,P,2001-02-09,1412,5,31.51,8.46,,
99079,P,2000-09-06,66844,6,39.45,3.47,,
99080,P,2001-01-25,62867,6,75.89,7.67,,
99081,P,2000-07-22,71209,2,82.38,9.76,,
99082,P,2002-03-30,61616,3,95.72,6.19,,
99083,P,2000-06-07,32406,5,38.37,0.90,,
99084,P,2000-12-09,85867,9,12.56,3.56,,
99085,P,2000-11-24,99304,4,92.22,6.45,,
99086,P,2000-06-27,70223,4,85.20,8.90,,
99087,P,2001-09-13,8252,5,81.19,7.58,,
99088,P,2002-02-18,45392,1,53.92,3.82,,
99089,P,2000-11-07,57907,6,99.23,2.98,,
99090,P,2001-03-26,45113,4,40.66,4.08,,
99091,P,2000-09-02,99357,5,43.84,9.92,,
99092,P,2000-11-14,1142,6,3.28,9.51,,
99093,P,2000-07-13,17522,3,74.12,9.98,,
99094,P,2002-03-28,72388,6,54.35,0.89,,
99095,P,2000-02-09,46187,2,92.41,9.25,,
99096,P,2001-09-16,50012,9,5.51,1.48,,
99097,P,2002-03-21,39360,6,74.61,2.44,,
99098,P,2001-01-20,8791,9,32.39,3.10,,
99099,P,2001-12-10,92189,10,67.16,9.61,,
99100,P,2002-06-27,30888,7,66.63,3.77,,
99101,P,2002-06-28,30616,5,55.86,1.93,,
99102,P,2001-07-11,68129,9,7.85,4.24,,
99103,P,2002-02-24,83465,7,80.29,4.88,,
99104,P,2002-03-14,6353,4,56.33,3.76,,
99105,P,2001-09-23,50071,5,5.85,2.40,,
99106,P,2000-03-19,50748,10,91.11,8.22,,
99107,P,2000-04-21,20956,2,30.29,6.86,,
99108,P,2002-07-01,29785,10,3.68,5.74,,
99109,P,2002-01-11,24206,8,73.41,8.16,,
99110,P,2000-09-08,58247,5,43.66,6.94,,
99111,P,2001-08-08,37393,3,69.25,5.02,,
99112,P,2001-02-08,3148,10,6.36,3.39,,
99113,P,2001-06-03,78794,3,52.51,9.01,,
99114,P,2000-04-23,84494,10,91.19,2.78,,
99115,P,2000-12-14,57572,2,45.14,7.64,,
99116,P,2000-05-19,8127,1,42.09,5.36,,
99117,P,2001-09-02,20840,5,6.35,3.64,,
99118,P,2001-09-02,23335,4,33.90,6.11,,
99119,P,2000-02-26,55823,9,68.67,3.27,,
99120,P,2002-02-08,9519,5,63.73,9.11,,
99121,P,2002-07-05,73044,3,11.49,5.79,,
99122,P,2000-06-13,29757,1,9.07,8.79,,
99123,P,2002-01-26,15156,9,94.33,9.63,,
99124,P,2000-05-02,45517,1,71.20,7.29,,
99125,P,2002-09-04,87741,3,82.92,8.03,,
99126,P,2000-11-11,7803,2,42.91,5.07,,
99127,P,2002-03-26,98348,8,13.56,8.20,,
99128,P,2000-07-04,71538,9,37.27,4.87,,
99129,P,2000-12-07,59126,3,41.70,4.64,,
99130,P,2000-07-12,80757,1,10.17,4.58,,
99131,P,2000-08-09,18425,10,29.06,5.38,,
99132,P,2000-07-22,29563,6,41.95,4.39,,
99133,P,2002-04-01,69154,3,29.39,5.29,,
99134,P,2000-08-14,35884,4,99.09,5.63,,
99135,P,2001-09-26,76243,1,89.85,1.90,,
99136,P,2002-05-26,36879,7,58.17,0.79,,
99137,P,2001-09-24,83757,5,67.19,3.34,,
99138,P,2001-11-29,83416,4,21.42,0.19,,
99139,P,2001-03-01,54441,9,25.17,3.52,,
99140,P,2001-08-02,76126,5,25.31,5.43,,
99141,P,2000-05-01,74156,6,51.27,8.93,,
99142,P,2002-06-13,78032,4,93.43,2.31,,
99143,P,2000-01-07,88294,3,42.83,5.22,,
99144,P,2001-12-11,9989,5,25.28,3.05,,
99145,P,2000-08-27,65790,1,39.08,0.74,,
99146,P,2000-04-24,44107,4,23.89,2.87,,
99147,P,2001-03-07,47090,5,34.48,9.84,,
99148,P,2001-05-23,59837,2,89.28,2.71,,
99149,P,2000-01-11,374,4,39.18,5.73,,
99150,P,2000-01-11,21482,5,42.49,1.43,,
99151,P,2002-03-10,95474,10,17.41,9.10,,
99152,P,2000-01-03,59041,9,4.85,6.96,,
99153,P,2002-05-24,44157,5,64.11,5.51,,
99154,P,2001-12-09,92680,8,70.57,6.62,,
99155,P,2000-05-29,94591,3,20.35,0.85,,
99156,P,2001-06-27,32612,3,11.63,6.92,,
99157,P,2002-05-12,14206,10,69.45,1.70,,
99158,P,2002-01-05,85665,9,54.75,7.76,,
99159,P,2000-03-03,12414,2,93.72,7.88,,
99160,P,2001-01-16,12633,2,3.16,6.64,,
99161,P,2001-03-18,16365,5,16.57,8.12,,
99162,P,2002-02-07,32359,8,16.93,2.04,,
99163,P,2002-05-26,64968,9,62.22,5.07,,
99164,P,2000-08-23,25126,9,36.15,9.37,,
99165,P,2001-08-05,52303,4,22.87,2.52,,
99166,P,2002-08-08,18740,4,52.70,6.05,,
99167,P,2000-12-18,28814,3,16.51,6.94,,
99168,P,2002-03-18,20523,3,74.14,0.73,,
99169,P,2000-06-18,86357,5,32.81,3.38,,
99170,P,2001-12-11,88634,4,46.14,0.94,,
99171,P,2002-08-30,56241,10,29.98,0.30,,
99172,P,2000-04-06,19582,4,71.65,4.73,,
99173,P,2001-12-19,48706,5,63.63,5.63,,
99174,P,2002-06-05,73834,3,74.68,5.39,,
99175,P,2000-10-09,29132,2,42.17,2.77,,
99176,P,2001-02-07,98684,7,58.69,7.18,,
99177,P,2001-11-09,90436,6,69.09,3.60,,
99178,P,2000-03-09,94007,10,73.51,0.88,,
99179,P,2000-04-24,52592,6,35.98,6.05,,
99180,P,2002-03-09,73805,10,30.20,2.11,,
99181,P,2001-12-02,86577,9,20.91,3.85,,
99182,P,2001-12-14,8784,3,61.73,7.92,,
99183,P,2002-09-06,33701,8,94.85,9.16,,
99184,P,2002-09-14,12035,9,28.26,1.97,,
99185,P,2001-04-11,35663,1,30.04,7.97,,
99186,P,2001-09-22,30282,1,86.54,3.35,,
99187,P,2002-05-25,53198,9,46.35,3.03,,
99188,P,2002-03-16,48831,9,84.95,9.80,,
99189,P,2001-04-03,6634,10,99.41,2.06,,
99190,P,2002-08-23,81707,9,36.78,0.69,,
99191,P,2000-06-29,2384,3,85.75,7.13,,
99192,P,2001-04-23,78623,6,81.98,7.83,,
99193,P,2002-02-15,21421,9,46.61,3.63,,
99194,P,2001-03-15,64123,7,45.77,9.24,,
99195,P,2002-03-07,65125,10,88.67,4.60,,
99196,P,2002-08-05,11372,3,73.43,3.04,,
99197,P,2001-07-30,26787,10,80.31,1.08,,
99198,P,2002-07-20,78701,1,66.65,1.10,,
99199,P,2002-09-10,23415,1,29.98,4.74,,
99200,P,2001-07-06,45760,6,49.54,9.06,,
99201,P,2002-07-07,52144,1,80.02,0.44,,
99202,P,2001-10-10,409,1,69.39,1.17,,
99203,P,2000-07-17,11759,10,95.83,0.55,,
99204,P,2000-02-17,90624,7,96.57,5.09,,
99205,P,2000-01-03,49268,9,38.28,3.87,,
99206,P,2002-08-28,65595,4,92.63,2.53,,
99207,P,2002-05-11,45851,7,37.51,5.38,,
99208,P,2001-04-24,50939,6,79.35,4.17,,
99209,P,2001-07-27,70296,6,51.38,1.48,,
99210,P,2001-07-17,31560,6,38.29,0.90,,
99211,P,2000-05-05,75458,10,96.58,6.73,,
99212,P,2000-12-18,53222,9,36.90,3.92,,
99213,P,2000-12-11,9555,1,92.60,9.39,,
99214,P,2001-03-15,37189,6,72.38,0.80,,
99215,P,2000-09-20,11134,9,73.22,9.52,,
99216,P,2002-09-04,67240,6,76.54,8.73,,
99217,P,2001-05-29,55099,2,24.20,9.57,,
99218,P,2000-03-23,96599,8,47.68,1.96,,
99219,P,2001-05-17,40744,3,7.82,7.53,,
99220,P,2001-01-07,49676,2,6.28,3.68,,
99221,P,2001-12-08,70901,1,37.76,7.38,,
99222,P,2002-03-24,60477,6,30.35,2.71,,
99223,P,2000-05-03,41415,8,62.60,1.19,,
99224,P,2002-02-15,64125,1,60.40,9.90,,
99225,P,2000-08-22,63790,10,48.44,7.69,,
99226,P,2000-05-03,27704,4,99.66,0.48,,
99227,P,2001-04-01,4584,9,20.04,1.44,,
99228,P,2002-01-20,96302,2,41.82,4.66,,
99229,P,2002-04-12,42436,1,54.45,4.19,,
99230,P,2001-06-28,23701,4,28.98,8.49,,
99231,P,2000-04-17,37736,7,96.71,3.44,,
99232,P,2001-07-08,10566,5,39.04,3.80,,
99233,P,2001-10-18,75733,10,53.06,4.43,,
99234,P,2000-05-08,38480,3,27.94,2.12,,
99235,P,2000-03-16,53374,10,56.76,5.15,,
99236,P,2000-09-28,90949,8,68.05,6.42,,
99237,P,2002-04-02,92049,1,81.13,7.74,,
99238,P,2001-09-28,6223,2,74.03,8.79,,
99239,P,2002-06-23,71461,6,91.43,4.12,,
99240,P,2000-09-16,75567,1,98.36,8.33,,
99241,P,2001-03-08,98720,5,66.39,8.19,,
99242,P,2001-07-25,15117,2,15.38,2.77,,
99243,P,2001-05-21,86564,3,50.88,2.94,,
99244,P,2002-01-26,15340,5,32.39,9.69,,
99245,P,2000-09-23,65954,1,95.50,0.80,,
99246,P,2001-01-15,65461,6,80.21,0.18,,
99247,P,2001-09-12,11860,3,67.58,1.29,,
99248,P,2002-06-30,63689,8,9.50,8.44,,
99249,P,2000-03-11,61095,6,6.34,7.15,,
99250,P,2000-05-26,12067,9,22.08,5.93,,
99251,P,2001-12-13,90976,3,86.75,7.90,,
99252,P,2001-01-11,42311,5,14.65,9.31,,
99253,P,2001-01-21,1016,3,2.30,3.65,,
99254,P,2002-01-06,4131,8,3.66,6.64,,
99255,P,2000-12-06,56387,2,16.95,0.98,,
99256,P,2000-07-15,15780,6,11.64,2.15,,
99257,P,2000-06-09,39831,5,2.02,0.51,,
99258,P,2001-09-11,75796,5,26.20,9.79,,
99259,P,2001-12-15,31809,2,11.05,6.71,,
99260,P,2002-09-07,14121,9,30.20,5.92,,
99261,P,2001-01-05,49964,4,58.16,7.94,,
99262,P,2000-03-31,58584,1,48.35,1.67,,
99263,P,2001-09-10,36483,5,17.92,7.13,,
99264,P,2000-06-29,29570,9,55.31,2.32,,
99265,P,2002-03-27,74006,8,66.40,4.95,,
99266,P,2002-08-03,90096,6,92.52,9.54,,
99267,P,2000-02-20,11875,6,72.34,7.28,,
99268,P,2000-09-05,18591,6,63.99,2.20,,
99269,P,2002-08-28,27609,2,72.06,3.63,,
99270,P,2000-10-13,30496,3,39.50,9.43,,
99271,P,2001-07-22,79642,8,31.66,3.23,,
99272,P,2001-01-15,9101,8,50.34,7.68,,
99273,P,2000-05-22,94260,5,75.20,3.36,,
99274,P,2002-05-22,77666,8,53.94,0.13,,
99275,P,2001-11-17,4063,8,85.44,7.21,,
99276,P,2001-08-02,27733,2,41.62,3.06,,
99277,P,2000-01-24,83483,4,90.36,5.04,,
99278,P,2002-02-28,38588,10,34.58,1.71,,
99279,P,2001-11-19,31470,1,57.79,8.95,,
99280,P,2000-10-08,28914,7,13.96,1.77,,
99281,P,2002-05-10,50355,1,61.97,4.40,,
99282,P,2002-02-17,79305,3,8.53,6.48,,
99283,P,2001-07-26,92406,8,90.50,7.03,,
99284,P,2000-07-20,57842,6,92.26,0.78,,
99285,P,2000-12-19,3775,1,98.56,1.41,,
99286,P,2001-09-13,93893,2,81.83,0.33,,
99287,P,2002-06-09,99829,2,25.58,4.11,,
99288,P,2001-11-23,88398,2,37.47,6.16,,
99289,P,2000-07-26,40068,10,16.24,7.24,,
99290,P,2002-09-23,48306,9,25.20,2.57,,
99291,P,2000-05-18,89268,10,57.31,5.60,,
99292,P,2000-03-13,12282,5,72.26,4.14,,
99293,P,2000-12-21,33524,4,28.23,8.19,,
99294,P,2000-04-24,55763,7,86.59,6.32,,
99295,P,2002-02-08,36031,7,47.93,3.21,,
99296,P,2001-07-10,36258,3,43.33,7.81,,
99297,P,2002-04-24,26822,7,97.14,4.01,,
99298,P,2000-01-06,92594,6,90.68,6.65,,
99299,P,2001-04-17,71058,1,30.58,9.63,,
99300,P,2002-05-22,64037,8,84.75,2.16,,
99301,P,2002-04-04,71018,8,65.84,4.87,,
99302,P,2001-12-21,88403,6,21.02,8.63,,
99303,P,2002-04-10,89876,2,46.45,2.95,,
99304,P,2002-08-20,20949,10,25.03,3.57,,
99305,P,2001-08-24,72214,1,76.75,8.78,,
99306,P,2001-02-10,83441,6,82.19,8.06,,
99307,P,2001-06-22,44538,7,25.29,3.28,,
99308,P,2001-04-02,94105,3,69.29,4.87,,
99309,P,2000-05-25,66588,9,12.94,9.63,,
99310,P,2002-09-02,92544,10,37.10,1.22,,
99311,P,2001-08-30,10493,10,29.88,7.17,,
99312,P,2000-06-13,15604,5,58.56,9.22,,
99313,P,2000-11-09,34011,9,68.96,4.50,,
99314,P,2002-07-19,22478,5,35.78,2.89,,
99315,P,2000-01-08,67059,8,29.50,1.79,,
99316,P,2000-07-25,53834,7,73.01,6.40,,
99317,P,2001-07-08,26994,3,44.39,1.40,,
99318,P,2002-01-02,48313,9,15.24,0.74,,
99319,P,2001-11-14,94898,9,88.01,1.60,,
99320,P,2002-04-03,76720,2,27.99,0.38,,
99321,P,2000-06-21,31077,5,57.24,8.52,,
99322,P,2000-08-24,64935,6,64.09,7.36,,
99323,P,2001-05-31,35633,2,30.69,0.76,,
99324,P,2000-08-22,3996,10,69.93,7.31,,
99325,P,2002-09-24,89726,2,52.01,4.78,,
99326,P,2002-02-27,86277,10,47.61,6.24,,
99327,P,2000-08-16,15797,8,12.93,2.96,,
99328,P,2002-04-13,78779,5,61.95,8.50,,
99329,P,2002-04-06,61823,2,83.18,8.03,,
99330,P,2002-03-14,25160,7,7.10,6.21,,
99331,P,2001-09-22,62879,6,90.51,5.30,,
99332,P,2001-03-24,59175,9,14.95,0.16,,
99333,P,2002-09-25,70851,3,26.29,5.88,,
99334,P,2002-03-04,3834,6,42.74,3.84,,
99335,P,2000-03-31,87809,4,38.95,7.00,,
99336,P,2001-05-31,99404,1,17.08,6.69,,
99337,P,2001-05-20,19645,4,76.08,4.05,,
99338,P,2002-03-09,95224,2,4.07,1.43,,
99339,P,2001-09-07,97263,4,41.38,1.26,,
99340,P,2001-08-30,50962,4,55.52,1.37,,
99341,P,2001-09-28,24992,4,28.83,0.49,,
99342,P,2000-11-29,48013,2,46.02,8.75,,
99343,P,2000-09-01,98095,4,2.45,2.32,,
99344,P,2001-05-02,38404,7,8.08,2.53,,
99345,P,2001-03-28,36909,8,32.37,5.02,,
99346,P,2000-03-22,82132,5,18.67,4.21,,
99347,P,2002-01-02,48196,9,52.22,6.13,,
99348,P,2001-12-25,4373,7,10.04,5.67,,
99349,P,2000-06-23,65249,2,70.23,4.80,,
99350,P,2000-06-11,39605,2,35.99,6.89,,
99351,P,2001-09-07,35858,10,42.12,2.38,,
99352,P,2000-01-18,9878,1,29.30,0.33,,
99353,P,2000-04-21,72395,4,17.66,1.96,,
99354,P,2002-08-28,45803,2,42.04,2.22,,
99355,P,2000-02-06,57639,8,2.99,2.83,,
99356,P,2001-03-04,18551,2,98.97,4.03,,
99357,P,2000-07-18,82882,2,56.64,5.21,,
99358,P,2000-03-10,8804,9,41.24,3.29,,
99359,P,2001-03-30,17163,3,46.31,9.68,,
99360,P,2001-06-26,77807,7,22.88,7.18,,
99361,P,2001-06-01,77761,6,10.94,5.26,,
99362,P,2002-02-07,42463,2,50.54,7.06,,
99363,P,2002-03-21,35730,10,14.20,3.86,,
99364,P,2001-11-12,29392,2,86.55,7.85,,
99365,P,2002-04-15,84732,7,17.07,9.49,,
99366,P,2001-04-04,89452,5,23.28,1.87,,
99367,P,2001-05-10,3061,2,16.04,8.06,,
99368,P,2000-10-12,57467,10,67.99,8.55,,
99369,P,2002-08-22,62809,1,46.52,8.22,,
99370,P,2002-07-18,38978,5,41.36,0.52,,
99371,P,2000-11-12,21309,1,54.18,2.09,,
99372,P,2002-07-18,65874,2,58.30,1.48,,
99373,P,2000-12-02,19251,6,3.19,7.10,,
99374,P,2000-12-05,83471,1,97.97,9.91,,
99375,P,2001-08-22,30455,8,14.00,9.21,,
99376,P,2002-02-23,44057,7,28.50,2.98,,
99377,P,2002-03-31,86313,2,81.63,2.68,,
99378,P,2002-02-08,62103,5,45.02,1.23,,
99379,P,2001-07-12,99116,5,6.52,1.37,,
99380,P,2002-06-03,56729,5,59.94,7.23,,
99381,P,2001-01-09,74268,3,77.78,5.73,,
99382,P,2000-12-23,15532,4,92.09,9.43,,
99383,P,2002-07-24,18874,3,93.07,2.98,,
99384,P,2001-12-05,13522,9,85.10,9.53,,
99385,P,2002-02-28,51772,6,67.91,8.09,,
99386,P,2000-02-22,75459,3,12.19,3.98,,
99387,P,2002-07-28,9079,9,99.89,6.37,,
99388,P,2001-08-27,66805,10,66.89,5.04,,
99389,P,2000-07-13,36693,3,71.57,8.55,,
99390,P,2001-03-22,58509,10,75.30,8.60,,
99391,P,2001-04-14,89353,2,24.64,5.26,,
99392,P,2000-03-30,52921,4,84.53,9.85,,
99393,P,2001-02-09,10155,10,66.55,5.40,,
99394,P,2002-07-07,76268,4,25.51,3.27,,
99395,P,2000-03-16,88035,1,33.11,8.64,,
99396,P,2002-03-04,8361,5,80.68,9.38,,
99397,P,2002-01-06,43538,9,25.32,7.10,,
99398,P,2002-09-18,40746,3,18.90,5.31,,
99399,P,2002-05-09,44723,5,1.31,8.32,,
99400,P,2000-02-24,53677,6,50.51,8.78,,
99401,P,2001-06-13,4710,7,57.03,0.07,,
99402,P,2000-05-05,59559,2,92.27,1.93,,
99403,P,2001-06-17,76452,4,1.07,1.62,,
99404,P,2000-01-25,48882,5,52.89,9.48,,
99405,P,2001-05-01,45926,4,46.15,8.79,,
99406,P,2002-02-05,35071,5,49.83,2.04,,
99407,P,2002-01-18,64612,5,10.49,5.93,,
99408,P,2000-04-18,94731,9,15.63,5.14,,
99409,P,2001-06-14,950,8,41.51,2.33,,
99410,P,2000-07-08,91849,4,80.69,5.02,,
99411,P,2000-05-07,89490,1,56.12,9.29,,
99412,P,2000-07-06,89493,2,29.58,8.43,,
99413,P,2001-04-18,20513,1,87.63,6.78,,
99414,P,2001-01-25,38967,7,61.05,1.08,,
99415,P,2000-11-07,28272,9,99.35,5.61,,
99416,P,2002-06-24,40630,2,99.17,1.39,,
99417,P,2001-05-06,72854,1,42.88,2.03,,
99418,P,2000-03-20,5702,7,47.17,0.78,,
99419,P,2001-08-10,247,10,26.26,3.02,,
99420,P,2001-12-30,36896,6,50.43,8.45,,
99421,P,2000-06-30,88961,4,20.95,8.78,,
99422,P,2001-03-12,58408,2,93.13,0.84,,
99423,P,2000-02-26,88995,7,16.57,6.21,,
99424,P,2000-12-18,80619,3,10.41,8.78,,
99425,P,2001-08-15,57361,6,9.48,8.38,,
99426,P,2002-02-10,80227,5,87.81,5.51,,
99427,P,2001-03-07,95705,6,87.95,3.24,,
99428,P,2001-07-25,91481,2,41.05,9.84,,
99429,P,2001-12-06,7299,3,71.34,8.44,,
99430,P,2002-02-03,97567,3,47.19,3.66,,
99431,P,2002-08-31,7085,9,65.30,5.55,,
99432,P,2001-11-14,90922,8,49.33,3.31,,
99433,P,2000-04-08,54743,6,58.77,6.37,,
99434,P,2000-07-23,4151,4,60.18,6.06,,
99435,P,2002-06-28,94424,4,98.58,5.44,,
99436,P,2001-03-27,31565,9,10.23,5.73,,
99437,P,2002-09-01,17708,1,11.89,9.05,,
99438,P,2000-11-12,27392,7,39.49,3.50,,
99439,P,2001-05-07,56228,9,57.79,4.96,,
99440,P,2000-10-19,82604,2,60.30,3.32,,
99441,P,2001-12-23,38993,10,3.81,2.17,,
99442,P,2000-09-22,67449,1,22.54,4.15,,
99443,P,2002-09-08,63220,2,91.60,9.34,,
99444,P,2002-06-11,6038,7,71.44,5.07,,
99445,P,2002-05-03,62973,3,94.06,5.07,,
99446,P,2001-02-21,63818,2,61.34,5.70,,
99447,P,2002-04-19,79767,3,88.73,1.42,,
99448,P,2000-05-03,35589,2,43.18,3.22,,
99449,P,2000-10-28,32025,5,53.34,4.73,,
99450,P,2002-05-28,60052,5,7.87,2.42,,
99451,P,2002-06-14,39775,3,65.87,8.87,,
99452,P,2001-12-05,93567,10,62.60,7.03,,
99453,P,2002-03-24,65088,9,95.60,9.15,,
99454,P,2000-08-22,25087,2,77.59,5.64,,
99455,P,2000-10-04,37236,5,65.36,6.22,,
99456,P,2001-10-20,82,10,40.75,6.73,,
99457,P,2000-04-14,57149,3,90.61,3.04,,
99458,P,2001-01-16,49220,1,95.62,5.18,,
99459,P,2000-05-13,93070,6,69.22,1.63,,
99460,P,2001-03-01,19604,9,36.56,6.32,,
99461,P,2001-01-08,75632,6,70.69,3.59,,
99462,P,2002-08-28,7641,6,17.07,7.18,,
99463,P,2000-09-18,51649,6,98.10,0.97,,
99464,P,2002-03-09,70769,1,79.44,4.17,,
99465,P,2000-12-22,249,4,69.88,9.49,,
99466,P,2000-02-25,56311,2,43.10,2.84,,
99467,P,2000-12-29,75828,3,73.46,0.10,,
99468,P,2001-05-01,16515,10,12.58,2.39,,
99469,P,2001-06-30,20171,10,78.70,4.23,,
99470,P,2001-08-04,6464,5,69.08,2.28,,
99471,P,2001-08-13,6194,1,8.77,3.07,,
99472,P,2000-01-04,1064,8,89.47,8.75,,
99473,P,2002-03-17,58999,9,66.45,9.51,,
99474,P,2000-10-14,45959,7,69.04,5.59,,
99475,P,2002-08-29,38617,3,31.24,5.01,,
99476,P,2000-07-16,57536,7,69.65,7.22,,
99477,P,2001-07-16,38864,3,78.59,7.51,,
99478,P,2000-05-22,2505,8,87.01,1.95,,
99479,P,2002-04-10,10236,9,67.05,6.56,,
99480,P,2002-01-06,61799,5,26.62,1.42,,
99481,P,2001-07-02,2340,7,25.37,3.86,,
99482,P,2000-11-21,19314,3,76.44,7.90,,
99483,P,2001-02-20,64266,3,96.20,4.05,,
99484,P,2001-05-11,2213,3,70.18,0.80,,
99485,P,2001-07-27,17728,4,13.14,8.81,,
99486,P,2002-03-07,44697,8,42.87,0.96,,
99487,P,2000-05-10,42557,4,28.46,1.32,,
99488,P,2000-05-19,53476,7,48.31,8.31,,
99489,P,2000-09-15,67505,1,25.87,0.13,,
99490,P,2001-06-16,95208,9,71.42,6.05,,
99491,P,2001-10-10,47650,9,60.63,4.84,,
99492,P,2000-07-21,23346,1,91.88,6.01,,
99493,P,2001-07-16,81547,7,98.33,1.45,,
99494,P,2001-07-01,69873,6,94.05,7.96,,
99495,P,2000-06-22,2688,8,7.63,9.55,,
99496,P,2000-06-13,85584,2,8.34,7.74,,
99497,P,2001-01-16,62387,2,29.24,2.38,,
99498,P,2000-01-04,3087,10,26.66,7.60,,
99499,P,2001-05-27,71274,10,54.36,7.11,,
99500,P,2002-04-04,682,6,8.14,3.22,,
99501,P,2002-08-23,7006,7,88.90,3.53,,
99502,P,2001-03-26,59560,6,72.07,9.27,,
99503,P,2002-04-10,45093,6,11.81,5.58,,
99504,P,2001-10-01,11781,3,62.22,6.94,,
99505,P,2001-10-30,75291,8,48.93,7.46,,
99506,P,2002-01-30,88863,7,27.10,6.20,,
99507,P,2001-01-04,92979,3,59.34,8.54,,
99508,P,2001-05-04,30437,2,61.19,3.12,,
99509,P,2002-02-10,19987,3,91.74,9.01,,
99510,P,2000-01-22,85367,5,56.58,2.83,,
99511,P,2002-05-13,79703,6,25.49,3.88,,
99512,P,2001-05-27,70927,8,5.32,6.77,,
99513,P,2000-05-31,20406,6,45.98,0.73,,
99514,P,2001-01-25,77660,9,67.53,2.95,,
99515,P,2000-02-19,5939,7,61.16,0.42,,
99516,P,2002-06-07,46108,10,65.50,7.71,,
99517,P,2000-08-29,47905,4,47.77,5.22,,
99518,P,2000-01-05,17092,6,9.76,0.28,,
99519,P,2002-04-05,49420,2,1.96,8.59,,
99520,P,2000-11-30,42559,5,64.84,0.44,,
99521,P,2000-10-13,67125,4,24.18,7.48,,
99522,P,2001-08-20,79643,4,41.44,4.81,,
99523,P,2002-03-11,57928,1,48.05,6.38,,
99524,P,2000-01-25,94731,1,67.83,3.42,,
99525,P,2001-06-02,70153,9,80.27,9.26,,
99526,P,2002-01-09,43250,9,83.97,3.07,,
99527,P,2000-12-26,27620,9,46.78,1.90,,
99528,P,2002-03-03,4986,1,69.02,0.58,,
99529,P,2001-03-13,71380,5,25.75,2.14,,
99530,P,2002-09-05,32826,4,51.83,4.67,,
99531,P,2002-01-16,79286,2,1.22,2.99,,
99532,P,2001-02-20,52753,1,99.40,3.52,,
99533,P,2000-01-31,35613,2,79.89,1.60,,
99534,P,2002-03-18,33789,2,69.64,5.67,,
99535,P,2002-01-10,83827,2,98.61,4.31,,
99536,P,2001-06-15,62898,6,85.82,1.55,,
99537,P,2002-08-25,55782,5,62.52,4.11,,
99538,P,2001-06-28,74611,4,85.23,7.08,,
99539,P,2000-02-11,9844,3,60.01,2.03,,
99540,P,2001-09-24,11216,3,15.64,2.07,,
99541,P,2002-07-30,55923,7,50.42,1.14,,
99542,P,2001-10-30,58852,1,2.57,1.94,,
99543,P,2001-09-18,77787,2,10.17,4.42,,
99544,P,2000-09-15,19898,3,4.96,5.55,,
99545,P,2001-11-11,17901,1,3.89,5.17,,
99546,P,2002-07-26,57489,8,87.00,8.51,,
99547,P,2002-07-30,12069,10,78.52,9.73,,
99548,P,2000-06-16,40456,4,90.67,9.21,,
99549,P,2001-10-06,97812,7,21.93,5.83,,
99550,P,2000-12-10,78447,8,20.21,4.05,,
99551,P,2000-05-20,22097,7,1.08,8.49,,
99552,P,2002-04-06,71031,3,58.81,9.65,,
99553,P,2001-11-15,70197,8,54.11,6.86,,
99554,P,2001-08-01,77784,3,76.74,2.36,,
99555,P,2002-08-10,54556,7,96.18,7.78,,
99556,P,2001-02-17,71804,4,63.53,2.95,,
99557,P,2001-02-08,73336,6,49.66,5.58,,
99558,P,2001-01-05,94354,2,52.27,8.61,,
99559,P,2002-02-07,65680,4,40.87,5.80,,
99560,P,2000-02-15,29069,4,1.47,4.36,,
99561,P,2001-07-10,69867,9,14.02,6.95,,
99562,P,2000-07-06,67158,9,76.65,6.79,,
99563,P,2000-12-08,47525,3,90.78,5.50,,
99564,P,2001-04-30,58277,5,90.73,4.42,,
99565,P,2000-03-15,86513,8,44.61,8.12,,
99566,P,2001-09-18,63111,4,98.36,5.06,,
99567,P,2001-03-07,80839,10,93.01,8.14,,
99568,P,2001-11-02,49908,5,84.90,3.13,,
99569,P,2000-04-21,64591,5,84.56,1.64,,
99570,P,2001-04-03,55347,8,66.26,0.55,,
99571,P,2001-10-08,5717,3,11.28,3.28,,
99572,P,2001-03-04,77812,6,39.31,7.19,,
99573,P,2000-10-19,80829,1,55.26,6.81,,
99574,P,2001-12-12,93006,1,24.96,4.02,,
99575,P,2002-01-15,20801,7,53.66,5.90,,
99576,P,2000-09-16,892,4,82.24,1.76,,
99577,P,2002-09-03,71712,4,5.09,3.54,,
99578,P,2001-08-20,63291,6,76.26,7.48,,
99579,P,2001-08-24,7849,2,87.57,9.73,,
99580,P,2000-03-24,67080,8,9.77,5.19,,
99581,P,2000-04-18,19757,3,10.89,4.70,,
99582,P,2002-03-18,14027,10,44.94,7.95,,
99583,P,2002-09-02,15767,5,58.77,0.94,,
99584,P,2001-10-07,62354,8,39.93,0.47,,
99585,P,2000-11-22,79756,8,75.53,1.93,,
99586,P,2000-01-14,64831,6,25.25,0.04,,
99587,P,2001-07-09,47195,4,69.78,8.73,,
99588,P,2001-12-29,11285,7,73.23,1.27,,
99589,P,2001-12-11,67898,2,37.93,8.24,,
99590,P,2001-08-30,46204,2,26.17,9.10,,
99591,P,2000-01-15,47510,4,57.95,1.26,,
99592,P,2001-06-19,14279,8,53.94,6.50,,
99593,P,2001-08-03,49044,6,72.47,0.83,,
99594,P,2000-07-26,38070,7,93.29,7.39,,
99595,P,2002-04-13,16380,8,32.02,1.02,,
99596,P,2000-08-04,19454,6,35.09,7.56,,
99597,P,2002-07-14,38468,5,21.32,1.58,,
99598,P,2000-09-10,38347,3,59.87,1.60,,
99599,P,2000-10-01,89648,3,25.23,2.69,,
99600,P,2001-05-19,60979,5,92.61,8.49,,
99601,P,2002-08-16,84784,4,52.60,0.20,,
99602,P,2001-01-23,64906,1,38.27,1.62,,
99603,P,2000-11-27,15624,6,14.42,5.09,,
99604,P,2002-01-22,13270,1,29.04,0.96,,
99605,P,2001-07-07,65688,5,28.02,6.48,,
99606,P,2001-08-19,46076,1,56.78,2.44,,
99607,P,2001-09-01,49999,6,35.01,2.47,,
99608,P,2001-07-26,792,3,94.78,0.85,,
99609,P,2000-12-11,41715,8,27.18,9.06,,
99610,P,2001-08-11,68985,3,75.21,8.58,,
99611,P,2002-04-14,56324,9,38.00,1.11,,
99612,P,2000-01-28,4035,9,45.01,2.59,,
99613,P,2002-09-23,63758,6,99.55,5.38,,
99614,P,2000-10-18,94845,6,18.47,4.82,,
99615,P,2002-02-27,32200,8,40.70,8.87,,
99616,P,2000-06-08,50549,5,64.98,2.93,,
99617,P,2000-05-26,86192,3,49.56,0.89,,
99618,P,2001-09-27,71541,1,88.41,7.46,,
99619,P,2002-02-15,94545,2,89.13,5.58,,
99620,P,2002-06-12,72581,6,2.92,5.85,,
99621,P,2000-10-01,920,4,43.41,5.73,,
99622,P,2001-07-04,40360,9,57.23,3.42,,
99623,P,2002-06-02,78518,8,50.41,3.60,,
99624,P,2002-01-25,27999,3,68.76,9.06,,
99625,P,2000-08-20,48149,5,35.74,5.73,,
99626,P,2001-02-03,92752,5,83.58,1.23,,
99627,P,2001-01-12,90532,2,32.14,7.55,,
99628,P,2001-03-10,55967,5,98.62,1.34,,
99629,P,2000-10-24,43334,8,54.60,1.09,,
99630,P,2000-01-10,131,3,21.13,6.33,,
99631,P,2002-07-10,14337,5,43.96,5.31,,
99632,P,2002-03-08,78862,10,22.88,4.58,,
99633,P,2002-04-07,43092,5,17.28,2.20,,
99634,P,2000-04-29,17407,4,32.38,5.86,,
99635,P,2000-01-23,81940,9,10.03,2.16,,
99636,P,2000-02-10,97588,1,39.83,3.28,,
99637,P,2000-04-25,99549,3,71.68,1.73,,
99638,P,2000-01-30,16625,9,10.30,1.70,,
99639,P,2002-08-07,85856,10,54.82,2.91,,
99640,P,2001-03-12,69643,7,28.81,9.80,,
99641,P,2000-06-07,90255,4,32.55,9.61,,
99642,P,2002-04-05,56943,5,19.87,5.15,,
99643,P,2001-06-01,47141,10,61.67,6.99,,
99644,P,2002-09-22,91226,5,50.05,3.80,,
99645,P,2001-06-09,42685,6,2.36,8.73,,
99646,P,2001-03-13,70766,4,15.23,1.63,,
99647,P,2001-04-05,47110,3,40.68,6.79,,
99648,P,2001-04-24,30617,2,74.99,4.84,,
99649,P,2000-12-08,47866,10,6.30,4.00,,
99650,P,2000-10-06,72944,8,5.49,2.57,,
99651,P,2001-06-22,25764,3,36.44,3.56,,
99652,P,2001-05-14,94635,6,50.96,6.99,,
99653,P,2000-08-14,44696,3,70.67,6.62,,
99654,P,2001-07-24,4719,5,2.08,8.71,,
99655,P,2001-04-07,31440,9,55.29,4.21,,
99656,P,2000-01-22,26790,8,32.72,5.07,,
99657,P,2000-07-08,97959,4,26.82,0.93,,
99658,P,2000-07-15,41502,1,21.04,3.26,,
99659,P,2002-06-09,3497,5,28.90,4.28,,
99660,P,2000-03-06,91695,4,58.68,1.10,,
99661,P,2002-03-30,93390,6,96.34,1.25,,
99662,P,2001-03-21,62488,8,31.88,6.34,,
99663,P,2000-02-17,1369,4,84.50,3.69,,
99664,P,2002-05-03,38422,3,75.54,9.10,,
99665,P,2002-04-22,51003,4,62.47,8.17,,
99666,P,2000-09-14,34886,6,60.16,2.71,,
99667,P,2000-01-20,14752,8,33.08,5.48,,
99668,P,2002-08-27,26182,5,27.60,2.19,,
99669,P,2000-09-09,64027,9,39.14,5.20,,
99670,P,2001-01-18,32244,3,36.76,4.85,,
99671,P,2000-02-25,95459,9,67.83,6.32,,
99672,P,2000-01-28,56939,4,95.69,2.46,,
99673,P,2000-11-22,63275,6,94.80,9.48,,
99674,P,2002-03-31,44129,6,65.39,0.30,,
99675,P,2002-06-06,18735,3,90.07,2.70,,
99676,P,2000-07-16,2804,9,53.93,1.19,,
99677,P,2002-04-05,52698,6,94.12,0.96,,
99678,P,2000-01-01,43347,8,43.56,9.50,,
99679,P,2002-06-06,18113,8,98.35,2.58,,
99680,P,2000-12-05,61527,6,10.16,8.75,,
99681,P,2000-02-24,40151,10,24.64,9.64,,
99682,P,2001-11-27,61922,6,18.10,4.34,,
99683,P,2002-08-05,55463,9,78.56,8.27,,
99684,P,2001-03-30,70106,8,74.15,9.57,,
99685,P,2001-05-18,88200,6,89.53,1.70,,
99686,P,2002-09-02,14385,10,41.51,9.26,,
99687,P,2001-11-19,25811,10,96.60,6.44,,
99688,P,2000-03-01,5814,3,74.65,7.48,,
99689,P,2001-05-06,58142,3,26.01,2.57,,
99690,P,2002-06-11,6142,3,16.76,1.83,,
99691,P,2001-08-02,26232,1,66.58,4.50,,
99692,P,2001-10-02,82408,4,40.31,7.06,,
99693,P,2000-07-03,8860,4,12.33,8.55,,
99694,P,2002-01-31,53703,1,53.74,3.92,,
99695,P,2002-05-10,72522,9,62.64,0.51,,
99696,P,2000-08-13,20640,5,12.12,3.85,,
99697,P,2000-08-16,84554,7,3.31,8.36,,
99698,P,2000-09-24,75327,5,78.16,9.44,,
99699,P,2000-10-17,74505,7,64.93,6.33,,
99700,P,2001-11-15,2964,6,82.93,1.47,,
99701,P,2001-08-04,35368,7,24.87,5.96,,
99702,P,2000-11-15,39867,1,31.17,8.80,,
99703,P,2002-02-16,61551,3,13.45,7.62,,
99704,P,2002-03-04,97248,10,60.91,2.43,,
99705,P,2002-07-12,74163,5,91.10,1.36,,
99706,P,2000-03-07,11301,4,72.44,2.63,,
99707,P,2001-08-06,30082,2,39.98,5.32,,
99708,P,2001-11-10,3635,1,69.68,9.65,,
99709,P,2002-05-12,56333,4,14.45,7.28,,
99710,P,2001-05-11,19593,9,61.93,6.82,,
99711,P,2001-12-07,6879,6,74.05,5.08,,
99712,P,2002-07-26,21066,10,15.80,6.15,,
99713,P,2001-02-20,86113,2,62.49,2.50,,
99714,P,2002-04-28,72269,5,66.33,3.17,,
99715,P,2002-08-15,28188,8,28.05,0.66,,
99716,P,2002-06-20,91009,8,46.44,9.34,,
99717,P,2002-05-18,68279,9,2.23,6.12,,
99718,P,2001-06-25,32065,10,62.89,8.66,,
99719,P,2000-10-04,18886,1,24.19,6.55,,
99720,P,2002-09-03,27024,4,22.08,3.17,,
99721,P,2001-08-09,76313,7,48.06,2.52,,
99722,P,2002-04-07,7981,2,75.77,5.47,,
99723,P,2000-01-22,22361,1,47.39,1.45,,
99724,P,2000-01-26,31432,3,38.19,5.60,,
99725,P,2002-07-02,48680,6,72.87,9.78,,
99726,P,2000-02-16,29182,2,53.90,7.24,,
99727,P,2000-02-25,66318,6,51.86,4.66,,
99728,P,2001-09-11,17860,4,89.14,1.38,,
99729,P,2000-06-13,34014,3,54.14,6.61,,
99730,P,2001-03-18,6626,9,51.15,6.54,,
99731,P,2000-07-22,98167,2,83.23,2.67,,
99732,P,2000-12-25,47150,5,69.68,3.38,,
99733,P,2000-01-12,11632,3,52.17,0.51,,
99734,P,2002-04-17,15514,8,97.85,5.19,,
99735,P,2000-09-13,53899,9,4.99,4.91,,
99736,P,2002-01-12,85306,9,75.42,2.41,,
99737,P,2002-04-14,72455,9,91.14,3.39,,
99738,P,2001-11-25,98618,5,89.54,7.43,,
99739,P,2002-09-14,79572,7,65.48,9.36,,
99740,P,2000-08-25,22750,1,55.50,3.75,,
99741,P,2000-12-13,36108,9,16.92,2.64,,
99742,P,2001-01-09,56054,9,23.63,7.62,,
99743,P,2000-02-19,24990,3,43.29,2.07,,
99744,P,2000-08-24,56311,3,94.92,8.07,,
99745,P,2002-03-02,83822,5,11.29,8.92,,
99746,P,2001-07-16,576,9,63.62,3.64,,
99747,P,2001-01-09,96730,9,8.08,4.89,,
99748,P,2000-11-24,3353,3,58.07,0.88,,
99749,P,2002-05-15,94651,8,22.29,4.93,,
99750,P,2000-11-30,13841,10,12.59,3.67,,
99751,P,2000-05-31,77884,10,7.37,2.65,,
99752,P,2000-06-02,82849,9,14.56,0.44,,
99753,P,2001-08-26,38424,4,7.44,8.17,,
99754,P,2002-06-02,81709,3,11.72,5.86,,
99755,P,2001-12-27,86932,7,66.68,7.40,,
99756,P,2002-09-24,89280,2,1.14,6.82,,
99757,P,2000-06-17,35750,8,79.18,5.35,,
99758,P,2002-04-16,48161,6,73.48,9.21,,
99759,P,2001-05-14,23529,4,4.11,0.22,,
99760,P,2002-05-20,52275,1,86.26,1.28,,
99761,P,2000-11-20,96700,2,57.69,3.11,,
99762,P,2000-06-28,49061,6,17.81,1.78,,
99763,P,2000-12-02,38814,9,45.94,9.99,,
99764,P,2001-08-10,70015,10,71.35,2.85,,
99765,P,2001-08-12,29216,10,88.54,0.91,,
99766,P,2001-03-27,61292,1,26.96,5.50,,
99767,P,2002-06-14,10044,3,89.53,1.21,,
99768,P,2002-05-18,49291,8,74.66,3.36,,
99769,P,2001-07-06,53992,5,78.83,7.69,,
99770,P,2001-07-29,44188,10,40.32,2.40,,
99771,P,2002-09-14,32125,3,94.03,4.50,,
99772,P,2001-09-02,45752,2,70.74,5.70,,
99773,P,2000-06-20,10840,8,33.28,0.18,,
99774,P,2001-06-09,93424,1,61.37,7.93,,
99775,P,2002-05-09,71586,9,25.35,3.90,,
99776,P,2002-05-14,272,3,79.53,0.25,,
99777,P,2000-12-31,75121,1,75.54,8.46,,
99778,P,2002-07-07,35965,7,13.90,3.84,,
99779,P,2002-01-21,72193,1,28.86,9.31,,
99780,P,2000-10-04,11674,4,8.17,9.83,,
99781,P,2000-06-01,82811,8,34.21,6.23,,
99782,P,2001-02-19,3861,4,79.79,2.27,,
99783,P,2002-06-18,38340,1,91.84,9.48,,
99784,P,2000-12-03,77441,6,88.46,2.78,,
99785,P,2001-09-22,85585,4,9.35,6.98,,
99786,P,2001-10-19,28339,3,62.04,9.06,,
99787,P,2001-08-04,3336,6,75.74,1.11,,
99788,P,2001-03-24,36738,5,83.23,5.44,,
99789,P,2000-02-13,54417,8,10.81,0.10,,
99790,P,2001-09-05,9983,7,61.49,7.93,,
99791,P,2001-09-19,13277,9,76.03,1.71,,
99792,P,2000-06-20,99375,5,15.62,3.38,,
99793,P,2001-09-29,84085,10,47.27,9.95,,
99794,P,2002-01-26,82247,7,19.24,6.64,,
99795,P,2002-08-17,62988,10,74.97,1.87,,
99796,P,2000-07-07,32150,7,95.46,3.35,,
99797,P,2000-01-25,98394,2,10.04,9.74,,
99798,P,2001-07-13,53292,10,37.47,3.48,,
99799,P,2002-05-22,17390,6,90.57,5.88,,
99800,P,2001-06-18,11055,1,13.93,2.54,,
99801,P,2001-07-16,27076,4,14.46,5.38,,
99802,P,2001-07-31,13700,1,83.89,1.25,,
99803,P,2001-12-14,80086,8,55.72,5.65,,
99804,P,2002-02-21,61842,7,58.92,2.61,,
99805,P,2000-11-16,11052,7,26.79,1.60,,
99806,P,2001-09-01,64014,5,22.91,4.91,,
99807,P,2001-11-24,77761,3,50.13,5.63,,
99808,P,2002-02-17,98046,3,58.91,5.17,,
99809,P,2000-07-20,90271,6,24.08,3.80,,
99810,P,2000-05-23,6707,4,66.40,1.45,,
99811,P,2001-03-21,75061,2,67.26,3.27,,
99812,P,2001-05-28,18559,4,81.60,3.63,,
99813,P,2001-03-01,67852,2,11.91,8.58,,
99814,P,2002-06-09,70003,8,55.58,6.69,,
99815,P,2000-10-10,97831,8,40.92,4.62,,
99816,P,2000-08-27,40372,6,85.72,7.63,,
99817,P,2002-04-13,67513,1,42.70,0.71,,
99818,P,2001-06-07,9381,6,37.38,0.82,,
99819,P,2001-04-26,69484,1,87.94,4.78,,
99820,P,2000-03-17,35438,3,83.07,9.25,,
99821,P,2000-05-01,73008,2,44.15,5.80,,
99822,P,2002-03-05,43981,9,57.43,1.48,,
99823,P,2000-04-04,41047,8,63.71,7.09,,
99824,P,2002-09-01,99610,4,34.22,7.15,,
99825,P,2002-09-03,22419,1,76.20,1.89,,
99826,P,2001-07-18,80465,7,24.97,6.45,,
99827,P,2002-03-13,73891,9,25.84,1.25,,
99828,P,2000-08-12,43694,4,24.01,6.39,,
99829,P,2000-05-04,99073,7,99.21,0.33,,
99830,P,2000-07-20,18344,3,60.68,7.09,,
99831,P,2000-10-25,64714,8,19.52,4.44,,
99832,P,2000-10-05,11836,3,73.72,3.65,,
99833,P,2002-08-04,41707,6,51.98,9.17,,
99834,P,2002-05-18,99373,5,45.18,7.97,,
99835,P,2001-01-10,42735,9,53.35,3.60,,
99836,P,2001-07-18,3616,3,55.86,3.06,,
99837,P,2000-08-05,90176,9,32.23,3.11,,
99838,P,2002-04-27,1437,2,95.85,9.41,,
99839,P,2000-12-11,50582,4,14.34,6.87,,
99840,P,2000-08-13,23819,4,29.34,2.32,,
99841,P,2001-08-23,20807,5,53.67,7.67,,
99842,P,2000-11-18,87697,1,64.72,4.62,,
99843,P,2002-05-09,2210,5,39.65,6.85,,
99844,P,2001-12-09,34407,6,25.71,1.53,,
99845,P,2001-05-09,6812,10,54.13,2.60,,
99846,P,2000-11-22,34606,9,71.95,7.07,,
99847,P,2002-03-15,48228,1,43.94,8.81,,
99848,P,2001-02-16,72420,8,98.74,0.30,,
99849,P,2000-05-25,77773,9,60.69,5.96,,
99850,P,2002-02-03,49054,10,36.92,8.28,,
99851,P,2000-05-02,95880,5,95.61,6.36,,
99852,P,2002-07-21,56917,5,39.81,3.14,,
99853,P,2001-04-14,63369,2,88.57,4.16,,
99854,P,2001-11-05,382,4,94.52,9.61,,
99855,P,2002-04-24,46943,5,12.06,0.47,,
99856,P,2001-09-17,87274,9,57.44,9.16,,
99857,P,2002-09-11,95733,7,60.74,1.02,,
99858,P,2000-04-14,47202,8,99.95,1.66,,
99859,P,2002-03-10,53651,10,36.51,5.29,,
99860,P,2000-08-30,10781,3,5.91,5.08,,
99861,P,2000-08-19,36332,6,94.43,5.89,,
99862,P,2001-01-17,52322,5,2.58,6.66,,
99863,P,2001-07-21,1020,4,54.39,6.61,,
99864,P,2000-12-17,81611,4,71.77,4.00,,
99865,P,2001-04-26,35369,6,18.15,6.06,,
99866,P,2001-01-01,89563,8,16.01,3.22,,
99867,P,2001-06-23,76573,1,48.06,5.58,,
99868,P,2002-02-03,39433,1,14.10,7.19,,
99869,P,2000-06-21,30973,3,9.12,5.43,,
99870,P,2001-01-30,30189,3,68.57,1.82,,
99871,P,2002-08-31,23642,10,90.94,0.71,,
99872,P,2001-03-22,30981,5,26.47,3.92,,
99873,P,2000-10-20,52823,1,3.33,0.54,,
99874,P,2000-06-06,33466,8,59.98,7.45,,
99875,P,2002-09-23,78688,8,6.54,0.93,,
99876,P,2001-10-31,7694,1,21.58,1.98,,
99877,P,2002-04-04,63437,2,93.34,1.39,,
99878,P,2001-06-04,2397,5,40.90,6.95,,
99879,P,2001-04-21,20365,9,64.17,8.67,,
99880,P,2001-06-22,36234,10,47.86,2.27,,
99881,P,2000-04-04,76749,8,40.05,0.19,,
99882,P,2002-03-11,27540,4,79.40,9.36,,
99883,P,2002-03-13,63323,9,47.24,7.83,,
99884,P,2002-09-16,13059,4,44.56,2.88,,
99885,P,2000-06-03,82254,6,99.77,9.49,,
99886,P,2000-03-17,12602,8,27.56,0.91,,
99887,P,2001-10-29,91272,2,10.22,7.73,,
99888,P,2000-05-13,72858,4,80.57,9.68,,
99889,P,2000-11-10,28375,2,3.93,2.65,,
99890,P,2002-09-14,55828,1,8.71,1.49,,
99891,P,2001-07-12,92757,9,78.05,4.17,,
99892,P,2001-11-07,22722,1,58.56,1.42,,
99893,P,2000-09-03,18498,5,57.18,6.73,,
99894,P,2002-08-07,68595,1,34.34,5.07,,
99895,P,2002-08-31,61376,10,65.52,1.52,,
99896,P,2002-02-03,19180,3,66.64,4.08,,
99897,P,2002-03-02,82249,1,7.79,0.94,,
99898,P,2000-03-04,13008,4,61.15,5.30,,
99899,P,2001-06-22,73527,3,1.90,2.03,,
99900,P,2002-09-02,3656,1,13.18,6.10,,
99901,P,2001-02-04,73431,5,91.98,0.49,,
99902,P,2001-05-31,54909,4,61.16,7.57,,
99903,P,2000-11-12,68727,2,39.54,6.33,,
99904,P,2002-05-20,29370,4,60.37,3.54,,
99905,P,2002-01-06,1987,9,48.75,3.21,,
99906,P,2002-02-10,9376,6,84.34,0.92,,
99907,P,2002-06-19,15176,1,54.99,8.59,,
99908,P,2002-07-13,94080,2,44.74,9.87,,
99909,P,2002-04-26,31500,6,5.36,6.38,,
99910,P,2001-12-24,68468,10,6.19,3.05,,
99911,P,2000-05-30,25938,6,48.32,9.57,,
99912,P,2002-06-20,88393,7,63.89,3.87,,
99913,P,2000-10-17,11897,6,24.51,2.68,,
99914,P,2002-02-14,26606,5,26.10,1.11,,
99915,P,2001-08-09,12772,6,8.65,8.35,,
99916,P,2002-08-02,3266,4,68.63,3.38,,
99917,P,2002-05-01,64564,7,20.60,8.98,,
99918,P,2002-09-19,28389,9,82.50,9.18,,
99919,P,2002-05-16,38271,6,75.69,8.02,,
99920,P,2001-03-02,92049,1,34.97,3.83,,
99921,P,2001-10-16,46078,9,38.80,1.05,,
99922,P,2001-07-10,61364,1,48.77,2.45,,
99923,P,2001-04-22,80857,5,21.78,6.52,,
99924,P,2001-10-28,90343,10,22.07,0.84,,
99925,P,2000-11-04,21125,4,20.50,8.35,,
99926,P,2001-02-18,80838,6,39.26,4.91,,
99927,P,2001-04-04,37012,3,41.81,3.32,,
99928,P,2001-12-24,76908,3,49.54,5.09,,
99929,P,2000-07-05,33238,6,89.93,8.16,,
99930,P,2002-07-02,15799,4,49.15,3.38,,
99931,P,2001-02-28,3955,10,56.71,1.57,,
99932,P,2002-01-24,13245,9,30.68,5.06,,
99933,P,2001-05-14,1642,2,38.36,0.79,,
99934,P,2001-10-27,44774,6,13.39,0.22,,
99935,P,2000-06-02,25000,2,12.13,0.29,,
99936,P,2000-12-12,4730,2,66.50,6.85,,
99937,P,2002-02-20,16337,5,92.60,6.44,,
99938,P,2001-03-06,12389,7,33.86,1.83,,
99939,P,2001-08-10,61946,3,33.65,6.48,,
99940,P,2000-05-25,18224,5,28.09,5.21,,
99941,P,2002-04-26,99605,2,94.65,5.27,,
99942,P,2000-10-14,31379,4,98.97,1.39,,
99943,P,2001-04-13,85268,5,3.94,7.54,,
99944,P,2000-12-08,57386,10,69.70,2.54,,
99945,P,2002-04-18,46474,4,59.08,0.70,,
99946,P,2001-03-07,91066,1,23.84,4.41,,
99947,P,2002-03-07,50950,10,89.58,9.81,,
99948,P,2000-10-26,75411,9,9.55,8.03,,
99949,P,2002-02-28,48130,6,86.79,3.24,,
99950,P,2000-05-25,77572,3,85.23,2.14,,
99951,P,2000-06-20,98457,6,57.84,7.26,,
99952,P,2000-08-24,50988,8,67.20,7.14,,
99953,P,2000-05-14,36372,10,20.24,7.47,,
99954,P,2002-07-28,55773,8,2.56,8.06,,
99955,P,2000-05-23,66267,7,14.37,6.15,,
99956,P,2000-07-08,81700,8,56.29,7.87,,
99957,P,2000-09-10,37118,7,20.69,3.88,,
99958,P,2001-01-29,11690,6,40.25,4.72,,
99959,P,2001-01-28,21834,5,53.68,1.19,,
99960,P,2000-06-17,81330,8,92.03,8.12,,
99961,P,2000-06-23,89300,9,47.46,7.80,,
99962,P,2000-09-08,77898,2,72.20,4.87,,
99963,P,2001-09-03,68516,6,44.07,4.46,,
99964,P,2000-04-23,50528,3,68.31,1.22,,
99965,P,2002-07-02,5434,2,62.52,4.52,,
99966,P,2002-06-14,14804,9,85.19,9.37,,
99967,P,2002-06-10,94716,5,58.70,2.92,,
99968,P,2000-04-17,36302,4,35.88,8.23,,
99969,P,2001-11-27,47814,4,3.54,8.04,,
99970,P,2002-01-28,18449,4,37.85,8.08,,
99971,P,2002-08-22,72361,7,76.96,5.23,,
99972,P,2001-10-27,41389,3,26.89,1.23,,
99973,P,2001-08-01,27366,1,29.79,0.86,,
99974,P,2002-06-07,57548,7,8.45,3.11,,
99975,P,2002-02-08,99762,9,93.26,4.89,,
99976,P,2000-12-11,93916,3,58.25,0.32,,
99977,P,2000-01-27,11366,9,48.01,2.19,,
99978,P,2000-08-25,83724,5,5.06,6.15,,
99979,P,2000-08-08,35728,2,90.49,8.58,,
99980,P,2002-01-21,99164,7,24.81,5.23,,
99981,P,2002-03-17,16419,9,17.07,8.14,,
99982,P,2001-07-23,93711,1,6.11,2.19,,
99983,P,2000-05-07,81103,4,8.05,5.48,,
99984,P,2001-07-14,26942,6,33.16,2.94,,
99985,P,2002-03-15,22500,3,81.98,8.54,,
99986,P,2000-06-01,21772,5,55.42,3.52,,
99987,P,2000-11-02,75432,4,45.99,0.84,,
99988,P,2001-05-21,36646,8,38.61,5.74,,
99989,P,2000-06-29,6006,5,7.55,7.29,,
99990,P,2000-06-13,47502,10,69.23,4.14,,
99991,P,2002-02-07,93591,3,49.59,1.21,,
99992,P,2002-07-23,2933,9,33.07,8.19,,
99993,P,2001-06-27,33234,8,91.07,5.30,,
99994,P,2001-05-01,36558,1,99.35,7.01,,
99995,P,2002-04-12,25311,9,82.57,3.48,,
99996,P,2001-03-31,87925,10,12.33,0.86,,
99997,P,2000-11-24,84937,5,49.99,4.19,,
99998,P,2000-01-15,26096,3,82.51,3.05,,
99999,P,2002-07-03,22114,4,75.96,1.82,,
100000,P,2002-03-02,15338,9,72.12,6.31,,
100001,P,2001-09-07,24977,4,39.21,3.96,,
100002,P,2002-09-17,66605,8,35.21,2.58,,
100003,P,2000-12-13,54049,1,95.43,6.25,,
100004,P,2000-08-01,21562,9,17.93,5.69,,
100005,P,2000-10-23,7243,1,62.13,7.83,,
100006,P,2000-03-03,68248,5,98.48,2.88,,
100007,P,2002-08-25,86139,8,79.50,2.22,,
100008,P,2000-05-05,12665,10,93.66,0.28,,
100009,P,2002-03-08,78087,6,58.29,7.24,,
100010,P,2000-07-13,34227,3,44.92,7.01,,
100011,P,2002-08-31,61699,2,85.37,2.57,,
100012,P,2000-08-23,58991,5,79.73,4.31,,
100013,P,2002-06-04,65551,2,70.43,2.78,,
100014,P,2000-04-17,69826,3,96.96,8.78,,
100015,P,2000-09-17,29707,3,38.69,7.24,,
100016,P,2002-05-16,89112,3,68.01,6.97,,
100017,P,2001-09-19,30049,5,87.93,1.35,,
100018,P,2001-10-30,38291,8,95.32,0.43,,
100019,P,2002-05-26,50841,4,46.95,1.57,,
100020,P,2002-06-21,64113,7,83.10,4.36,,
100021,P,2001-11-25,55943,3,2.93,1.89,,
100022,P,2000-01-08,45407,7,25.85,3.84,,
100023,P,2000-01-27,15075,6,25.39,4.11,,
100024,P,2001-10-06,96805,7,67.65,5.40,,
100025,P,2002-07-31,49138,6,31.77,6.90,,
100026,P,2002-01-05,14,4,61.28,0.50,,
100027,P,2001-12-10,23254,3,42.21,1.15,,
100028,P,2001-10-12,58822,10,47.79,0.44,,
100029,P,2000-09-01,94684,8,97.73,9.56,,
100030,P,2001-10-15,9284,10,24.66,4.85,,
100031,P,2001-01-07,90149,6,42.15,9.31,,
100032,P,2000-06-12,76240,5,93.84,7.75,,
100033,P,2000-03-26,98881,5,74.83,3.81,,
100034,P,2001-01-11,71747,2,45.53,5.14,,
100035,P,2000-07-02,35346,6,40.82,2.31,,
100036,P,2000-08-09,68611,5,95.15,7.86,,
100037,P,2001-06-10,98626,7,33.42,7.10,,
100038,P,2000-08-06,92293,3,93.27,1.28,,
100039,P,2000-07-03,21545,8,85.28,4.08,,
100040,P,2001-01-09,48727,10,14.35,5.81,,
100041,P,2000-09-16,12394,7,9.32,0.46,,
100042,P,2002-07-27,9489,6,72.13,8.55,,
100043,P,2000-07-03,54005,4,33.61,4.18,,
100044,P,2001-06-28,85039,3,45.31,6.86,,
100045,P,2001-11-05,58783,2,84.59,4.48,,
100046,P,2000-11-30,42936,10,60.07,9.84,,
100047,P,2001-10-07,97026,6,72.58,2.14,,
100048,P,2002-07-10,42983,9,38.65,4.66,,
100049,P,2001-06-21,30221,1,47.57,6.28,,
100050,P,2000-01-26,18606,5,91.12,2.93,,
100051,P,2002-09-27,90706,3,5.83,4.00,,
100052,P,2000-10-15,78696,7,19.20,4.93,,
100053,P,2001-03-19,64685,9,55.88,4.97,,
100054,P,2001-06-28,45156,5,81.02,6.64,,
100055,P,2000-11-02,6928,7,95.04,3.27,,
100056,P,2001-01-20,54062,2,82.42,9.43,,
100057,P,2002-01-06,88831,3,1.54,1.41,,
100058,P,2001-09-09,64051,9,12.10,2.19,,
100059,P,2001-01-19,96525,5,82.11,7.16,,
100060,P,2001-12-11,8395,7,33.92,7.92,,
100061,P,2002-07-28,48847,8,8.74,7.44,,
100062,P,2000-03-22,47886,2,60.80,8.10,,
100063,P,2002-08-15,85370,1,7.02,3.09,,
100064,P,2002-07-18,26223,3,78.33,1.32,,
100065,P,2000-12-16,39304,2,49.64,8.66,,
100066,P,2000-06-12,62640,5,36.12,9.22,,
100067,P,2000-09-25,22249,6,54.83,9.26,,
100068,P,2001-10-01,55361,8,42.93,6.39,,
100069,P,2000-12-15,38339,10,49.72,0.04,,
100070,P,2000-05-13,77170,4,19.09,4.78,,
100071,P,2001-11-16,85967,2,28.68,8.25,,
100072,P,2000-01-21,96731,10,77.89,6.33,,
100073,P,2001-09-05,26414,5,28.29,0.88,,
100074,P,2002-09-14,60780,4,25.80,7.40,,
100075,P,2002-06-13,42458,6,33.38,1.07,,
100076,P,2000-06-04,65897,1,25.54,9.38,,
100077,P,2001-02-08,3044,2,97.27,7.67,,
100078,P,2000-10-14,97167,5,35.29,8.64,,
100079,P,2001-04-25,61098,5,27.81,8.34,,
100080,P,2000-08-21,11002,6,13.01,4.78,,
100081,P,2001-09-08,48630,7,1.98,3.16,,
100082,P,2002-08-13,78640,3,99.48,4.17,,
100083,P,2000-03-28,13554,4,93.32,0.92,,
100084,P,2002-06-30,16606,5,48.13,2.88,,
100085,P,2001-09-13,57179,3,71.83,3.56,,
100086,P,2000-07-22,25375,5,71.06,9.12,,
100087,P,2001-12-18,48242,10,97.42,0.73,,
100088,P,2000-12-07,42069,10,17.70,3.52,,
100089,P,2001-08-07,50658,6,37.78,9.49,,
100090,P,2000-11-16,70367,8,46.40,0.01,,
100091,P,2001-03-31,83566,7,7.77,4.03,,
100092,P,2001-08-27,53149,7,81.74,1.59,,
100093,P,2001-03-18,39131,5,3.44,9.20,,
100094,P,2002-04-17,74289,8,34.63,7.43,,
100095,P,2002-01-10,79172,4,99.73,8.86,,
100096,P,2001-10-28,11016,10,90.46,4.40,,
100097,P,2001-04-26,11416,2,35.08,4.64,,
100098,P,2001-01-22,12039,7,34.06,8.93,,
100099,P,2001-02-21,794,5,60.32,3.14,,
100100,P,2001-06-05,22600,1,97.13,3.90,,
100101,P,2000-02-10,50238,7,74.56,2.53,,
100102,P,2000-02-17,53791,5,44.98,9.70,,
100103,P,2001-05-19,2284,6,18.14,2.72,,
100104,P,2002-03-15,80568,3,42.96,9.09,,
100105,P,2001-07-17,10604,1,93.67,0.60,,
100106,P,2000-03-04,16470,10,64.39,6.24,,
100107,P,2000-11-03,37729,3,41.24,7.63,,
100108,P,2000-07-12,75575,8,70.41,1.13,,
100109,P,2002-01-29,83758,5,53.30,7.85,,
100110,P,2000-10-10,18575,5,38.77,4.61,,
100111,P,2001-07-19,77793,10,51.63,9.84,,
100112,P,2001-12-26,54072,2,58.11,4.54,,
100113,P,2000-05-23,31551,4,23.11,6.95,,
100114,P,2000-06-06,64654,3,35.78,3.15,,
100115,P,2000-01-16,17147,5,52.92,7.93,,
100116,P,2001-10-21,6635,7,35.73,5.85,,
100117,P,2001-08-28,3536,2,21.26,2.05,,
100118,P,2002-06-04,93014,6,32.49,3.24,,
100119,P,2001-07-12,96593,6,77.02,2.14,,
100120,P,2001-02-19,78586,6,82.88,7.23,,
100121,P,2002-09-14,61079,3,53.39,2.35,,
100122,P,2000-04-19,5394,10,0.76,9.01,,
100123,P,2002-06-04,57816,1,21.17,2.47,,
100124,P,2001-09-22,95231,10,1.23,7.62,,
100125,P,2000-05-22,36196,10,9.44,4.81,,
100126,P,2001-11-18,5283,4,82.82,1.08,,
100127,P,2000-05-24,97635,5,3.09,2.77,,
100128,P,2000-09-19,506,8,39.94,4.15,,
100129,P,2002-02-18,88771,6,46.53,4.42,,
100130,P,2000-10-04,65582,1,76.81,8.36,,
100131,P,2002-08-04,16894,9,30.46,2.95,,
100132,P,2002-08-02,24834,4,61.25,3.98,,
100133,P,2002-03-27,15117,2,11.94,8.21,,
100134,P,2000-02-07,59367,7,48.48,0.72,,
100135,P,2000-04-12,41278,3,52.09,9.60,,
100136,P,2000-01-22,84656,8,32.76,7.92,,
100137,P,2000-11-04,69377,8,33.86,9.67,,
100138,P,2002-08-24,82213,8,66.08,2.29,,
100139,P,2001-06-03,37901,9,39.23,5.61,,
100140,P,2001-11-04,25716,10,7.79,5.97,,
100141,P,2000-01-23,92942,10,84.74,9.29,,
100142,P,2002-01-21,78054,6,59.92,8.37,,
100143,P,2001-09-10,51122,5,93.69,9.44,,
100144,P,2001-04-20,70058,2,62.89,0.82,,
100145,P,2001-05-23,72349,8,20.02,5.33,,
100146,P,2001-11-22,22638,7,70.93,2.13,,
100147,P,2000-04-29,99580,4,15.42,6.57,,
100148,P,2001-09-28,51068,1,47.12,2.11,,
100149,P,2000-07-18,9551,7,51.16,5.32,,
100150,P,2000-02-06,7228,7,93.20,2.01,,
100151,P,2001-01-10,65891,9,2.47,8.71,,
100152,P,2002-03-27,31269,10,73.29,1.99,,
100153,P,2000-06-07,91617,4,45.34,9.23,,
100154,P,2000-07-01,64208,2,75.30,7.42,,
100155,P,2001-09-24,30897,2,59.28,8.15,,
100156,P,2000-03-01,95053,10,29.22,4.94,,
100157,P,2001-05-09,18850,1,58.71,9.15,,
100158,P,2002-07-07,15348,2,24.25,4.73,,
100159,P,2002-05-18,95543,2,64.83,8.23,,
100160,P,2000-03-23,13524,4,0.26,5.90,,
100161,P,2002-04-08,64764,3,47.60,7.73,,
100162,P,2000-06-02,70765,2,26.65,0.41,,
100163,P,2001-02-24,73276,7,4.15,7.09,,
100164,P,2000-08-29,62114,10,63.98,4.94,,
100165,P,2000-09-09,89885,7,64.70,1.35,,
100166,P,2000-12-19,6811,10,72.16,1.06,,
100167,P,2001-01-29,49042,7,20.35,8.73,,
100168,P,2000-05-05,69704,5,81.70,6.28,,
100169,P,2000-10-06,56179,1,5.50,8.85,,
100170,P,2002-01-23,64963,8,53.36,2.89,,
100171,P,2002-03-16,87582,3,15.12,2.25,,
100172,P,2001-10-17,54437,9,85.85,4.70,,
100173,P,2002-01-27,54478,4,58.12,5.52,,
100174,P,2001-04-12,96018,1,16.03,1.44,,
100175,P,2000-10-09,64597,2,68.16,0.80,,
100176,P,2002-01-03,54152,3,6.11,6.75,,
100177,P,2001-05-26,65119,8,30.42,3.32,,
100178,P,2002-03-21,95148,4,6.96,7.94,,
100179,P,2002-04-08,23958,4,49.33,7.02,,
100180,P,2001-10-29,9887,6,12.65,3.35,,
100181,P,2000-12-14,79113,3,44.51,7.79,,
100182,P,2001-06-06,941,6,23.78,3.94,,
100183,P,2002-01-13,33386,8,43.99,5.84,,
100184,P,2000-11-01,58804,9,24.83,7.47,,
100185,P,2001-10-08,3258,8,98.98,1.21,,
100186,P,2001-06-01,17621,4,61.68,9.16,,
100187,P,2002-07-06,13407,5,72.31,2.21,,
100188,P,2001-10-14,12139,7,60.00,7.29,,
100189,P,2002-05-23,61996,3,24.61,0.23,,
100190,P,2002-04-07,74105,1,60.74,8.48,,
100191,P,2001-08-04,21675,5,40.47,4.90,,
100192,P,2001-03-10,52716,6,51.58,4.73,,
100193,P,2001-07-04,58406,3,81.11,7.23,,
100194,P,2002-08-04,10041,9,22.61,2.13,,
100195,P,2000-05-09,18612,9,40.07,3.16,,
100196,P,2000-10-30,79899,1,16.38,6.53,,
100197,P,2002-01-17,58542,10,16.53,0.07,,
100198,P,2002-05-19,84631,3,29.02,4.51,,
100199,P,2001-12-13,79300,3,13.54,3.01,,
100200,P,2001-06-20,7321,8,90.21,9.19,,
100201,P,2001-08-10,84801,7,38.31,4.62,,
100202,P,2002-01-12,5284,10,67.42,6.62,,
100203,P,2000-07-21,47231,9,23.56,9.17,,
100204,P,2001-02-06,6625,2,86.62,3.30,,
100205,P,2001-03-15,941,10,35.50,9.91,,
100206,P,2001-01-19,29364,10,48.73,8.07,,
100207,P,2001-09-29,21716,8,68.98,0.90,,
100208,P,2001-12-22,56542,1,24.40,6.30,,
100209,P,2001-06-11,1653,3,84.95,8.83,,
100210,P,2000-12-13,25697,8,31.67,6.17,,
100211,P,2001-02-22,16149,4,60.84,9.95,,
100212,P,2002-01-09,97229,8,66.91,7.73,,
100213,P,2000-05-09,97762,1,25.28,0.19,,
100214,P,2001-11-04,4891,8,95.46,3.05,,
100215,P,2002-09-09,96652,8,76.16,5.18,,
100216,P,2000-07-26,11750,8,93.27,3.07,,
100217,P,2000-07-08,22190,6,27.03,3.69,,
100218,P,2001-07-27,82436,2,7.87,3.13,,
100219,P,2002-05-08,92968,6,30.12,9.90,,
100220,P,2000-08-16,78720,4,58.78,2.69,,
100221,P,2001-02-11,50022,5,26.10,5.78,,
100222,P,2002-02-16,66249,1,77.95,1.07,,
100223,P,2002-04-20,26499,2,95.88,1.57,,
100224,P,2000-07-22,2527,4,62.79,5.12,,
100225,P,2001-04-08,70328,6,73.62,8.39,,
100226,P,2001-04-07,91519,1,50.67,6.40,,
100227,P,2002-05-18,7378,1,90.82,5.44,,
100228,P,2001-03-15,25390,3,70.36,7.67,,
100229,P,2001-01-09,8899,6,93.54,9.35,,
100230,P,2001-03-30,32825,10,15.13,1.08,,
100231,P,2002-04-04,29299,2,16.18,2.29,,
100232,P,2001-08-20,88889,9,79.54,8.26,,
100233,P,2000-06-22,45835,5,80.76,3.01,,
100234,P,2001-02-13,33462,7,76.83,0.38,,
100235,P,2001-02-17,17737,7,58.27,4.45,,
100236,P,2002-01-13,49211,1,42.78,2.22,,
100237,P,2000-12-28,28063,4,7.25,5.23,,
100238,P,2001-10-30,79149,9,9.37,2.34,,
100239,P,2001-09-06,42750,4,41.42,2.37,,
100240,P,2000-11-28,54337,9,25.14,3.53,,
100241,P,2000-11-21,18326,10,21.00,9.41,,
100242,P,2000-12-07,32597,8,68.36,9.82,,
100243,P,2001-01-01,10087,1,94.03,5.73,,
100244,P,2000-01-10,62563,5,24.93,7.72,,
100245,P,2000-08-11,18287,8,93.77,8.08,,
100246,P,2001-03-10,7229,1,6.00,6.38,,
100247,P,2001-01-15,8681,8,44.06,1.90,,
100248,P,2001-11-29,96882,8,47.83,0.50,,
100249,P,2002-07-24,70179,2,51.02,3.22,,
100250,P,2001-06-16,5483,5,2.41,2.94,,
100251,P,2002-01-24,46379,2,86.60,0.01,,
100252,P,2002-01-01,75859,5,22.28,4.08,,
100253,P,2002-04-30,43288,7,58.86,5.29,,
100254,P,2001-08-31,27978,6,66.69,0.11,,
100255,P,2000-05-19,36396,8,65.87,6.58,,
100256,P,2001-02-05,1805,7,63.84,2.59,,
100257,P,2001-08-25,41640,7,54.51,6.37,,
100258,P,2002-07-25,34164,7,76.50,3.87,,
100259,P,2002-09-01,69989,3,76.89,1.80,,
100260,P,2001-11-16,18988,5,18.76,7.61,,
100261,P,2001-05-05,91981,2,9.81,5.52,,
100262,P,2001-12-04,82585,8,67.22,3.83,,
100263,P,2000-09-22,40632,9,66.68,0.93,,
100264,P,2000-02-20,9276,8,91.67,8.97,,
100265,P,2002-04-05,67772,9,33.19,8.57,,
100266,P,2002-07-16,83941,9,25.68,9.80,,
100267,P,2002-07-06,2723,8,59.98,0.26,,
100268,P,2002-01-01,41939,10,97.84,6.41,,
100269,P,2001-10-11,97936,5,54.37,7.45,,
100270,P,2001-09-25,94150,9,63.80,1.72,,
100271,P,2000-03-06,37067,6,64.71,9.10,,
100272,P,2000-12-05,92761,6,25.97,9.84,,
100273,P,2001-02-13,6067,1,17.78,3.33,,
100274,P,2001-10-20,75774,5,35.46,2.13,,
100275,P,2000-04-26,828,10,64.85,5.49,,
100276,P,2000-11-12,52594,8,13.55,7.59,,
100277,P,2002-09-22,65713,1,56.82,0.98,,
100278,P,2001-07-17,17720,1,83.50,9.08,,
100279,P,2000-05-21,16758,8,80.24,9.38,,
100280,P,2002-07-26,21432,5,62.49,9.43,,
100281,P,2001-09-10,3487,7,62.40,6.50,,
100282,P,2001-01-28,53577,5,30.37,3.56,,
100283,P,2002-06-12,42250,3,2.02,0.85,,
100284,P,2001-09-15,98127,6,35.59,8.64,,
100285,P,2001-05-23,92034,1,61.14,0.47,,
100286,P,2002-02-16,87131,7,18.85,2.91,,
100287,P,2001-10-31,8563,2,54.91,7.99,,
100288,P,2000-09-29,1971,1,99.95,7.21,,
100289,P,2002-08-27,70036,4,36.01,3.30,,
100290,P,2001-02-19,42337,5,80.23,5.80,,
100291,P,2000-10-28,79183,3,46.23,5.42,,
100292,P,2000-01-11,60887,3,68.26,7.63,,
100293,P,2001-04-02,30982,2,31.49,5.52,,
100294,P,2002-07-02,76271,6,53.37,4.55,,
100295,P,2002-09-16,68631,2,14.94,2.25,,
100296,P,2001-02-08,45877,10,37.55,5.60,,
100297,P,2002-07-07,14965,10,66.80,9.24,,
100298,P,2001-01-24,16935,8,16.19,4.31,,
100299,P,2000-01-19,65764,4,85.73,2.82,,
100300,P,2001-10-08,19488,3,52.58,8.30,,
100301,P,2001-08-06,84533,4,64.30,1.33,,
100302,P,2000-01-30,37148,6,31.04,9.75,,
100303,P,2000-10-15,58501,8,64.95,4.08,,
100304,P,2002-05-22,78611,7,42.14,9.88,,
100305,P,2000-04-14,22872,9,84.21,1.24,,
100306,P,2002-02-18,39027,8,56.53,1.54,,
100307,P,2002-05-06,10879,5,86.42,6.37,,
100308,P,2001-05-30,95943,8,35.14,7.24,,
100309,P,2002-03-18,85032,6,64.71,2.22,,
100310,P,2000-07-18,10508,2,26.86,0.82,,
100311,P,2000-03-03,96153,1,70.46,1.24,,
100312,P,2000-06-19,63695,3,74.20,0.60,,
100313,P,2001-02-17,17792,7,15.68,7.50,,
100314,P,2001-07-30,43812,3,67.71,8.56,,
100315,P,2001-12-25,41645,4,86.33,7.94,,
100316,P,2001-05-05,7596,3,50.61,2.94,,
100317,P,2001-05-30,45421,8,51.48,9.68,,
100318,P,2000-09-13,19973,9,18.70,8.49,,
100319,P,2002-03-06,32339,5,60.05,2.53,,
100320,P,2002-07-29,82722,1,43.42,7.46,,
100321,P,2001-02-04,92718,10,63.12,3.29,,
100322,P,2001-10-31,73977,4,91.43,4.78,,
100323,P,2002-05-23,35832,1,40.05,6.00,,
100324,P,2000-12-08,1146,6,71.62,9.85,,
100325,P,2001-11-29,12568,5,34.42,0.43,,
100326,P,2001-09-28,95163,7,76.42,4.22,,
100327,P,2001-03-14,78194,5,11.11,9.13,,
100328,P,2001-08-06,31514,4,12.95,3.36,,
100329,P,2000-02-12,61117,10,55.05,7.10,,
100330,P,2001-01-30,28597,6,24.46,3.48,,
100331,P,2002-07-20,28568,3,96.07,8.25,,
100332,P,2002-02-09,81288,8,86.54,4.40,,
100333,P,2001-01-20,86262,2,69.01,3.54,,
100334,P,2002-01-22,8258,6,8.51,9.98,,
100335,P,2001-04-04,97395,7,71.61,3.30,,
100336,P,2000-04-17,63829,5,68.09,6.23,,
100337,P,2001-06-11,88879,8,22.68,3.44,,
100338,P,2000-04-09,29242,2,17.31,8.12,,
100339,P,2000-08-17,38982,9,69.42,4.64,,
100340,P,2001-07-18,69212,1,44.29,7.28,,
100341,P,2000-07-22,13686,6,45.12,0.57,,
100342,P,2001-08-23,32686,3,58.92,3.59,,
100343,P,2000-10-06,93403,10,40.31,3.75,,
100344,P,2001-03-08,43267,9,89.92,8.88,,
100345,P,2001-09-10,59695,4,90.58,7.03,,
100346,P,2002-06-08,66128,6,31.46,0.55,,
100347,P,2000-08-08,4174,1,48.54,2.02,,
100348,P,2000-10-27,43286,5,83.64,7.34,,
100349,P,2002-04-01,47165,8,52.55,3.20,,
100350,P,2002-05-20,46653,4,32.30,1.61,,
100351,P,2002-04-25,86871,2,11.94,3.38,,
100352,P,2000-06-01,14732,8,34.36,6.71,,
100353,P,2001-12-15,30415,6,39.07,0.15,,
100354,P,2002-06-14,45562,7,53.81,8.18,,
100355,P,2000-06-22,60788,7,80.70,4.20,,
100356,P,2002-09-23,5044,9,77.68,1.00,,
100357,P,2000-10-06,1285,4,54.83,9.60,,
100358,P,2001-10-17,9020,6,62.17,9.89,,
100359,P,2002-03-31,24904,6,64.05,5.74,,
100360,P,2002-03-27,1237,10,90.34,4.69,,
100361,P,2000-09-08,5453,2,77.99,4.55,,
100362,P,2001-02-01,58948,3,70.51,4.48,,
100363,P,2002-08-12,17736,6,35.41,5.99,,
100364,P,2000-03-22,52142,8,45.17,8.17,,
100365,P,2000-06-08,84293,5,4.12,1.96,,
100366,P,2001-08-31,25300,8,16.92,5.70,,
100367,P,2001-03-30,83978,9,30.33,7.05,,
100368,P,2002-09-04,84039,5,78.52,3.62,,
100369,P,2000-07-26,43773,1,32.81,5.48,,
100370,P,2002-04-02,33304,9,12.75,0.98,,
100371,P,2000-05-12,44808,1,85.29,7.46,,
100372,P,2000-05-12,2767,7,80.68,0.87,,
100373,P,2000-03-02,990,6,55.05,7.62,,
100374,P,2000-10-16,17161,9,78.84,3.37,,
100375,P,2002-03-07,70140,4,11.36,6.76,,
100376,P,2000-04-14,46902,6,75.53,3.09,,
100377,P,2000-03-30,67141,4,31.79,5.68,,
100378,P,2002-02-19,41545,3,64.36,4.13,,
100379,P,2001-04-19,42783,9,91.36,8.88,,
100380,P,2001-11-15,7780,7,59.80,6.14,,
100381,P,2001-08-10,78524,4,24.99,2.83,,
100382,P,2001-09-21,97183,4,7.38,3.56,,
100383,P,2002-03-04,90239,1,22.35,2.04,,
100384,P,2002-07-12,75255,4,72.72,2.76,,
100385,P,2000-06-16,85641,3,36.98,5.21,,
100386,P,2000-02-28,74019,7,46.53,6.43,,
100387,P,2001-09-20,40330,7,32.61,0.71,,
100388,P,2001-06-26,15489,1,11.09,0.41,,
100389,P,2000-01-21,81660,10,35.38,7.16,,
100390,P,2001-10-14,80975,8,36.56,6.85,,
100391,P,2002-05-15,86528,1,69.39,4.84,,
100392,P,2000-07-05,11195,1,82.80,1.36,,
100393,P,2001-03-29,59977,1,26.02,8.10,,
100394,P,2000-04-17,46076,5,98.19,0.76,,
100395,P,2002-05-05,22334,4,60.28,4.23,,
100396,P,2000-04-10,19671,2,49.75,6.09,,
100397,P,2001-01-16,38152,5,86.64,1.77,,
100398,P,2000-05-17,96370,2,74.06,7.37,,
100399,P,2000-04-14,95330,9,77.60,2.85,,
100400,P,2000-07-06,15458,9,86.37,4.76,,
100401,P,2000-01-17,60141,8,23.68,6.08,,
100402,P,2000-04-11,75799,3,57.05,5.03,,
100403,P,2000-11-24,47391,1,41.34,3.83,,
100404,P,2002-04-26,60582,9,78.23,7.99,,
100405,P,2002-03-22,57412,3,45.09,5.30,,
100406,P,2001-08-26,91347,8,14.03,8.23,,
100407,P,2001-02-02,26889,3,1.39,4.88,,
100408,P,2001-12-23,68987,4,50.45,1.60,,
100409,P,2001-03-01,36519,9,64.33,1.08,,
100410,P,2001-10-12,33649,2,88.63,7.54,,
100411,P,2002-07-31,77687,8,11.57,6.58,,
100412,P,2002-06-05,26267,9,63.20,3.41,,
100413,P,2001-09-28,64855,4,44.19,6.08,,
100414,P,2002-01-03,43583,7,52.90,8.84,,
100415,P,2000-01-11,89581,10,2.57,7.74,,
100416,P,2001-01-16,44630,2,38.41,3.22,,
100417,P,2000-07-01,87779,2,8.38,3.69,,
100418,P,2002-04-02,62843,7,40.48,6.31,,
100419,P,2001-11-28,55185,9,50.19,4.75,,
100420,P,2001-01-12,29445,4,86.86,3.20,,
100421,P,2001-08-18,76051,8,29.20,1.74,,
100422,P,2000-07-17,22384,2,46.21,6.00,,
100423,P,2002-06-09,7876,4,92.47,9.41,,
100424,P,2001-05-26,43294,9,22.10,8.95,,
100425,P,2000-05-29,36865,4,93.17,9.99,,
100426,P,2001-06-19,97166,8,72.30,4.43,,
100427,P,2002-01-31,83972,1,81.97,9.66,,
100428,P,2001-06-13,3482,10,57.56,8.87,,
100429,P,2000-04-26,17731,6,67.92,0.80,,
100430,P,2002-09-10,39248,4,31.27,6.30,,
100431,P,2000-11-02,54012,1,11.69,6.87,,
100432,P,2001-01-16,13688,2,76.36,9.50,,
100433,P,2001-12-23,26964,6,38.68,3.95,,
100434,P,2002-01-02,66018,6,0.35,2.63,,
100435,P,2002-06-07,38029,5,8.20,0.31,,
100436,P,2002-06-28,47974,9,15.08,0.47,,
100437,P,2002-01-28,63138,1,88.90,4.91,,
100438,P,2002-06-26,91658,5,85.87,3.89,,
100439,P,2000-04-17,71886,3,19.75,1.89,,
100440,P,2002-01-12,4837,6,33.22,4.03,,
100441,P,2001-12-04,19783,3,24.83,4.92,,
100442,P,2000-10-29,91425,6,51.63,9.64,,
100443,P,2000-08-07,91220,3,98.11,9.06,,
100444,P,2001-08-06,89697,4,13.35,6.59,,
100445,P,2000-03-08,96211,10,8.51,8.10,,
100446,P,2002-08-24,32924,1,2.43,3.69,,
100447,P,2002-02-13,47015,3,86.59,3.97,,
100448,P,2000-02-23,81317,7,81.06,0.37,,
100449,P,2001-05-19,7087,7,45.07,4.62,,
100450,P,2002-04-09,92695,6,78.43,3.13,,
100451,P,2000-03-04,99309,7,83.47,8.40,,
100452,P,2000-10-31,86231,2,13.85,9.40,,
100453,P,2002-07-31,32290,4,9.88,8.19,,
100454,P,2000-06-11,30986,3,94.20,5.48,,
100455,P,2002-08-09,60876,5,47.76,2.96,,
100456,P,2002-07-29,15857,8,83.67,3.20,,
100457,P,2002-02-18,97537,10,66.72,1.04,,
100458,P,2001-05-24,34216,8,28.33,6.36,,
100459,P,2000-05-28,62779,8,61.17,8.92,,
100460,P,2002-07-29,26894,2,14.07,9.97,,
100461,P,2001-09-23,6502,6,3.40,2.27,,
100462,P,2000-03-10,29089,5,97.38,0.01,,
100463,P,2000-03-11,75980,6,66.75,1.26,,
100464,P,2001-02-28,25353,8,94.71,3.94,,
100465,P,2002-02-20,48907,5,31.64,0.03,,
100466,P,2000-12-20,23061,4,44.01,8.06,,
100467,P,2001-08-14,61045,2,0.25,4.98,,
100468,P,2000-11-17,24316,4,0.74,6.77,,
100469,P,2000-12-10,13868,10,65.13,8.24,,
100470,P,2000-02-25,31459,8,96.02,7.85,,
100471,P,2001-11-05,20986,1,91.22,9.55,,
100472,P,2000-08-06,71245,1,55.72,3.76,,
100473,P,2000-07-15,2887,3,88.74,6.82,,
100474,P,2000-11-18,68143,10,6.91,9.27,,
100475,P,2001-11-24,77900,10,87.51,0.87,,
100476,P,2000-02-25,17428,5,54.69,2.17,,
100477,P,2002-01-15,80318,4,57.38,2.14,,
100478,P,2001-04-13,7645,1,82.63,5.03,,
100479,P,2000-12-21,17998,8,40.90,4.45,,
100480,P,2002-08-15,24939,4,64.09,7.19,,
100481,P,2000-12-07,88279,3,33.58,9.47,,
100482,P,2001-05-08,42590,4,55.10,3.96,,
100483,P,2002-06-18,35731,5,29.32,7.39,,
100484,P,2001-05-22,4342,3,14.77,6.41,,
100485,P,2000-04-20,78891,8,39.77,6.61,,
100486,P,2000-12-01,47821,1,93.42,6.57,,
100487,P,2002-01-01,26888,2,62.03,9.52,,
100488,P,2002-06-20,26557,5,89.42,7.44,,
100489,P,2001-08-20,97767,1,37.13,4.37,,
100490,P,2002-05-08,13156,10,61.25,0.90,,
100491,P,2001-02-15,60505,5,75.15,0.33,,
100492,P,2001-06-29,60545,9,73.09,0.59,,
100493,P,2001-10-31,87397,7,97.76,6.45,,
100494,P,2001-04-05,36664,8,46.66,1.74,,
100495,P,2000-02-15,10501,3,80.80,8.88,,
100496,P,2000-10-31,74907,2,58.24,2.12,,
100497,P,2000-08-10,32227,8,96.48,8.38,,
100498,P,2002-07-05,38478,2,79.37,9.19,,
100499,P,2002-05-01,33599,5,8.70,5.88,,
100500,P,2000-10-07,77043,10,78.28,6.50,,
100501,P,2000-12-20,34269,2,22.27,4.25,,
100502,P,2002-01-21,62287,5,52.13,2.26,,
100503,P,2001-11-02,23534,6,86.40,9.43,,
100504,P,2002-03-01,76405,10,53.30,9.66,,
100505,P,2000-09-03,42137,9,34.73,7.65,,
100506,P,2000-09-16,97933,10,39.02,7.44,,
100507,P,2001-11-11,59430,4,46.70,9.73,,
100508,P,2001-07-08,92868,4,90.43,1.00,,
100509,P,2001-03-29,49415,10,75.39,2.00,,
100510,P,2002-08-18,2067,6,99.58,4.89,,
100511,P,2000-11-28,29194,3,11.28,8.04,,
100512,P,2000-05-01,93376,10,24.54,0.69,,
100513,P,2002-06-15,45483,7,81.95,0.95,,
100514,P,2000-05-24,54815,10,0.10,5.46,,
100515,P,2000-12-27,3361,10,29.59,4.14,,
100516,P,2000-11-07,74281,4,54.66,6.29,,
100517,P,2000-11-14,9589,6,26.22,4.99,,
100518,P,2002-05-25,97856,10,55.88,5.78,,
100519,P,2000-03-05,12076,7,99.95,9.94,,
100520,P,2001-11-03,60812,9,49.51,6.61,,
100521,P,2000-04-23,5917,5,31.12,1.31,,
100522,P,2002-08-23,34135,4,41.24,5.31,,
100523,P,2002-06-13,362,8,34.94,7.29,,
100524,P,2000-08-14,77374,5,21.24,0.39,,
100525,P,2001-12-25,82838,8,44.96,4.68,,
100526,P,2002-08-31,27684,3,65.69,3.13,,
100527,P,2002-09-22,23411,1,74.66,6.29,,
100528,P,2002-02-04,91273,4,63.31,7.55,,
100529,P,2001-01-03,15210,5,7.13,1.56,,
100530,P,2001-01-26,86262,3,60.27,5.48,,
100531,P,2002-02-26,6070,7,18.99,2.31,,
100532,P,2001-11-18,91119,7,86.57,0.37,,
100533,P,2000-08-30,74904,9,87.96,6.82,,
100534,P,2001-11-23,44811,7,88.65,8.68,,
100535,P,2000-04-20,2750,9,1.20,5.78,,
100536,P,2000-04-08,15953,5,33.24,4.54,,
100537,P,2001-05-23,18045,9,29.13,5.50,,
100538,P,2001-04-19,12199,4,68.61,8.51,,
100539,P,2000-06-01,90890,8,18.73,5.55,,
100540,P,2001-08-12,19268,9,79.48,8.08,,
100541,P,2002-06-19,44783,3,96.23,5.58,,
100542,P,2000-11-26,99271,9,56.53,4.64,,
100543,P,2001-01-11,36991,9,75.55,6.15,,
100544,P,2002-09-27,44776,9,43.51,1.11,,
100545,P,2002-07-31,13979,7,44.26,2.68,,
100546,P,2000-04-22,31312,7,56.36,7.94,,
100547,P,2001-10-10,40867,7,58.54,7.29,,
100548,P,2000-03-07,41389,4,33.68,8.23,,
100549,P,2000-12-15,8279,7,7.07,9.95,,
100550,P,2001-12-17,37100,9,48.71,8.59,,
100551,P,2000-05-12,74575,2,86.42,2.92,,
100552,P,2002-07-27,26770,5,32.68,8.73,,
100553,P,2001-06-13,26957,7,54.55,9.51,,
100554,P,2002-06-28,8905,6,20.28,6.60,,
100555,P,2000-04-14,38678,3,62.85,1.03,,
100556,P,2001-09-11,45495,3,72.98,8.70,,
100557,P,2002-02-26,9958,8,80.24,0.74,,
100558,P,2002-07-07,87602,6,78.91,0.05,,
100559,P,2002-06-01,68408,6,30.00,8.74,,
100560,P,2002-05-22,26798,7,62.41,9.83,,
100561,P,2001-09-07,48886,1,64.02,5.65,,
100562,P,2002-02-20,74765,7,41.92,0.69,,
100563,P,2001-08-04,83383,1,86.74,1.24,,
100564,P,2000-07-01,60773,9,48.65,2.05,,
100565,P,2002-07-04,83492,8,6.32,4.00,,
100566,P,2001-06-16,5701,6,96.99,2.41,,
100567,P,2001-01-07,89766,2,35.03,1.78,,
100568,P,2001-02-10,52569,7,70.40,7.06,,
100569,P,2001-01-31,65417,5,42.68,5.74,,
100570,P,2002-02-16,14820,4,36.00,9.97,,
100571,P,2002-05-19,62105,9,86.25,7.28,,
100572,P,2000-04-03,40472,3,65.85,1.88,,
100573,P,2002-02-04,10207,9,22.77,5.66,,
100574,P,2002-05-16,86311,3,87.32,3.35,,
100575,P,2000-12-12,10023,9,52.26,8.49,,
100576,P,2001-04-24,60500,7,66.18,9.97,,
100577,P,2001-10-03,62843,10,65.74,9.09,,
100578,P,2001-11-05,90092,5,4.61,1.72,,
100579,P,2001-04-23,54068,5,46.14,0.17,,
100580,P,2002-07-24,4957,2,3.78,4.40,,
100581,P,2000-04-06,15624,7,84.27,0.48,,
100582,P,2001-04-27,94021,10,75.75,8.06,,
100583,P,2002-06-30,14392,5,96.57,4.94,,
100584,P,2001-06-06,6777,4,51.92,1.41,,
100585,P,2001-11-20,19560,5,5.19,9.79,,
100586,P,2001-11-30,91030,4,9.47,4.90,,
100587,P,2001-09-17,70603,5,81.52,1.62,,
100588,P,2001-07-18,20129,8,86.32,3.42,,
100589,P,2002-08-21,73639,6,60.61,3.10,,
100590,P,2001-10-01,69695,3,47.61,3.11,,
100591,P,2001-07-21,67067,1,24.30,0.38,,
100592,P,2000-07-16,18210,1,28.71,1.83,,
100593,P,2002-02-23,8164,9,82.20,7.23,,
100594,P,2002-02-19,44393,8,71.82,3.60,,
100595,P,2002-08-30,52223,5,17.96,6.57,,
100596,P,2001-12-09,34779,3,63.08,7.81,,
100597,P,2000-05-18,65331,5,10.34,4.72,,
100598,P,2000-10-14,3189,4,75.40,6.97,,
100599,P,2000-04-06,75793,6,0.99,4.36,,
100600,P,2002-06-26,61443,5,1.83,6.96,,
100601,P,2001-12-17,47491,5,8.42,2.82,,
100602,P,2000-07-15,28065,5,91.89,4.78,,
100603,P,2000-04-07,93677,5,1.16,9.46,,
100604,P,2000-02-10,26187,3,87.31,6.41,,
100605,P,2001-10-24,67508,2,41.86,4.50,,
100606,P,2000-06-18,38253,3,73.82,4.16,,
100607,P,2000-01-08,78647,4,79.80,7.86,,
100608,P,2000-06-25,67744,4,27.78,4.37,,
100609,P,2000-08-28,73195,1,44.18,4.66,,
100610,P,2002-02-01,47366,4,11.53,4.21,,
100611,P,2001-05-09,29146,4,87.23,0.43,,
100612,P,2000-06-22,13028,10,23.07,5.45,,
100613,P,2000-08-15,34438,2,18.56,5.22,,
100614,P,2001-10-19,60427,3,20.79,0.07,,
100615,P,2000-01-17,68166,9,24.87,3.05,,
100616,P,2002-01-11,61733,5,71.64,9.35,,
100617,P,2000-05-27,37578,2,69.37,3.19,,
100618,P,2001-04-14,98482,7,47.19,0.94,,
100619,P,2000-08-07,93716,4,32.95,3.96,,
100620,P,2002-04-09,47354,6,11.51,8.98,,
100621,P,2001-01-31,13453,8,6.70,6.31,,
100622,P,2002-01-25,45059,4,53.56,3.68,,
100623,P,2002-08-03,3417,3,75.64,0.06,,
100624,P,2001-02-12,9144,10,91.60,6.22,,
100625,P,2002-06-09,11192,6,72.75,9.65,,
100626,P,2002-09-19,86975,1,72.05,8.53,,
100627,P,2001-03-07,2950,9,38.56,8.65,,
100628,P,2002-03-17,19017,3,3.99,3.25,,
100629,P,2001-07-07,15328,1,48.05,8.72,,
100630,P,2000-03-20,61663,2,90.78,7.23,,
100631,P,2000-02-26,71187,2,56.33,1.95,,
100632,P,2001-12-25,12592,3,53.41,3.57,,
100633,P,2000-06-19,86734,1,58.34,3.94,,
100634,P,2002-08-19,75934,7,63.54,9.95,,
100635,P,2000-09-06,94190,3,86.04,9.27,,
100636,P,2001-05-07,80891,5,29.30,6.59,,
100637,P,2001-08-10,16898,9,10.14,4.89,,
100638,P,2002-03-31,29160,4,96.96,4.25,,
100639,P,2000-11-25,19652,8,79.00,2.15,,
100640,P,2001-01-05,24299,5,23.84,8.65,,
100641,P,2001-05-19,21092,2,6.82,5.88,,
100642,P,2000-12-28,37995,2,45.54,4.22,,
100643,P,2000-07-27,30124,6,15.61,4.80,,
100644,P,2000-10-14,91985,8,75.19,3.55,,
100645,P,2001-02-18,19160,7,93.30,7.32,,
100646,P,2002-02-20,22838,7,62.24,9.16,,
100647,P,2000-10-16,42485,8,5.00,7.10,,
100648,P,2000-03-04,22460,3,47.12,1.68,,
100649,P,2002-01-24,9779,7,73.87,3.11,,
100650,P,2000-02-07,41616,8,23.05,3.77,,
100651,P,2000-01-18,98420,2,94.34,4.57,,
100652,P,2002-07-27,86573,9,20.37,5.95,,
100653,P,2000-08-15,25621,9,47.62,7.37,,
100654,P,2000-04-05,38070,3,25.79,3.96,,
100655,P,2000-03-12,34131,6,25.46,4.10,,
100656,P,2002-02-01,61281,8,71.72,0.48,,
100657,P,2001-06-22,31858,1,23.94,2.96,,
100658,P,2001-01-02,45218,2,91.56,4.53,,
100659,P,2001-07-17,75794,1,29.51,8.19,,
100660,P,2001-01-22,70386,2,76.04,8.63,,
100661,P,2000-12-29,49520,8,7.45,0.60,,
100662,P,2001-11-14,8973,1,48.28,1.89,,
100663,P,2001-09-17,35447,9,94.68,0.52,,
100664,P,2000-12-18,8944,9,4.47,3.07,,
100665,P,2000-12-24,80597,4,1.90,7.42,,
100666,P,2000-11-10,23105,10,72.37,1.34,,
100667,P,2002-06-11,38736,9,57.40,8.70,,
100668,P,2000-12-27,33431,6,57.92,8.74,,
100669,P,2000-09-28,7906,2,89.70,1.45,,
100670,P,2000-05-12,19375,9,41.52,8.70,,
100671,P,2001-12-05,73916,4,97.57,8.36,,
100672,P,2002-03-24,64236,10,54.42,6.15,,
100673,P,2001-04-13,2915,5,79.47,1.34,,
100674,P,2000-03-13,44908,1,53.71,8.23,,
100675,P,2000-02-02,83352,7,18.27,6.42,,
100676,P,2001-08-07,61994,6,22.84,2.84,,
100677,P,2000-02-26,57888,5,40.56,0.61,,
100678,P,2000-02-25,93151,7,48.48,9.76,,
100679,P,2001-06-25,74512,7,53.48,0.05,,
100680,P,2000-05-31,36443,8,49.12,4.88,,
100681,P,2000-06-16,2489,10,88.63,3.93,,
100682,P,2001-11-23,39646,4,22.12,8.31,,
100683,P,2002-05-31,61250,8,76.69,6.04,,
100684,P,2001-01-11,45144,6,83.83,0.80,,
100685,P,2000-02-15,82957,9,57.75,2.27,,
100686,P,2000-06-14,29909,6,87.14,2.35,,
100687,P,2000-11-13,35025,7,23.65,9.84,,
100688,P,2000-11-25,2150,6,20.09,7.62,,
100689,P,2001-06-19,10994,1,46.29,4.74,,
100690,P,2000-11-06,33589,1,44.98,9.34,,
100691,P,2000-07-17,32174,10,63.84,0.08,,
100692,P,2001-11-18,18804,8,60.10,5.18,,
100693,P,2002-07-13,41993,9,46.38,0.98,,
100694,P,2001-08-05,22508,7,72.18,6.48,,
100695,P,2002-08-26,24998,1,76.88,0.85,,
100696,P,2000-08-08,63391,2,83.51,5.22,,
100697,P,2002-09-13,20756,3,49.53,2.54,,
100698,P,2000-11-02,44715,1,36.89,0.66,,
100699,P,2000-11-01,3933,8,90.04,7.56,,
100700,P,2000-11-17,1285,7,77.28,5.59,,
100701,P,2002-01-17,83791,3,90.89,6.40,,
100702,P,2001-06-10,45213,9,88.70,2.65,,
100703,P,2001-10-31,71184,6,87.47,7.61,,
100704,P,2001-07-20,27388,8,41.39,5.20,,
100705,P,2001-04-24,17217,8,59.54,7.27,,
100706,P,2001-01-13,99480,5,39.30,4.30,,
100707,P,2000-08-04,36596,5,14.98,7.70,,
100708,P,2002-08-24,76463,3,76.86,0.38,,
100709,P,2001-07-04,6121,6,88.49,0.49,,
100710,P,2002-09-26,38538,1,44.05,6.90,,
100711,P,2000-08-29,35571,3,52.90,5.36,,
100712,P,2000-08-05,82305,3,25.11,8.35,,
100713,P,2000-01-02,84032,7,61.16,6.25,,
100714,P,2001-10-27,14000,10,93.06,6.78,,
100715,P,2002-09-12,28162,10,1.00,3.38,,
100716,P,2001-03-25,80732,8,55.51,7.45,,
100717,P,2002-08-19,70143,8,48.67,1.37,,
100718,P,2002-08-14,25242,7,86.58,9.70,,
100719,P,2001-12-09,2943,7,81.47,4.64,,
100720,P,2002-09-03,22228,10,8.16,7.55,,
100721,P,2000-06-19,46707,4,36.14,0.65,,
100722,P,2002-08-14,76668,3,40.53,8.22,,
100723,P,2000-07-28,33709,1,38.68,8.11,,
100724,P,2002-01-20,5864,7,20.23,0.96,,
100725,P,2001-06-10,53266,5,54.62,3.20,,
100726,P,2000-03-25,54291,2,24.61,6.24,,
100727,P,2002-09-05,10858,1,68.43,9.12,,
100728,P,2001-01-08,88731,4,51.47,0.70,,
100729,P,2001-07-09,80509,7,73.00,2.59,,
100730,P,2002-07-30,76575,7,92.93,8.00,,
100731,P,2001-04-01,72670,7,43.52,3.51,,
100732,P,2002-01-24,17185,9,0.88,1.16,,
100733,P,2002-05-29,62544,3,61.79,3.92,,
100734,P,2002-06-29,43037,7,14.23,5.90,,
100735,P,2000-01-17,8568,5,11.74,3.90,,
100736,P,2002-01-20,1982,6,41.63,0.69,,
100737,P,2000-06-10,89780,9,19.47,7.15,,
100738,P,2001-04-15,62665,7,89.79,7.01,,
100739,P,2000-07-28,28424,4,96.82,6.04,,
100740,P,2002-09-14,34755,9,40.86,6.20,,
100741,P,2001-02-05,46922,9,13.48,7.26,,
100742,P,2001-04-14,72970,5,58.36,2.80,,
100743,P,2002-08-21,81111,2,68.74,8.19,,
100744,P,2001-06-21,48325,6,53.55,2.73,,
100745,P,2001-03-06,23397,8,44.28,0.50,,
100746,P,2000-09-21,57745,1,11.07,9.44,,
100747,P,2001-02-05,18999,7,19.34,6.20,,
100748,P,2000-08-18,61363,9,43.69,6.67,,
100749,P,2002-08-07,56359,6,7.84,8.22,,
100750,P,2002-02-27,11244,10,27.86,5.91,,
100751,P,2001-01-27,36503,10,40.68,9.82,,
100752,P,2000-02-20,64622,8,21.58,4.07,,
100753,P,2000-07-08,5745,10,98.95,8.43,,
100754,P,2002-06-12,78824,6,97.52,4.91,,
100755,P,2002-03-17,8414,1,76.93,4.32,,
100756,P,2002-07-05,44900,4,3.01,9.64,,
100757,P,2002-01-28,19210,2,80.14,0.78,,
100758,P,2000-02-17,64070,4,89.35,0.76,,
100759,P,2002-04-18,7216,9,0.21,6.82,,
100760,P,2001-06-10,71569,6,7.99,5.00,,
100761,P,2002-01-21,66998,5,59.97,2.04,,
100762,P,2000-04-20,61281,7,49.43,6.27,,
100763,P,2002-07-05,98041,5,49.03,8.31,,
100764,P,2000-06-16,16657,1,54.18,4.40,,
100765,P,2000-10-20,87663,9,59.07,6.49,,
100766,P,2002-04-16,93363,2,17.22,1.96,,
100767,P,2002-08-30,13775,5,84.53,5.64,,
100768,P,2002-01-27,70256,5,81.43,4.19,,
100769,P,2002-08-04,47798,4,45.98,9.11,,
100770,P,2000-09-04,22801,4,36.95,1.85,,
100771,P,2000-03-12,84438,4,40.93,4.86,,
100772,P,2002-02-09,73426,3,64.69,8.78,,
100773,P,2000-04-02,72446,10,50.96,9.37,,
100774,P,2002-01-11,16220,10,48.99,4.72,,
100775,P,2002-03-30,52507,4,15.52,5.06,,
100776,P,2002-03-22,52091,3,18.78,1.36,,
100777,P,2001-09-14,45410,5,84.58,7.54,,
100778,P,2001-07-07,30538,8,72.70,4.14,,
100779,P,2001-08-10,71514,8,60.99,6.05,,
100780,P,2002-03-28,54849,8,76.91,9.78,,
100781,P,2000-07-21,23365,10,84.49,3.12,,
100782,P,2001-11-11,32010,1,75.94,7.00,,
100783,P,2000-02-24,80708,2,27.93,9.47,,
100784,P,2002-03-28,70633,8,59.77,7.56,,
100785,P,2001-07-01,89798,2,69.68,5.17,,
100786,P,2002-01-30,4275,9,66.78,0.24,,
100787,P,2000-04-13,11780,7,35.74,5.33,,
100788,P,2000-03-17,19748,4,95.16,9.45,,
100789,P,2000-05-14,73018,2,2.48,7.32,,
100790,P,2002-02-11,26716,6,13.76,8.55,,
100791,P,2001-05-21,47014,8,10.96,0.59,,
100792,P,2001-12-06,58128,5,61.59,3.67,,
100793,P,2001-08-19,4354,9,83.29,8.51,,
100794,P,2000-08-10,55513,3,48.88,6.50,,
100795,P,2001-02-05,92584,10,69.63,7.11,,
100796,P,2001-10-23,96525,9,43.16,3.31,,
100797,P,2001-10-20,95695,10,66.18,4.62,,
100798,P,2001-05-03,30102,5,69.60,6.20,,
100799,P,2001-07-04,10110,3,41.91,0.81,,
100800,P,2000-01-08,28862,7,0.37,1.20,,
100801,P,2002-07-09,6497,5,71.39,7.26,,
100802,P,2001-12-31,8174,5,71.91,4.14,,
100803,P,2001-02-04,40206,6,92.38,8.88,,
100804,P,2001-09-13,40414,3,7.69,3.97,,
100805,P,2001-07-01,66033,8,71.98,7.42,,
100806,P,2002-08-19,94194,7,13.97,8.73,,
100807,P,2001-09-07,12558,1,3.14,1.06,,
100808,P,2001-10-17,39791,7,16.93,8.77,,
100809,P,2000-12-29,63675,4,84.63,5.37,,
100810,P,2002-08-08,61812,1,28.83,0.57,,
100811,P,2001-10-22,69755,3,32.78,4.84,,
100812,P,2000-10-30,21027,1,83.00,5.84,,
100813,P,2001-10-03,43294,7,47.45,8.16,,
100814,P,2000-10-08,69138,5,73.99,3.90,,
100815,P,2001-09-08,44761,9,21.35,8.09,,
100816,P,2002-08-17,83638,8,58.08,3.33,,
100817,P,2000-10-11,32767,10,84.85,2.24,,
100818,P,2001-04-15,50054,3,31.47,6.09,,
100819,P,2000-01-09,99411,7,25.46,6.46,,
100820,P,2002-06-18,21328,9,48.67,6.13,,
100821,P,2002-03-02,93966,5,1.70,4.67,,
100822,P,2001-07-06,30880,3,37.47,7.61,,
100823,P,2001-05-23,45408,4,8.83,0.79,,
100824,P,2001-02-14,58925,6,40.36,9.44,,
100825,P,2000-01-21,78217,6,74.87,9.93,,
100826,P,2002-04-09,84741,1,11.14,2.49,,
100827,P,2000-12-18,16694,7,84.28,8.50,,
100828,P,2000-09-17,58273,9,73.08,7.54,,
100829,P,2002-09-24,26346,3,57.02,8.75,,
100830,P,2001-06-21,66112,4,76.87,1.43,,
100831,P,2000-01-07,64962,1,92.02,8.13,,
100832,P,2000-02-29,4,5,70.66,0.11,,
100833,P,2001-01-03,63699,1,26.04,0.18,,
100834,P,2000-06-07,85092,3,22.33,4.44,,
100835,P,2000-02-08,5832,1,5.18,2.22,,
100836,P,2002-05-19,4142,2,90.19,2.47,,
100837,P,2000-10-17,72512,6,52.05,0.32,,
100838,P,2002-06-16,56761,9,10.06,8.66,,
100839,P,2001-04-23,50150,7,89.22,2.00,,
100840,P,2000-05-03,3487,1,13.30,0.41,,
100841,P,2001-01-17,82576,8,58.35,1.91,,
100842,P,2000-07-14,531,6,67.46,9.33,,
100843,P,2002-07-11,38077,6,67.01,9.97,,
100844,P,2001-07-31,25073,7,47.11,7.95,,
100845,P,2000-02-25,15589,3,31.67,2.47,,
100846,P,2002-01-11,48033,7,50.83,7.83,,
100847,P,2000-08-27,96597,10,80.37,4.76,,
100848,P,2002-08-09,15067,10,52.87,4.75,,
100849,P,2002-03-11,45639,3,93.01,1.63,,
100850,P,2000-08-11,58357,7,80.35,7.98,,
100851,P,2002-05-20,23042,7,56.02,9.81,,
100852,P,2000-12-05,90929,4,34.91,4.58,,
100853,P,2000-03-09,28204,1,81.62,5.57,,
100854,P,2000-05-30,56188,4,38.15,5.06,,
100855,P,2002-01-27,37478,9,38.35,6.03,,
100856,P,2002-08-04,56721,2,3.05,8.73,,
100857,P,2001-09-16,67543,9,49.18,5.23,,
100858,P,2000-08-23,7739,7,24.62,3.19,,
100859,P,2001-06-17,71637,6,87.46,4.08,,
100860,P,2000-10-23,99411,10,25.54,9.97,,
100861,P,2000-11-19,45530,8,67.98,3.32,,
100862,P,2001-09-09,40093,3,20.26,3.32,,
100863,P,2002-09-10,81998,10,95.06,2.06,,
100864,P,2000-01-25,17743,2,32.53,3.09,,
100865,P,2002-07-04,83670,7,84.08,4.20,,
100866,P,2001-07-22,17824,6,72.94,2.77,,
100867,P,2000-01-30,37607,9,11.73,5.61,,
100868,P,2000-11-01,82201,9,56.83,3.16,,
100869,P,2002-03-19,57374,8,53.02,4.58,,
100870,P,2002-08-03,29363,8,56.69,6.16,,
100871,P,2001-01-28,29814,6,14.72,4.57,,
100872,P,2000-12-11,17935,4,90.44,0.81,,
100873,P,2002-06-08,16764,9,67.89,4.32,,
100874,P,2001-10-04,57890,5,31.97,6.40,,
100875,P,2001-04-10,28164,8,9.79,4.17,,
100876,P,2000-01-25,12649,7,9.45,6.80,,
100877,P,2000-08-16,11971,1,1.64,1.47,,
100878,P,2000-09-19,56264,8,95.31,7.07,,
100879,P,2000-08-13,65831,7,54.88,7.72,,
100880,P,2001-07-25,25917,5,71.39,6.85,,
100881,P,2000-08-25,40265,7,66.56,5.71,,
100882,P,2000-07-08,10067,1,61.06,9.23,,
100883,P,2000-10-08,17954,3,69.46,2.85,,
100884,P,2002-02-02,58983,8,56.53,0.24,,
100885,P,2000-11-23,88193,7,9.33,8.68,,
100886,P,2001-06-12,79749,7,53.76,0.06,,
100887,P,2002-08-03,85113,8,99.67,1.87,,
100888,P,2001-02-03,21338,8,19.50,0.02,,
100889,P,2000-08-06,92736,10,44.67,6.11,,
100890,P,2000-10-10,39606,6,68.44,4.24,,
100891,P,2000-08-09,46222,2,91.91,7.89,,
100892,P,2000-02-08,11334,9,46.71,3.18,,
100893,P,2001-08-14,57940,2,28.97,9.92,,
100894,P,2001-06-29,50780,2,7.47,7.64,,
100895,P,2001-08-16,31889,5,7.00,1.44,,
100896,P,2001-10-25,74393,3,79.26,8.52,,
100897,P,2000-09-22,38605,4,68.01,9.72,,
100898,P,2001-11-09,35629,10,20.56,7.64,,
100899,P,2000-05-24,91475,3,2.14,0.12,,
100900,P,2000-05-27,41185,8,28.93,9.26,,
100901,P,2000-12-22,98016,5,86.58,6.45,,
100902,P,2002-02-02,47208,5,83.87,9.71,,
100903,P,2001-04-18,92604,6,40.42,9.27,,
100904,P,2002-05-24,79625,1,13.40,9.01,,
100905,P,2002-04-17,76881,6,13.23,0.02,,
100906,P,2002-05-29,50768,8,27.53,9.79,,
100907,P,2002-03-17,40525,5,53.57,9.80,,
100908,P,2000-07-18,34134,3,73.69,6.97,,
100909,P,2001-05-10,13834,3,34.05,0.44,,
100910,P,2001-04-19,57393,3,13.67,7.08,,
100911,P,2000-12-30,4197,5,11.40,3.53,,
100912,P,2002-03-02,18394,9,69.12,0.33,,
100913,P,2002-05-21,92490,9,47.26,4.00,,
100914,P,2001-03-23,48085,6,31.56,3.20,,
100915,P,2002-07-10,1737,5,50.99,6.04,,
100916,P,2000-03-20,96807,4,67.29,5.03,,
100917,P,2000-07-29,16591,7,55.71,9.98,,
100918,P,2002-09-27,24587,10,11.15,0.75,,
100919,P,2002-06-24,15671,6,30.09,4.34,,
100920,P,2000-12-07,63567,5,15.43,1.89,,
100921,P,2000-10-02,42790,10,91.73,6.06,,
100922,P,2000-12-15,73222,5,87.74,8.07,,
100923,P,2002-08-29,45841,2,9.46,1.20,,
100924,P,2001-02-11,89806,9,58.90,6.23,,
100925,P,2000-06-19,55453,7,32.67,3.16,,
100926,P,2002-03-01,86384,6,71.00,1.95,,
100927,P,2000-11-09,25674,3,67.07,4.95,,
100928,P,2000-07-10,54082,5,72.71,0.17,,
100929,P,2001-10-22,7227,10,65.42,0.21,,
100930,P,2000-11-06,74730,9,96.16,9.21,,
100931,P,2000-10-17,57932,2,21.18,5.80,,
100932,P,2002-03-30,33590,7,17.03,0.21,,
100933,P,2000-05-20,17737,10,73.57,7.96,,
100934,P,2001-08-27,67019,1,50.89,5.25,,
100935,P,2000-02-12,54816,2,6.47,6.95,,
100936,P,2001-08-05,25073,9,23.94,7.81,,
100937,P,2000-05-30,58720,6,65.82,3.78,,
100938,P,2000-02-04,61971,10,37.07,9.47,,
100939,P,2002-08-04,29454,1,38.45,6.95,,
100940,P,2000-11-27,77366,10,43.05,5.79,,
100941,P,2002-06-10,58018,5,40.80,1.71,,
100942,P,2001-07-14,17406,5,56.11,5.11,,
100943,P,2001-11-06,18140,9,13.60,8.70,,
100944,P,2001-02-23,52617,3,9.29,6.12,,
100945,P,2000-06-08,18974,5,3.93,1.32,,
100946,P,2002-06-06,32981,7,51.54,3.71,,
100947,P,2000-11-23,42864,7,20.00,0.58,,
100948,P,2000-09-26,38686,6,39.40,0.05,,
100949,P,2000-12-02,23481,1,84.66,0.16,,
100950,P,2000-07-12,91190,8,86.82,5.79,,
100951,P,2002-03-24,16884,9,88.32,5.73,,
100952,P,2001-06-18,62657,4,58.81,3.79,,
100953,P,2001-03-30,72746,3,86.49,9.59,,
100954,P,2001-11-06,82191,9,49.05,3.44,,
100955,P,2000-06-28,37829,1,18.63,8.41,,
100956,P,2000-08-15,47389,7,29.94,2.90,,
100957,P,2002-07-14,68229,3,6.47,5.91,,
100958,P,2001-11-12,31199,5,77.65,2.74,,
100959,P,2000-12-22,41435,8,77.22,6.53,,
100960,P,2001-08-20,19677,3,70.59,5.21,,
100961,P,2001-04-22,26682,1,6.90,9.35,,
100962,P,2000-07-23,37298,9,7.23,4.83,,
100963,P,2001-07-17,736,7,40.61,7.40,,
100964,P,2001-04-27,58892,3,7.11,7.22,,
100965,P,2002-05-18,60493,5,81.60,8.63,,
100966,P,2000-05-08,67064,2,90.44,5.09,,
100967,P,2002-06-16,63378,9,65.90,3.32,,
100968,P,2000-02-21,92222,4,17.79,3.01,,
100969,P,2000-04-24,70334,2,28.70,7.58,,
100970,P,2000-04-25,38667,1,65.95,5.97,,
100971,P,2002-01-25,47787,3,43.15,3.57,,
100972,P,2001-09-16,8029,1,46.44,9.78,,
100973,P,2001-11-20,18243,5,29.67,1.84,,
100974,P,2001-05-05,423,1,77.90,0.48,,
100975,P,2002-05-14,72661,9,90.71,9.08,,
100976,P,2002-08-07,61788,4,33.33,1.67,,
100977,P,2002-02-21,56278,4,98.10,0.69,,
100978,P,2001-04-28,8929,5,44.19,2.21,,
100979,P,2001-09-22,15643,8,26.32,0.64,,
100980,P,2002-03-28,60043,6,78.27,4.26,,
100981,P,2001-10-08,58830,9,58.04,1.96,,
100982,P,2002-09-23,29690,8,34.33,2.24,,
100983,P,2000-08-10,90200,3,52.53,3.54,,
100984,P,2000-01-06,74671,10,95.01,4.99,,
100985,P,2002-03-16,9692,9,93.58,6.16,,
100986,P,2001-11-04,84537,10,57.08,6.75,,
100987,P,2000-08-30,51278,3,66.93,4.11,,
100988,P,2001-11-06,8884,7,13.84,9.26,,
100989,P,2000-10-12,89261,7,77.89,9.22,,
100990,P,2002-02-04,73558,2,51.49,3.50,,
100991,P,2001-02-10,79092,5,39.77,6.83,,
100992,P,2001-02-08,59611,4,75.66,0.45,,
