290377,P,2001-05-09,18539,5,91.34,3.85,,
290378,P,2000-05-02,97548,9,19.46,6.87,,
290379,P,2000-06-11,84018,8,18.51,0.11,,
290380,P,2000-04-29,42019,8,2.38,2.05,,
290381,P,2000-12-17,19973,9,29.40,7.25,,
290382,P,2000-10-19,68462,4,90.38,8.46,,
290383,P,2001-12-05,16932,3,94.24,8.30,,
290384,P,2000-06-06,41754,2,43.29,7.59,,
290385,P,2002-07-15,772,10,32.04,8.47,,
290386,P,2000-05-13,92486,8,82.01,7.75,,
290387,P,2001-08-14,11558,2,0.57,9.20,,
290388,P,2001-07-11,69498,5,27.83,2.84,,
290389,P,2000-03-27,87433,7,20.36,6.59,,
290390,P,2002-04-09,31110,3,10.95,3.02,,
290391,P,2002-02-03,82451,1,1.18,2.22,,
290392,P,2001-09-17,77767,4,67.51,2.37,,
290393,P,2001-11-02,69317,1,70.88,1.19,,
290394,P,2000-05-17,50695,1,40.17,3.54,,
290395,P,2001-07-10,69150,10,45.89,8.92,,
290396,P,2002-07-25,30900,1,23.02,2.36,,
290397,P,2001-12-18,39547,7,61.89,5.98,,
290398,P,2002-01-12,11618,8,43.35,6.02,,
290399,P,2000-06-07,79528,5,16.42,2.09,,
290400,P,2001-01-10,89404,1,98.85,8.44,,
290401,P,2000-07-31,32619,9,70.95,1.20,,
290402,P,2000-01-11,57992,4,22.82,7.01,,
290403,P,2002-07-15,44949,7,4.49,7.03,,
290404,P,2001-06-25,76285,10,18.53,4.10,,
290405,P,2002-03-22,502,6,19.38,1.77,,
290406,P,2000-05-09,11036,1,57.18,9.75,,
290407,P,2001-10-10,16374,10,81.33,1.66,,
290408,P,2001-12-06,73553,9,64.11,5.82,,
290409,P,2001-04-23,15242,10,88.01,3.59,,
290410,P,2002-03-27,60787,5,16.20,9.44,,
290411,P,2001-07-02,35706,10,21.35,3.71,,
290412,P,2002-01-04,94736,4,22.34,0.64,,
290413,P,2002-05-19,73248,10,2.48,9.25,,
290414,P,2001-10-04,98170,10,65.47,2.32,,
290415,P,2001-04-21,62184,10,21.36,3.39,,
290416,P,2002-04-23,41684,8,63.09,0.95,,
290417,P,2001-12-02,43525,7,67.21,3.59,,
290418,P,2002-07-27,78350,9,56.72,9.33,,
290419,P,2000-07-08,32650,1,17.83,7.22,,
290420,P,2001-06-21,81280,10,45.21,1.70,,
290421,P,2000-04-16,29262,7,78.15,2.36,,
290422,P,2002-06-25,86808,10,30.87,7.39,,
290423,P,2000-10-26,83423,9,55.60,2.47,,
290424,P,2000-08-29,89918,5,8.20,5.15,,
290425,P,2000-11-12,14480,4,66.95,1.03,,
290426,P,2001-04-19,92755,9,85.92,0.77,,
290427,P,2001-02-22,7605,6,73.93,2.47,,
290428,P,2001-04-26,99877,5,32.54,0.42,,
290429,P,2000-04-12,15061,3,55.93,6.64,,
290430,P,2000-10-17,87081,6,59.58,6.57,,
290431,P,2002-05-10,34883,2,1.27,2.60,,
290432,P,2001-07-30,36743,2,22.09,7.11,,
290433,P,2000-08-05,62513,7,56.16,1.05,,
290434,P,2000-12-02,611,8,0.89,7.53,,
290435,P,2002-06-03,51603,8,39.26,4.66,,
290436,P,2001-08-11,43151,4,38.12,5.31,,
290437,P,2001-03-21,91537,1,62.79,6.79,,
290438,P,2000-06-05,85126,6,83.11,0.61,,
290439,P,2001-12-21,89202,8,98.26,4.41,,
290440,P,2002-03-06,64562,10,4.51,7.54,,
290441,P,2002-07-31,88499,1,47.12,6.85,,
290442,P,2001-10-06,824,8,22.11,3.78,,
290443,P,2001-12-19,53195,1,3.46,1.84,,
290444,P,2000-06-13,66924,8,23.78,4.14,,
290445,P,2002-07-28,82791,10,22.61,3.86,,
290446,P,2002-09-16,43764,9,7.84,1.94,,
290447,P,2001-06-27,17058,10,60.23,3.61,,
290448,P,2000-11-06,82920,4,23.61,9.16,,
290449,P,2001-07-28,62078,1,38.15,5.89,,
290450,P,2000-03-11,44246,9,41.72,2.09,,
290451,P,2000-05-22,6508,1,21.46,7.65,,
290452,P,2001-11-08,50351,7,40.24,3.60,,
290453,P,2002-07-23,92378,3,43.22,8.08,,
290454,P,2002-01-29,22232,6,15.53,5.03,,
290455,P,2001-05-08,46996,9,62.97,5.15,,
290456,P,2000-08-16,89377,5,53.45,7.14,,
290457,P,2001-12-13,21022,10,80.81,1.13,,
290458,P,2002-06-20,15139,4,32.31,0.80,,
290459,P,2000-06-20,44985,8,79.90,8.05,,
290460,P,2002-07-03,11060,10,70.91,0.98,,
290461,P,2001-03-25,98191,6,76.61,5.38,,
290462,P,2001-07-02,95902,5,76.16,2.93,,
290463,P,2001-10-19,80021,3,25.69,2.78,,
290464,P,2001-02-27,67521,6,72.28,5.88,,
290465,P,2000-05-29,77959,8,71.03,7.97,,
290466,P,2001-12-06,94586,7,4.05,4.90,,
290467,P,2000-10-03,82323,5,60.76,4.79,,
290468,P,2001-09-05,69454,3,75.80,0.07,,
290469,P,2002-04-11,18919,7,88.43,7.27,,
290470,P,2002-02-26,46354,7,21.46,0.63,,
290471,P,2001-06-07,99549,10,30.33,2.74,,
290472,P,2001-07-09,40600,2,72.33,8.53,,
290473,P,2001-08-13,96255,5,20.75,8.37,,
290474,P,2000-12-08,32155,4,85.11,3.38,,
290475,P,2002-07-23,47821,2,22.76,7.91,,
290476,P,2002-06-20,12828,10,6.70,8.00,,
290477,P,2000-01-21,3706,4,91.95,9.82,,
290478,P,2001-12-02,34744,7,37.49,8.90,,
290479,P,2000-04-08,69742,4,48.35,3.07,,
290480,P,2001-01-15,12499,2,71.75,3.00,,
290481,P,2000-10-08,37029,2,27.07,6.31,,
290482,P,2000-04-11,50745,1,76.81,9.74,,
290483,P,2001-11-02,19698,6,29.26,6.06,,
290484,P,2002-08-29,40191,8,64.00,5.72,,
290485,P,2001-06-23,79604,2,83.78,0.14,,
290486,P,2000-07-29,28945,1,47.28,8.46,,
290487,P,2002-06-01,71590,8,31.69,7.67,,
290488,P,2001-07-02,65627,8,28.83,2.44,,
290489,P,2001-07-01,82134,7,19.20,4.73,,
290490,P,2002-02-27,34502,7,43.25,6.85,,
290491,P,2000-01-02,59956,4,14.71,4.31,,
290492,P,2000-09-03,22369,7,96.94,0.65,,
290493,P,2002-05-17,79320,2,51.14,1.58,,
290494,P,2001-11-09,70442,10,56.11,7.07,,
290495,P,2000-03-15,94535,8,56.52,1.64,,
290496,P,2000-10-31,90991,6,35.18,4.74,,
290497,P,2001-08-08,92248,2,31.35,5.03,,
290498,P,2000-06-04,15177,6,8.19,7.71,,
290499,P,2000-04-03,68798,2,23.93,5.91,,
290500,P,2000-08-05,55048,3,14.58,0.95,,
290501,P,2001-08-21,91171,7,95.61,2.72,,
290502,P,2000-10-27,99653,8,64.81,5.08,,
290503,P,2000-01-23,92035,8,74.32,1.75,,
290504,P,2001-10-28,90287,2,82.08,6.01,,
290505,P,2001-05-06,32233,9,69.69,7.46,,
290506,P,2001-04-12,72740,7,99.48,3.69,,
290507,P,2001-01-21,98764,2,22.70,7.33,,
290508,P,2000-11-06,68728,3,53.66,2.07,,
290509,P,2000-02-03,54414,2,95.30,3.82,,
290510,P,2002-08-29,69574,7,37.73,4.87,,
290511,P,2000-04-12,44218,7,43.99,8.58,,
290512,P,2001-05-18,28784,6,96.05,2.38,,
290513,P,2001-09-06,26400,1,97.77,0.23,,
290514,P,2001-07-02,17784,1,40.93,1.86,,
290515,P,2001-02-25,93346,3,39.11,2.04,,
290516,P,2000-04-04,79952,2,53.46,5.78,,
290517,P,2001-12-25,48051,9,68.78,3.55,,
290518,P,2001-03-08,40280,8,64.11,8.93,,
290519,P,2002-07-04,23628,2,6.55,8.13,,
290520,P,2002-05-28,99690,5,73.62,7.27,,
290521,P,2000-05-19,63679,5,72.28,9.91,,
290522,P,2001-12-11,94142,5,46.25,2.35,,
290523,P,2002-08-05,73283,2,49.21,1.75,,
290524,P,2002-06-09,58940,4,46.14,6.46,,
290525,P,2001-04-06,90466,6,97.09,7.67,,
290526,P,2000-12-08,78507,3,23.22,9.41,,
290527,P,2001-09-10,53912,7,56.17,6.39,,
290528,P,2002-07-16,5447,7,27.27,8.74,,
290529,P,2001-10-27,85281,1,19.19,1.64,,
290530,P,2002-02-12,52125,7,26.97,3.70,,
290531,P,2001-04-06,49936,4,45.04,8.30,,
290532,P,2001-05-13,61011,8,76.33,2.45,,
290533,P,2002-01-31,52817,5,89.86,8.75,,
290534,P,2001-09-12,98456,6,18.14,2.18,,
290535,P,2000-01-11,7335,1,41.31,1.55,,
290536,P,2001-08-12,51539,1,89.55,7.07,,
290537,P,2002-08-20,98392,3,17.47,0.29,,
290538,P,2001-10-27,72732,10,76.64,7.57,,
290539,P,2001-09-01,63452,8,61.94,3.91,,
290540,P,2002-08-04,38089,2,35.00,9.08,,
290541,P,2002-02-06,94715,10,79.57,1.25,,
290542,P,2002-07-17,39009,10,90.10,7.06,,
290543,P,2000-12-18,91540,5,86.37,8.66,,
290544,P,2000-03-13,33512,1,57.77,2.85,,
290545,P,2000-07-10,88735,4,90.27,2.72,,
290546,P,2002-01-28,79264,2,98.72,7.08,,
290547,P,2000-02-28,78696,8,65.90,3.55,,
290548,P,2001-06-01,83910,9,17.16,6.87,,
290549,P,2002-04-23,47030,9,45.76,3.23,,
290550,P,2001-10-17,58261,5,81.71,2.47,,
290551,P,2000-06-28,67861,1,87.71,3.18,,
290552,P,2002-03-20,13330,6,96.58,1.82,,
290553,P,2002-07-30,13355,6,44.47,3.79,,
290554,P,2000-03-27,25668,9,13.69,6.95,,
290555,P,2000-01-29,88363,8,78.52,0.13,,
290556,P,2000-06-14,64392,4,75.38,4.24,,
290557,P,2001-01-05,74256,8,80.94,7.85,,
290558,P,2001-08-09,85025,4,92.30,2.19,,
290559,P,2000-08-28,79467,7,30.21,6.03,,
290560,P,2002-03-15,88307,3,43.42,8.78,,
290561,P,2000-05-23,40853,6,73.33,0.63,,
290562,P,2001-07-25,79465,6,60.47,2.19,,
290563,P,2001-11-02,70681,3,5.08,9.58,,
290564,P,2001-01-14,56059,10,17.48,0.33,,
290565,P,2002-01-27,67377,3,78.43,0.53,,
290566,P,2002-06-04,55990,3,78.11,1.73,,
290567,P,2002-03-24,24021,9,48.49,4.71,,
290568,P,2001-05-30,88430,9,28.78,4.82,,
290569,P,2000-11-21,48109,2,52.96,7.17,,
290570,P,2001-06-24,98163,2,36.40,3.68,,
290571,P,2001-06-25,98826,1,85.83,7.20,,
290572,P,2000-07-13,47195,4,23.30,7.66,,
290573,P,2002-03-01,63564,8,45.93,0.94,,
290574,P,2002-06-28,14498,3,83.29,9.86,,
290575,P,2000-04-18,23793,5,34.46,3.89,,
290576,P,2000-12-02,91519,2,87.03,3.67,,
290577,P,2002-03-05,62968,6,61.46,1.70,,
290578,P,2000-05-23,85679,3,1.70,0.39,,
290579,P,2001-04-30,64711,2,28.63,1.32,,
290580,P,2000-03-30,20364,4,51.92,6.65,,
290581,P,2000-03-04,84683,7,56.38,9.68,,
290582,P,2001-10-02,14616,1,13.20,9.08,,
290583,P,2002-09-03,44887,4,57.82,8.33,,
290584,P,2001-02-23,44795,5,81.65,6.29,,
290585,P,2000-05-04,25474,5,33.20,0.26,,
290586,P,2001-12-03,38737,4,87.05,4.36,,
290587,P,2001-11-13,47312,6,9.02,0.50,,
290588,P,2000-07-17,81423,6,34.52,2.33,,
290589,P,2002-01-09,72461,4,68.16,4.78,,
290590,P,2001-12-15,78756,3,70.13,6.28,,
290591,P,2001-04-15,82086,5,22.70,8.38,,
290592,P,2001-08-20,16016,1,70.07,5.49,,
290593,P,2002-04-29,88333,8,56.45,8.88,,
290594,P,2000-04-25,19799,10,90.34,4.22,,
290595,P,2001-01-18,25772,4,91.50,3.23,,
290596,P,2001-06-21,48801,2,5.87,5.45,,
290597,P,2002-04-06,23701,7,39.09,4.92,,
290598,P,2001-11-01,71657,7,78.23,9.13,,
290599,P,2000-02-29,10145,1,70.59,3.17,,
290600,P,2000-08-08,94453,4,10.44,10.00,,
290601,P,2000-09-11,92177,1,79.05,4.39,,
290602,P,2000-10-29,46911,4,66.58,2.73,,
290603,P,2000-03-30,20622,2,49.00,1.26,,
290604,P,2001-12-31,72997,7,35.71,9.90,,
290605,P,2000-07-18,50031,8,14.81,1.87,,
290606,P,2001-09-15,49449,5,91.87,8.35,,
290607,P,2000-10-31,96607,1,59.76,5.73,,
290608,P,2001-06-22,7177,9,34.66,4.49,,
290609,P,2000-09-03,30912,3,79.75,2.73,,
290610,P,2002-04-19,22010,3,35.92,3.25,,
290611,P,2001-06-27,96696,5,22.86,8.16,,
290612,P,2001-01-22,28354,5,96.15,5.05,,
290613,P,2001-09-19,45079,2,22.52,0.87,,
290614,P,2002-02-21,28900,1,45.37,0.41,,
290615,P,2000-05-13,42888,6,77.20,8.46,,
290616,P,2000-06-08,40089,10,91.08,8.32,,
290617,P,2000-05-10,82048,5,31.56,9.52,,
290618,P,2002-07-25,59653,5,43.81,2.08,,
290619,P,2001-12-31,84191,10,4.59,5.70,,
290620,P,2000-03-01,62412,10,25.21,1.26,,
290621,P,2002-09-08,86522,8,99.04,2.98,,
290622,P,2001-01-06,91568,9,65.60,8.85,,
290623,P,2001-05-12,68167,6,77.87,9.42,,
290624,P,2002-02-17,51538,1,4.98,8.35,,
290625,P,2000-01-03,90722,2,81.77,5.74,,
290626,P,2002-03-08,65564,5,75.95,5.66,,
290627,P,2002-02-02,25634,2,38.23,8.04,,
290628,P,2002-07-19,23007,5,51.70,7.95,,
290629,P,2002-02-20,91269,5,95.14,4.38,,
290630,P,2002-01-04,63505,8,68.12,8.44,,
290631,P,2001-03-15,72542,7,34.57,6.17,,
290632,P,2001-07-02,50242,8,29.30,8.26,,
290633,P,2001-08-15,68786,4,58.68,1.56,,
290634,P,2000-02-03,77722,1,85.77,7.14,,
290635,P,2001-09-15,3450,7,83.00,0.00,,
290636,P,2000-08-17,21910,7,88.58,5.22,,
290637,P,2001-08-06,95009,9,18.12,0.78,,
290638,P,2000-08-21,62519,2,49.21,5.49,,
290639,P,2001-07-25,95117,1,46.09,2.04,,
290640,P,2001-01-01,86886,9,56.00,6.19,,
290641,P,2000-07-12,81608,6,31.14,3.31,,
290642,P,2000-02-29,73871,4,68.71,5.47,,
290643,P,2001-06-02,54542,9,18.73,5.03,,
290644,P,2000-06-13,34882,10,95.42,1.63,,
290645,P,2000-01-21,58999,10,7.41,3.60,,
290646,P,2002-04-10,36420,10,13.37,2.38,,
290647,P,2001-04-04,84404,10,38.16,2.33,,
290648,P,2001-03-28,23957,6,18.14,2.44,,
290649,P,2000-09-23,96492,4,32.89,9.93,,
290650,P,2001-10-19,78659,7,79.00,6.69,,
290651,P,2002-06-01,29703,2,75.26,9.20,,
290652,P,2000-04-13,28418,1,21.55,0.45,,
290653,P,2000-07-11,62815,3,36.19,8.77,,
290654,P,2002-09-19,79824,6,68.29,7.23,,
290655,P,2000-09-13,54307,5,22.82,3.25,,
290656,P,2001-07-02,89384,3,49.68,4.32,,
290657,P,2001-06-22,78346,9,11.96,5.28,,
290658,P,2001-02-03,5617,1,52.61,6.39,,
290659,P,2000-07-15,27408,8,91.79,2.19,,
290660,P,2001-07-09,7244,5,35.63,8.14,,
290661,P,2001-01-08,32376,2,28.47,7.02,,
290662,P,2001-10-09,86771,1,98.40,6.77,,
290663,P,2002-05-16,52241,6,89.61,1.19,,
290664,P,2001-09-26,41410,10,61.81,6.77,,
290665,P,2000-05-17,7901,10,7.01,4.46,,
290666,P,2000-03-17,68866,10,73.00,9.14,,
290667,P,2002-02-16,44823,4,71.29,3.90,,
290668,P,2001-06-02,23589,7,37.93,4.42,,
290669,P,2002-05-31,19698,2,12.58,4.81,,
290670,P,2001-04-10,11882,3,46.47,1.92,,
290671,P,2002-04-09,28806,3,23.61,7.81,,
290672,P,2000-05-06,96457,2,70.06,4.75,,
290673,P,2002-06-21,74270,5,81.48,6.61,,
290674,P,2000-07-05,69966,8,60.54,9.16,,
290675,P,2002-01-07,1099,6,94.54,8.54,,
290676,P,2001-12-17,70013,9,11.12,7.89,,
290677,P,2001-05-11,15296,6,63.79,9.77,,
290678,P,2001-11-27,40552,3,72.79,9.43,,
290679,P,2001-10-31,81320,10,14.14,6.85,,
290680,P,2002-03-24,81042,3,18.14,2.56,,
290681,P,2002-01-09,39480,10,93.68,4.47,,
290682,P,2000-07-25,14211,6,44.09,3.94,,
290683,P,2000-12-17,99035,5,71.93,6.81,,
290684,P,2001-02-09,9540,5,42.32,4.37,,
290685,P,2000-10-20,17258,7,64.67,1.17,,
290686,P,2000-10-11,86542,10,84.26,0.73,,
290687,P,2001-05-05,68088,3,8.85,3.44,,
290688,P,2002-05-19,25284,7,94.96,2.79,,
290689,P,2000-09-07,9647,8,82.97,8.04,,
290690,P,2001-09-13,37625,4,40.21,2.58,,
290691,P,2000-02-09,21632,3,97.23,2.21,,
290692,P,2001-09-23,83991,10,43.46,6.65,,
290693,P,2002-01-31,43187,6,83.26,2.90,,
290694,P,2002-01-14,87936,1,93.84,5.06,,
290695,P,2001-10-18,67744,10,88.20,9.53,,
290696,P,2000-02-08,48424,2,58.12,2.75,,
290697,P,2002-05-05,49834,2,41.37,9.81,,
290698,P,2000-05-27,82732,3,54.11,7.29,,
290699,P,2002-03-17,27147,4,14.57,1.91,,
290700,P,2001-02-15,74748,7,76.41,3.10,,
290701,P,2000-09-19,69115,5,68.88,8.29,,
290702,P,2001-11-15,15241,6,76.17,5.17,,
290703,P,2000-02-13,50833,4,14.25,5.76,,
290704,P,2001-01-24,16875,7,52.08,7.72,,
290705,P,2000-06-08,92830,6,43.46,8.17,,
290706,P,2001-04-05,57420,6,93.00,7.87,,
290707,P,2000-06-18,34118,5,74.96,3.72,,
290708,P,2001-07-27,82470,1,2.31,5.46,,
290709,P,2000-12-12,13378,9,15.41,0.85,,
290710,P,2002-01-05,13967,9,65.82,4.36,,
290711,P,2001-09-15,73160,4,27.46,3.61,,
290712,P,2000-07-15,106,6,68.41,5.35,,
290713,P,2001-02-27,50998,10,13.18,4.16,,
290714,P,2000-03-03,57662,6,57.47,8.01,,
290715,P,2000-02-19,48242,6,97.48,5.64,,
290716,P,2000-04-13,61617,3,24.57,3.32,,
290717,P,2001-12-31,81491,7,25.14,7.50,,
290718,P,2000-01-03,311,9,82.68,6.92,,
290719,P,2002-05-27,55097,9,3.92,0.75,,
290720,P,2000-11-13,26813,4,46.05,3.24,,
290721,P,2000-06-23,27560,10,31.89,7.73,,
290722,P,2001-01-19,96478,4,10.20,0.71,,
290723,P,2001-02-22,83913,3,89.20,8.69,,
290724,P,2000-05-27,31869,6,29.77,9.26,,
290725,P,2002-08-07,11977,10,5.91,0.10,,
290726,P,2000-10-24,62898,4,59.50,7.19,,
290727,P,2000-01-19,4751,4,59.86,7.35,,
290728,P,2001-12-09,18989,5,83.37,9.56,,
290729,P,2001-02-26,97952,9,61.60,3.76,,
290730,P,2001-03-02,56265,5,93.69,6.02,,
290731,P,2000-03-14,72820,7,75.29,9.10,,
290732,P,2000-09-26,39980,3,61.97,3.01,,
290733,P,2000-06-11,4521,8,52.63,3.65,,
290734,P,2000-09-27,27546,8,91.39,9.46,,
290735,P,2001-10-16,57652,9,45.98,4.57,,
290736,P,2000-01-26,42241,9,68.18,8.87,,
290737,P,2000-01-29,41125,4,48.12,7.50,,
290738,P,2001-01-05,8217,5,16.10,6.52,,
290739,P,2000-03-02,46754,7,74.08,8.33,,
290740,P,2002-08-20,71724,4,95.08,9.08,,
290741,P,2002-06-21,90181,6,18.20,2.74,,
290742,P,2000-02-21,88393,2,8.92,4.47,,
290743,P,2000-05-17,94477,4,90.13,2.12,,
290744,P,2000-06-11,54386,7,96.10,4.09,,
290745,P,2002-01-26,81020,3,85.31,7.52,,
290746,P,2000-06-22,25290,1,6.41,5.74,,
290747,P,2001-08-20,53802,10,51.71,6.06,,
290748,P,2002-09-23,98452,9,22.26,8.90,,
290749,P,2001-09-19,5955,10,86.35,0.45,,
290750,P,2002-09-02,47237,3,46.99,7.84,,
290751,P,2001-06-24,12751,9,63.24,6.70,,
290752,P,2000-08-03,55188,3,39.10,8.37,,
290753,P,2001-11-14,56916,4,64.92,6.04,,
290754,P,2001-09-17,22364,10,4.89,8.18,,
290755,P,2000-06-25,80918,9,77.34,7.31,,
290756,P,2000-01-24,2446,3,22.03,3.32,,
290757,P,2001-11-26,979,1,6.48,3.14,,
290758,P,2000-10-06,14277,2,92.61,4.19,,
290759,P,2000-07-13,51657,2,93.01,1.95,,
290760,P,2000-03-08,26200,3,52.73,2.09,,
290761,P,2000-04-13,12017,10,52.70,1.26,,
290762,P,2000-01-18,89487,7,92.61,1.32,,
290763,P,2001-12-18,48693,6,66.52,1.53,,
290764,P,2000-01-03,64426,5,63.68,1.77,,
290765,P,2000-01-04,32706,8,15.92,2.99,,
290766,P,2000-02-05,40312,8,38.46,8.35,,
290767,P,2000-11-07,55874,9,69.92,5.03,,
290768,P,2000-12-28,53099,3,40.08,4.06,,
290769,P,2000-12-22,26391,5,35.16,5.53,,
290770,P,2000-07-01,58792,10,38.57,6.06,,
290771,P,2000-09-07,75847,6,35.07,3.80,,
290772,P,2001-05-04,69227,2,43.13,4.00,,
290773,P,2001-05-11,33624,10,80.51,3.25,,
290774,P,2002-06-28,73453,8,30.58,5.63,,
290775,P,2000-09-16,4869,3,95.78,8.89,,
290776,P,2000-02-16,11388,5,52.78,2.26,,
290777,P,2001-01-06,66566,6,20.36,6.80,,
290778,P,2001-10-31,83395,3,56.38,5.45,,
290779,P,2000-02-27,43444,9,45.88,8.25,,
290780,P,2001-07-19,76132,1,6.78,8.74,,
290781,P,2001-03-22,2727,5,66.54,0.78,,
290782,P,2002-04-02,51955,5,60.81,9.87,,
290783,P,2000-02-17,46505,1,32.84,6.13,,
290784,P,2000-12-27,36367,8,56.76,0.64,,
290785,P,2001-09-03,15423,10,35.99,2.28,,
290786,P,2000-05-21,96770,7,84.86,7.76,,
290787,P,2002-07-29,52680,10,72.70,3.43,,
290788,P,2001-05-01,22167,6,95.99,9.08,,
290789,P,2000-04-22,41137,8,90.17,7.17,,
290790,P,2002-04-15,17668,2,98.50,5.90,,
290791,P,2001-03-12,43787,1,7.84,8.53,,
290792,P,2001-04-19,10093,9,39.17,1.19,,
290793,P,2001-01-15,56003,9,32.93,2.54,,
290794,P,2002-05-06,80068,9,12.24,3.15,,
290795,P,2001-07-01,37978,8,56.61,5.91,,
290796,P,2001-05-01,39700,6,12.13,2.46,,
290797,P,2000-01-25,90462,5,77.61,8.01,,
290798,P,2001-04-03,29305,8,2.97,8.92,,
290799,P,2002-01-19,4132,1,54.01,2.91,,
290800,P,2000-12-09,7934,3,86.15,5.86,,
290801,P,2001-10-25,46757,9,9.97,3.86,,
290802,P,2001-04-05,45122,7,77.41,9.25,,
290803,P,2000-03-10,17818,2,57.87,0.66,,
290804,P,2001-11-17,82421,2,26.26,1.97,,
290805,P,2001-10-31,77956,2,87.14,7.86,,
290806,P,2001-02-19,52484,4,38.57,2.20,,
290807,P,2001-11-22,4355,4,16.89,7.34,,
290808,P,2000-09-21,43839,3,65.31,1.75,,
290809,P,2001-11-10,51883,8,41.63,0.93,,
290810,P,2000-04-12,31402,1,7.84,6.83,,
290811,P,2002-07-30,2485,7,47.28,8.98,,
290812,P,2002-08-04,25809,5,89.88,7.65,,
290813,P,2000-01-13,30952,7,39.94,0.50,,
290814,P,2000-07-10,95665,7,33.90,3.14,,
290815,P,2001-04-25,90831,3,99.69,5.02,,
290816,P,2002-09-17,32248,9,59.42,1.12,,
290817,P,2002-03-07,67356,4,19.60,7.52,,
290818,P,2000-12-13,32326,7,78.06,7.47,,
290819,P,2000-12-07,75037,8,71.26,4.36,,
290820,P,2002-07-15,34968,3,18.49,5.80,,
290821,P,2001-09-25,42073,7,68.83,4.83,,
290822,P,2000-05-01,23611,4,6.42,4.34,,
290823,P,2000-07-03,94574,5,56.18,8.99,,
290824,P,2002-03-01,40103,9,4.32,1.49,,
290825,P,2001-07-13,52524,1,21.30,0.55,,
290826,P,2000-03-04,68193,4,88.77,5.74,,
290827,P,2002-07-04,7113,5,26.41,3.33,,
290828,P,2001-10-09,37796,8,62.35,4.10,,
290829,P,2000-06-09,957,7,66.83,2.75,,
290830,P,2001-04-28,35283,4,49.32,0.95,,
290831,P,2002-03-03,46870,2,38.42,4.12,,
290832,P,2000-07-09,60385,9,47.02,8.42,,
290833,P,2002-08-14,52707,3,52.55,0.92,,
290834,P,2001-10-29,34104,8,58.16,3.81,,
290835,P,2002-08-15,44731,5,98.82,3.56,,
290836,P,2002-02-23,4238,4,54.92,9.34,,
290837,P,2002-03-31,24970,7,65.42,1.75,,
290838,P,2000-08-29,33010,7,44.18,5.86,,
290839,P,2002-07-17,55439,3,86.47,6.17,,
290840,P,2001-10-09,91030,10,53.77,2.30,,
290841,P,2001-09-04,99149,9,84.04,0.26,,
290842,P,2000-01-03,60720,7,79.79,2.78,,
290843,P,2001-06-22,94310,1,48.55,0.07,,
290844,P,2000-11-20,74060,9,21.48,8.78,,
290845,P,2001-11-30,47644,10,72.42,9.64,,
290846,P,2001-12-25,20368,6,83.64,0.03,,
290847,P,2002-09-10,44675,10,20.25,9.42,,
290848,P,2000-07-02,80055,4,22.62,1.22,,
290849,P,2000-01-24,68088,3,39.44,2.55,,
290850,P,2000-06-09,28066,1,68.34,6.98,,
290851,P,2001-11-05,38784,2,49.01,6.09,,
290852,P,2000-10-02,54573,6,8.10,9.81,,
290853,P,2001-12-05,47259,4,14.93,8.95,,
290854,P,2002-07-14,74479,7,92.47,8.75,,
290855,P,2002-02-28,78100,3,26.16,5.96,,
290856,P,2001-12-03,63735,6,29.77,5.42,,
290857,P,2000-01-22,65177,9,85.01,2.46,,
290858,P,2001-11-15,78222,4,71.51,9.37,,
290859,P,2002-09-06,32230,8,51.51,5.07,,
290860,P,2001-11-04,85148,9,12.92,8.88,,
290861,P,2000-02-08,87800,9,89.46,0.60,,
290862,P,2000-04-15,98551,8,18.54,3.06,,
290863,P,2000-11-27,88920,5,34.88,0.64,,
290864,P,2000-12-28,25343,7,14.36,0.88,,
290865,P,2002-03-30,90089,2,56.10,4.63,,
290866,P,2002-02-24,23489,6,7.75,5.62,,
290867,P,2002-04-29,92536,10,91.35,1.68,,
290868,P,2002-03-17,53108,10,52.48,1.75,,
290869,P,2001-01-17,72327,1,96.75,6.50,,
290870,P,2000-01-02,44400,2,42.91,6.46,,
290871,P,2000-04-06,3231,4,32.13,5.04,,
290872,P,2000-03-23,50360,1,40.84,5.86,,
290873,P,2002-04-10,206,3,2.73,4.07,,
290874,P,2000-11-06,13224,4,27.11,0.98,,
290875,P,2000-06-17,67580,9,27.66,6.09,,
290876,P,2001-02-08,37357,6,83.83,8.39,,
290877,P,2001-07-27,25828,5,70.01,1.52,,
290878,P,2002-02-18,41425,9,81.82,1.96,,
290879,P,2002-01-19,94037,3,56.58,1.64,,
290880,P,2000-09-08,47922,7,47.41,0.25,,
290881,P,2001-12-13,21794,7,48.75,5.52,,
290882,P,2001-01-14,32333,9,86.76,6.17,,
290883,P,2000-02-03,68,5,17.17,9.92,,
290884,P,2001-05-12,80144,3,0.55,0.24,,
290885,P,2001-09-13,27545,4,22.60,1.58,,
290886,P,2000-05-12,77017,6,92.41,0.04,,
290887,P,2001-02-20,89509,2,15.37,1.12,,
290888,P,2000-09-14,43055,7,34.57,8.43,,
290889,P,2001-12-20,64726,9,21.77,2.66,,
290890,P,2002-01-25,27203,2,89.09,0.30,,
290891,P,2001-07-10,768,1,95.16,6.24,,
290892,P,2000-12-21,68405,1,5.02,9.17,,
290893,P,2000-08-17,57929,5,37.27,6.68,,
290894,P,2001-05-30,35967,8,41.00,3.03,,
290895,P,2000-12-23,27664,2,79.77,3.97,,
290896,P,2002-08-06,75534,2,36.06,7.79,,
290897,P,2001-08-06,11393,8,39.43,1.08,,
290898,P,2001-05-09,75855,1,24.40,2.71,,
290899,P,2000-09-05,45365,9,88.99,3.52,,
290900,P,2002-08-03,47465,4,92.85,7.06,,
290901,P,2000-11-20,27852,4,66.21,3.40,,
290902,P,2000-07-09,701,10,69.19,6.91,,
290903,P,2001-08-07,37003,3,34.56,6.14,,
290904,P,2001-03-09,76363,6,68.79,6.01,,
290905,P,2001-01-08,34906,1,55.59,9.39,,
290906,P,2000-06-06,2851,7,31.24,6.69,,
290907,P,2000-10-03,86491,2,13.83,1.85,,
290908,P,2001-09-25,43207,2,22.68,6.62,,
290909,P,2000-06-24,40693,9,68.08,1.28,,
290910,P,2002-05-02,77481,8,22.26,5.35,,
290911,P,2001-10-04,98455,6,38.95,7.69,,
290912,P,2002-06-11,57096,7,22.88,3.26,,
290913,P,2002-05-09,5700,4,19.33,9.73,,
290914,P,2002-09-24,11344,7,66.57,1.48,,
290915,P,2001-04-30,67878,5,86.54,6.95,,
290916,P,2001-07-15,75378,1,34.09,3.87,,
290917,P,2001-06-05,87003,1,28.64,0.22,,
290918,P,2002-04-26,78489,6,49.65,0.85,,
290919,P,2002-04-09,52906,3,6.57,3.25,,
290920,P,2002-05-26,72938,7,55.39,7.12,,
290921,P,2000-01-16,13935,6,15.19,6.16,,
290922,P,2001-04-27,99165,1,11.97,1.26,,
290923,P,2000-09-26,48321,3,15.11,5.59,,
290924,P,2000-02-12,53465,3,83.82,7.38,,
290925,P,2000-12-31,29758,3,61.21,8.15,,
290926,P,2001-09-03,897,10,36.50,1.74,,
290927,P,2000-11-01,60020,2,12.49,4.41,,
290928,P,2001-01-22,17010,7,85.77,4.48,,
290929,P,2002-02-07,26299,7,67.06,8.62,,
290930,P,2001-04-09,84346,1,65.63,5.87,,
290931,P,2002-09-12,17951,7,86.81,0.98,,
290932,P,2000-06-05,16266,10,18.79,9.13,,
290933,P,2001-05-14,48360,7,43.06,5.11,,
290934,P,2000-03-05,45495,9,18.09,9.32,,
290935,P,2002-08-21,74411,1,56.02,0.61,,
290936,P,2001-04-04,81695,6,85.01,8.44,,
290937,P,2002-08-15,78777,3,99.35,0.37,,
290938,P,2000-04-22,43362,4,97.28,0.27,,
290939,P,2001-07-04,50415,10,4.37,6.56,,
290940,P,2000-06-22,12850,9,58.41,7.88,,
290941,P,2001-03-13,17846,7,39.16,2.38,,
290942,P,2000-07-31,68186,7,26.74,3.05,,
290943,P,2000-09-17,87366,3,96.82,7.43,,
290944,P,2000-09-30,88150,6,89.79,3.82,,
290945,P,2002-05-22,8,9,55.29,8.58,,
290946,P,2000-12-20,28900,5,67.26,6.31,,
290947,P,2000-07-09,40135,7,55.33,2.19,,
290948,P,2001-03-20,72487,3,27.74,2.98,,
290949,P,2001-01-04,8762,7,31.61,0.59,,
290950,P,2000-10-19,11130,6,18.17,1.80,,
290951,P,2000-07-24,51152,8,62.89,3.36,,
290952,P,2001-01-27,17095,2,6.70,5.45,,
290953,P,2001-03-15,83130,5,44.92,1.25,,
290954,P,2000-07-02,43563,1,35.44,0.53,,
290955,P,2002-05-10,7159,4,69.46,3.75,,
290956,P,2000-05-17,6004,7,55.30,5.29,,
290957,P,2001-02-22,20126,7,57.83,9.65,,
290958,P,2002-08-01,1983,9,55.67,2.29,,
290959,P,2000-05-04,74964,6,10.93,8.27,,
290960,P,2002-04-10,7406,9,84.53,2.47,,
290961,P,2001-02-18,95606,1,12.36,2.19,,
290962,P,2000-11-04,64242,10,96.15,0.39,,
290963,P,2002-01-18,16259,4,26.08,9.13,,
290964,P,2002-03-09,44649,9,9.25,8.93,,
290965,P,2002-06-03,86677,8,46.82,4.93,,
290966,P,2001-12-17,92016,3,78.16,6.82,,
290967,P,2001-02-19,37103,5,38.05,2.96,,
290968,P,2000-08-15,1085,5,66.86,8.68,,
290969,P,2000-05-05,8573,9,79.69,5.79,,
290970,P,2002-04-02,96909,7,45.27,9.95,,
290971,P,2001-07-01,92075,8,2.29,9.59,,
290972,P,2001-03-15,41732,7,48.57,7.46,,
290973,P,2001-11-20,77329,5,90.33,7.59,,
290974,P,2000-07-07,97367,8,26.16,5.82,,
290975,P,2001-10-08,76580,7,13.64,6.66,,
290976,P,2000-10-14,92360,8,55.80,5.54,,
290977,P,2001-05-23,30623,4,19.34,4.18,,
290978,P,2002-05-30,3876,9,23.16,5.39,,
290979,P,2002-09-18,1916,9,65.77,5.66,,
290980,P,2001-11-20,10759,4,95.07,4.22,,
290981,P,2001-12-06,88792,3,22.50,4.71,,
290982,P,2002-03-23,82231,4,65.90,4.44,,
290983,P,2001-10-27,12436,9,52.05,9.56,,
290984,P,2001-07-01,45405,5,85.98,0.72,,
290985,P,2000-07-14,73570,2,39.82,8.73,,
290986,P,2001-03-17,72188,4,83.84,6.64,,
290987,P,2002-02-05,10434,3,86.10,7.53,,
290988,P,2000-02-03,80168,1,51.80,0.61,,
290989,P,2001-10-24,35568,1,65.32,3.50,,
290990,P,2001-05-16,96920,10,87.78,4.10,,
290991,P,2001-09-12,10424,2,6.89,1.06,,
290992,P,2000-09-07,99406,1,26.80,7.44,,
290993,P,2000-11-10,47578,10,37.42,4.24,,
290994,P,2001-09-27,85548,10,10.47,2.29,,
290995,P,2000-05-23,52681,5,44.95,6.83,,
290996,P,2000-03-15,51595,7,84.33,6.24,,
290997,P,2001-09-26,45082,3,82.85,2.61,,
290998,P,2001-01-13,57117,6,99.61,2.87,,
290999,P,2001-08-02,16,10,19.04,8.66,,
291000,P,2000-05-19,48124,7,1.37,9.16,,
291001,P,2000-03-04,82679,7,68.16,5.63,,
291002,P,2002-06-16,45497,3,86.88,1.50,,
291003,P,2002-01-29,70632,8,94.22,7.03,,
291004,P,2002-02-11,50862,9,47.13,0.23,,
291005,P,2001-07-25,81351,7,89.23,3.91,,
291006,P,2000-03-18,50811,1,6.54,0.92,,
291007,P,2001-11-07,95193,10,64.58,7.69,,
291008,P,2002-02-15,40080,7,49.99,1.99,,
291009,P,2002-02-16,80198,3,32.95,4.34,,
291010,P,2001-11-12,64149,6,59.02,5.66,,
291011,P,2000-03-23,81251,1,57.04,0.19,,
291012,P,2000-01-18,44093,2,92.01,9.02,,
291013,P,2000-03-14,5691,3,2.26,2.52,,
291014,P,2000-01-10,69952,8,45.60,3.90,,
291015,P,2001-12-02,75262,4,86.84,0.81,,
291016,P,2001-07-21,22538,10,55.30,5.66,,
291017,P,2001-05-30,13535,9,47.62,7.22,,
291018,P,2002-03-22,28580,10,9.42,0.96,,
291019,P,2002-07-12,56822,8,71.56,2.95,,
291020,P,2001-04-10,83256,6,71.73,7.29,,
291021,P,2002-04-27,13269,1,42.93,5.98,,
291022,P,2001-11-28,81079,5,32.79,0.37,,
291023,P,2002-01-01,18145,9,44.62,5.49,,
291024,P,2000-02-11,41785,8,11.17,0.57,,
291025,P,2000-06-06,38710,7,83.67,5.59,,
291026,P,2000-07-09,91769,2,76.41,4.60,,
291027,P,2000-06-17,29481,2,90.09,7.37,,
291028,P,2000-06-06,84750,10,50.48,8.13,,
291029,P,2000-11-07,63880,5,91.85,0.50,,
291030,P,2001-07-23,22461,1,76.04,0.90,,
291031,P,2002-05-23,36594,6,18.42,5.29,,
291032,P,2001-11-24,84525,9,54.84,7.79,,
291033,P,2001-02-10,55547,9,36.94,0.10,,
291034,P,2001-05-12,70406,8,87.05,0.53,,
291035,P,2000-06-16,16459,2,28.18,6.19,,
291036,P,2002-09-23,50329,1,37.36,5.23,,
291037,P,2001-05-04,450,1,61.14,9.91,,
291038,P,2001-05-01,16757,6,16.05,6.24,,
291039,P,2002-01-16,62276,8,22.33,2.49,,
291040,P,2000-09-02,60304,5,44.83,6.72,,
291041,P,2000-03-15,97314,1,24.45,7.30,,
291042,P,2000-10-31,81676,6,75.51,4.55,,
291043,P,2000-03-01,75817,3,37.96,5.83,,
291044,P,2002-01-27,7288,3,0.07,4.94,,
291045,P,2001-09-09,17013,3,76.78,8.93,,
291046,P,2001-09-21,34224,10,13.63,2.47,,
291047,P,2002-08-14,47689,7,5.19,5.20,,
291048,P,2002-05-31,30861,8,22.95,2.55,,
291049,P,2000-05-03,6726,8,90.86,1.61,,
291050,P,2000-09-05,90204,8,69.96,4.13,,
291051,P,2001-01-20,81067,3,29.76,3.02,,
291052,P,2000-09-10,91582,5,17.24,2.60,,
291053,P,2002-04-10,31192,10,18.85,3.73,,
291054,P,2002-07-18,86119,2,40.44,0.95,,
291055,P,2001-05-28,73048,1,62.46,5.96,,
291056,P,2001-03-22,50814,9,21.13,9.48,,
291057,P,2000-01-21,70126,1,73.53,3.44,,
291058,P,2000-03-18,81747,6,63.71,8.35,,
291059,P,2000-07-31,72572,8,22.57,3.22,,
291060,P,2000-03-15,44029,2,67.84,0.60,,
291061,P,2000-07-01,51029,5,86.49,9.11,,
291062,P,2000-04-21,62125,10,53.63,6.81,,
291063,P,2000-12-25,78055,9,16.13,1.76,,
291064,P,2001-11-22,60112,10,21.16,8.73,,
291065,P,2002-03-24,77015,8,31.71,7.21,,
291066,P,2002-06-04,18770,10,98.74,1.79,,
291067,P,2001-05-02,18777,9,94.75,7.65,,
291068,P,2000-04-14,24533,4,17.00,7.13,,
291069,P,2000-04-11,59598,10,6.32,9.59,,
291070,P,2002-07-06,72968,6,53.63,7.60,,
291071,P,2002-01-05,79594,2,36.45,6.50,,
291072,P,2002-09-11,58951,3,8.01,0.59,,
291073,P,2001-07-02,87520,9,58.06,6.92,,
291074,P,2000-06-27,20423,6,70.31,3.85,,
291075,P,2000-10-17,70834,5,23.58,4.36,,
291076,P,2000-03-17,4783,10,9.40,1.43,,
291077,P,2001-09-23,93342,1,39.62,5.49,,
291078,P,2001-08-17,7206,6,87.94,5.78,,
291079,P,2000-10-22,91283,6,61.11,9.41,,
291080,P,2000-12-16,6831,2,1.99,3.92,,
291081,P,2002-09-05,94616,10,43.64,6.15,,
291082,P,2002-07-07,21331,3,11.36,8.53,,
291083,P,2001-03-04,42467,2,31.27,2.81,,
291084,P,2001-11-09,79496,8,39.82,4.53,,
291085,P,2001-11-14,87534,6,15.15,0.96,,
291086,P,2002-09-01,52738,5,66.73,4.74,,
291087,P,2001-10-18,77221,3,85.82,5.34,,
291088,P,2001-07-03,74432,7,61.68,6.74,,
291089,P,2000-09-02,66284,8,59.89,2.94,,
291090,P,2001-02-24,82976,7,84.47,3.96,,
291091,P,2000-11-17,38504,7,46.40,8.99,,
291092,P,2000-06-13,98541,10,26.64,1.53,,
291093,P,2001-06-26,11792,9,97.99,4.97,,
291094,P,2001-07-29,74148,1,15.13,3.21,,
291095,P,2002-05-06,37496,1,0.12,2.68,,
291096,P,2000-10-13,79960,2,75.01,6.07,,
291097,P,2002-09-16,21452,4,92.21,1.11,,
291098,P,2002-03-29,40728,6,4.79,1.14,,
291099,P,2002-08-06,11416,3,44.14,5.44,,
291100,P,2001-04-23,97076,10,31.86,0.84,,
291101,P,2002-09-20,56154,9,10.72,1.25,,
291102,P,2000-05-25,43678,5,31.68,5.15,,
291103,P,2000-02-15,78177,3,44.68,3.82,,
291104,P,2001-05-25,81803,10,30.67,7.97,,
291105,P,2001-08-24,46466,1,32.64,6.21,,
291106,P,2001-09-16,94682,5,64.26,8.67,,
291107,P,2000-11-03,98006,5,83.82,5.16,,
291108,P,2002-07-19,75372,1,66.32,6.99,,
291109,P,2001-08-06,51306,9,13.74,3.07,,
291110,P,2002-04-10,97693,10,35.02,4.73,,
291111,P,2001-01-08,40119,7,67.21,6.65,,
291112,P,2000-07-22,89197,2,24.00,3.31,,
291113,P,2000-01-26,28740,3,60.31,6.61,,
291114,P,2001-10-20,85314,3,85.47,8.10,,
291115,P,2000-03-28,70669,1,61.93,6.37,,
291116,P,2001-12-01,42824,1,21.71,8.98,,
291117,P,2000-01-15,58698,5,61.66,1.97,,
291118,P,2001-11-03,3311,6,2.75,8.03,,
291119,P,2000-02-01,18020,5,99.21,9.39,,
291120,P,2000-10-04,21123,7,75.00,1.75,,
291121,P,2000-10-12,10012,6,84.83,8.31,,
291122,P,2002-09-10,73172,2,58.43,5.56,,
291123,P,2002-08-11,28078,7,12.99,4.18,,
291124,P,2002-06-22,42601,2,4.48,7.45,,
291125,P,2000-11-08,69685,6,11.15,4.92,,
291126,P,2000-01-25,17970,6,69.63,4.04,,
291127,P,2001-07-23,96456,2,90.78,8.18,,
291128,P,2002-05-06,75872,2,44.30,8.59,,
291129,P,2001-09-03,2339,6,14.85,7.48,,
291130,P,2001-10-07,31599,10,78.06,1.25,,
291131,P,2000-03-22,51886,9,61.20,5.89,,
291132,P,2000-09-16,96017,3,31.37,4.62,,
291133,P,2001-06-24,43482,1,30.79,6.37,,
291134,P,2002-06-29,65867,1,57.22,4.36,,
291135,P,2002-07-22,72277,8,39.56,4.18,,
291136,P,2000-12-03,38809,6,41.65,9.35,,
291137,P,2001-11-29,54945,7,39.10,4.47,,
291138,P,2002-04-11,72773,3,92.12,4.21,,
291139,P,2001-03-15,95525,3,12.27,1.86,,
291140,P,2000-11-24,97390,8,60.08,7.52,,
291141,P,2001-02-12,13416,5,55.72,2.31,,
291142,P,2002-05-20,70919,5,20.50,8.80,,
291143,P,2002-03-11,31133,3,23.28,2.21,,
291144,P,2002-01-13,42857,7,53.79,5.90,,
291145,P,2002-01-26,42027,3,86.34,1.36,,
291146,P,2001-12-10,50199,4,16.83,1.47,,
291147,P,2001-01-31,82413,8,25.23,8.31,,
291148,P,2001-04-27,5837,5,46.36,7.50,,
291149,P,2001-05-14,22171,8,5.69,2.41,,
291150,P,2000-04-27,45437,5,26.30,1.67,,
291151,P,2001-03-10,17289,3,46.35,3.26,,
291152,P,2001-03-17,83228,10,78.39,8.09,,
291153,P,2002-07-31,74654,5,56.38,0.90,,
291154,P,2001-10-21,20268,3,68.15,5.47,,
291155,P,2001-07-31,60247,7,96.41,7.65,,
291156,P,2000-08-25,35222,5,83.24,0.04,,
291157,P,2000-05-29,1170,3,81.23,2.94,,
291158,P,2001-06-29,36693,2,36.11,2.30,,
291159,P,2002-05-13,31284,7,22.73,1.37,,
291160,P,2000-09-03,64634,5,81.67,9.60,,
291161,P,2001-03-03,23512,7,54.67,9.01,,
291162,P,2002-03-25,54621,5,50.40,6.27,,
291163,P,2001-07-16,99417,8,92.35,2.31,,
291164,P,2001-02-04,74698,7,48.46,8.35,,
291165,P,2000-09-29,76582,1,27.15,3.99,,
291166,P,2001-08-14,84624,9,8.43,3.37,,
291167,P,2002-06-08,39736,10,7.57,0.47,,
291168,P,2000-04-09,7791,4,61.29,7.87,,
291169,P,2000-01-27,79751,5,16.98,2.98,,
291170,P,2000-01-30,9432,7,88.55,6.65,,
291171,P,2002-03-09,38845,1,26.42,5.95,,
291172,P,2000-07-24,67637,1,59.02,8.76,,
291173,P,2000-09-20,42334,6,27.36,2.43,,
291174,P,2000-07-07,99697,8,36.11,0.36,,
291175,P,2001-05-23,16953,1,77.65,3.92,,
291176,P,2000-08-01,64464,1,96.84,3.58,,
291177,P,2001-01-02,87618,4,62.96,7.44,,
291178,P,2001-04-18,7922,3,93.48,8.30,,
291179,P,2000-08-20,28003,10,34.96,7.26,,
291180,P,2000-06-30,69693,7,45.29,6.09,,
291181,P,2000-05-15,75439,5,43.32,8.58,,
291182,P,2000-03-11,86564,2,6.76,9.90,,
291183,P,2002-02-25,60422,6,90.75,9.16,,
291184,P,2001-02-26,18373,3,20.72,1.26,,
291185,P,2002-03-22,94763,7,17.12,2.49,,
291186,P,2001-02-05,27212,4,43.69,7.87,,
291187,P,2002-06-25,6615,8,52.03,0.87,,
291188,P,2001-12-30,42146,10,62.10,4.21,,
291189,P,2001-04-09,86099,7,80.99,1.93,,
291190,P,2001-09-09,67531,5,41.80,9.36,,
291191,P,2001-12-04,40624,7,57.65,8.11,,
291192,P,2000-06-26,84942,9,74.89,2.78,,
291193,P,2002-03-07,9305,2,21.15,2.19,,
291194,P,2002-03-28,23540,7,0.09,8.12,,
291195,P,2000-06-25,22199,3,98.68,3.89,,
291196,P,2001-12-17,19912,4,3.16,6.30,,
291197,P,2000-05-03,64404,1,47.46,2.19,,
291198,P,2001-04-11,82826,8,11.27,4.84,,
291199,P,2001-11-17,99016,10,10.27,6.85,,
291200,P,2002-03-20,40520,9,21.70,6.68,,
291201,P,2002-06-15,77742,7,93.60,0.88,,
291202,P,2001-10-09,13475,10,31.39,8.70,,
291203,P,2001-08-06,28650,5,7.22,2.83,,
291204,P,2002-04-22,83035,2,32.13,0.46,,
291205,P,2001-06-18,19680,6,23.71,0.04,,
291206,P,2002-06-22,22703,9,82.74,1.81,,
291207,P,2000-09-19,62061,8,97.89,4.94,,
291208,P,2001-11-17,51200,3,77.88,8.39,,
291209,P,2002-08-07,51161,5,71.97,6.60,,
291210,P,2002-07-15,73486,9,90.64,2.75,,
291211,P,2002-01-28,36009,4,22.84,0.43,,
291212,P,2000-05-28,15931,8,19.58,3.39,,
291213,P,2001-08-03,1840,10,89.32,2.20,,
291214,P,2000-02-20,86571,10,59.69,1.72,,
291215,P,2001-06-08,1639,10,23.57,2.47,,
291216,P,2002-04-29,87295,6,19.28,7.79,,
291217,P,2002-06-09,54918,1,46.16,9.80,,
291218,P,2001-05-05,66589,10,40.51,2.78,,
291219,P,2002-05-15,578,3,74.73,8.60,,
291220,P,2000-03-09,41990,7,15.19,3.63,,
291221,P,2000-08-30,32095,10,38.87,6.42,,
291222,P,2000-03-31,79812,8,47.50,6.10,,
291223,P,2002-09-22,85838,5,79.87,0.06,,
291224,P,2001-08-21,16455,8,68.83,2.34,,
291225,P,2000-10-02,68026,9,84.29,4.09,,
291226,P,2002-01-24,27007,1,58.45,7.09,,
291227,P,2002-03-03,76017,1,37.60,2.62,,
291228,P,2000-01-26,26022,7,82.63,9.64,,
291229,P,2000-11-04,68368,9,15.15,0.27,,
291230,P,2002-03-07,58584,7,73.81,4.22,,
291231,P,2000-08-10,25509,2,74.06,7.99,,
291232,P,2000-10-27,83360,2,21.86,2.73,,
291233,P,2002-06-03,25135,5,43.69,8.23,,
291234,P,2000-07-24,13203,6,31.52,5.35,,
291235,P,2000-07-30,62201,8,38.79,8.19,,
291236,P,2000-08-07,64300,3,53.31,8.70,,
291237,P,2001-08-27,2549,8,75.28,9.45,,
291238,P,2000-12-09,19503,7,7.54,2.35,,
291239,P,2000-07-13,59459,7,23.84,1.70,,
291240,P,2001-02-25,78932,10,23.84,4.68,,
291241,P,2001-08-19,22209,10,22.87,8.85,,
291242,P,2001-11-01,66438,8,20.28,1.29,,
291243,P,2000-04-01,52317,3,40.02,9.12,,
291244,P,2002-07-21,78624,6,34.55,0.26,,
291245,P,2001-11-14,30426,7,66.96,9.76,,
291246,P,2000-07-27,4289,2,45.56,1.33,,
291247,P,2000-02-02,30422,3,10.66,1.71,,
291248,P,2002-04-19,83179,9,22.45,8.76,,
291249,P,2001-03-03,26661,5,77.28,4.29,,
291250,P,2001-04-30,25117,1,83.97,7.67,,
291251,P,2001-07-03,81483,1,65.46,5.79,,
291252,P,2000-12-21,89401,6,29.81,1.34,,
291253,P,2001-05-02,45305,8,52.08,3.41,,
291254,P,2000-08-30,43361,2,59.67,5.76,,
291255,P,2002-02-16,80088,2,49.44,4.49,,
291256,P,2001-09-16,68022,6,51.84,9.15,,
291257,P,2001-09-21,54704,10,12.57,0.81,,
291258,P,2001-08-29,52189,9,5.88,0.61,,
291259,P,2001-05-14,51796,9,87.43,1.66,,
291260,P,2002-07-31,5391,7,89.98,9.20,,
291261,P,2000-12-19,34381,5,79.38,6.02,,
291262,P,2001-03-27,15089,8,0.02,3.86,,
291263,P,2000-07-31,64715,7,86.59,4.27,,
291264,P,2002-02-26,35163,4,23.96,7.58,,
291265,P,2002-01-18,35535,5,56.85,7.42,,
291266,P,2000-04-14,81410,8,89.23,3.09,,
291267,P,2001-09-15,2499,7,38.57,7.17,,
291268,P,2002-07-05,93136,5,54.26,7.69,,
291269,P,2001-04-01,29910,7,63.47,2.80,,
291270,P,2000-08-03,11890,3,86.96,9.78,,
291271,P,2002-02-27,66110,8,40.24,3.75,,
291272,P,2002-08-29,89781,1,24.87,1.29,,
291273,P,2000-09-26,63303,2,10.58,1.36,,
291274,P,2000-06-17,96687,4,93.09,5.72,,
291275,P,2002-08-08,96389,4,11.67,9.70,,
291276,P,2001-05-27,97965,10,35.21,8.86,,
291277,P,2001-12-16,11106,3,5.57,1.79,,
291278,P,2002-06-30,51854,3,31.22,7.71,,
291279,P,2001-08-15,54843,5,26.97,9.86,,
291280,P,2002-09-20,42118,7,76.91,0.69,,
291281,P,2002-07-09,24608,4,69.76,9.14,,
291282,P,2001-07-09,34252,5,80.31,7.04,,
291283,P,2002-09-06,91317,10,76.89,6.53,,
291284,P,2002-06-16,73599,9,64.34,3.26,,
291285,P,2001-12-02,78641,4,86.29,2.45,,
291286,P,2001-10-04,15495,2,98.50,2.29,,
291287,P,2000-03-25,64719,3,62.42,5.73,,
291288,P,2002-03-17,69691,6,58.65,5.40,,
291289,P,2001-04-03,6698,4,16.70,3.69,,
291290,P,2002-05-21,46280,9,37.33,1.65,,
291291,P,2002-04-05,15956,3,68.63,7.83,,
291292,P,2000-11-20,51511,10,77.17,5.98,,
291293,P,2001-06-01,97423,6,15.43,5.78,,
291294,P,2001-09-19,41247,10,91.99,7.40,,
291295,P,2000-11-17,13146,2,97.62,8.01,,
291296,P,2001-03-13,55494,3,71.26,9.41,,
291297,P,2001-08-10,56026,4,37.10,5.27,,
291298,P,2001-06-06,24277,2,60.97,9.17,,
291299,P,2001-12-30,29690,5,2.38,6.49,,
291300,P,2000-04-05,47134,3,96.80,0.53,,
291301,P,2000-06-08,61187,7,45.69,7.92,,
291302,P,2001-05-27,51634,9,52.87,9.16,,
291303,P,2001-01-28,58084,4,76.18,6.58,,
291304,P,2002-07-26,60255,2,98.39,4.83,,
291305,P,2001-03-08,45057,3,56.58,9.62,,
291306,P,2001-06-28,43560,1,34.18,7.72,,
291307,P,2000-09-23,6558,6,79.06,8.15,,
291308,P,2001-02-24,29613,4,22.84,7.56,,
291309,P,2000-05-06,86927,5,95.65,2.77,,
291310,P,2000-01-31,22925,7,58.57,6.06,,
291311,P,2000-11-10,5648,8,66.77,3.30,,
291312,P,2000-10-11,36992,5,66.05,7.75,,
291313,P,2000-08-18,35731,3,62.06,5.05,,
291314,P,2001-04-25,28239,5,22.23,9.47,,
291315,P,2002-08-28,16493,3,75.51,2.64,,
291316,P,2000-04-17,53330,1,91.82,2.24,,
291317,P,2001-11-26,53611,6,38.72,8.57,,
291318,P,2000-07-04,2769,6,56.67,2.10,,
291319,P,2000-04-19,91507,7,43.88,6.49,,
291320,P,2000-11-13,41609,5,87.71,2.06,,
291321,P,2000-04-28,33403,4,97.84,4.50,,
291322,P,2000-06-15,19227,1,83.61,3.94,,
291323,P,2001-05-04,54975,10,68.97,1.29,,
291324,P,2001-07-22,72684,10,84.43,9.50,,
291325,P,2001-11-01,86686,9,5.11,8.10,,
291326,P,2000-05-14,86963,3,36.36,3.07,,
291327,P,2001-07-13,24016,8,33.59,0.28,,
291328,P,2002-01-28,62363,7,59.07,2.21,,
291329,P,2000-01-20,34372,10,73.84,4.66,,
291330,P,2002-04-05,71275,4,91.74,8.46,,
291331,P,2000-05-28,85071,5,83.35,6.00,,
291332,P,2001-11-20,5216,6,75.46,7.61,,
291333,P,2002-02-08,57691,1,94.08,1.62,,
291334,P,2000-05-08,57859,10,15.17,2.05,,
291335,P,2001-04-23,58898,2,44.35,7.86,,
291336,P,2000-09-22,42619,10,81.41,9.44,,
291337,P,2001-03-17,80456,6,70.39,7.79,,
291338,P,2000-11-28,21036,1,36.36,0.57,,
291339,P,2000-03-10,69808,7,34.98,7.34,,
291340,P,2000-05-29,18324,5,79.38,6.57,,
291341,P,2001-02-28,44872,5,83.17,0.67,,
291342,P,2001-07-20,87866,6,52.78,8.92,,
291343,P,2001-08-20,5360,7,47.77,9.63,,
291344,P,2001-08-08,5654,1,91.51,7.82,,
291345,P,2001-06-29,35913,8,26.40,0.01,,
291346,P,2001-08-28,23109,1,53.99,3.30,,
291347,P,2002-08-06,3757,9,91.66,8.03,,
291348,P,2001-12-18,25179,5,67.52,4.98,,
291349,P,2001-04-27,85036,10,13.45,0.73,,
291350,P,2002-07-29,93952,9,30.84,0.89,,
291351,P,2000-01-03,40301,10,46.71,9.89,,
291352,P,2001-06-27,76309,3,25.83,4.48,,
291353,P,2001-02-22,74120,2,39.59,4.60,,
291354,P,2000-06-13,29047,10,77.41,9.15,,
291355,P,2002-06-11,34116,9,82.68,8.20,,
291356,P,2000-08-17,61860,6,80.40,2.88,,
291357,P,2000-08-17,13430,7,89.12,0.53,,
291358,P,2000-09-30,20732,8,54.01,0.33,,
291359,P,2000-10-27,17129,10,17.74,7.34,,
291360,P,2001-01-04,23868,10,67.62,3.53,,
291361,P,2001-07-23,50064,2,58.90,8.56,,
291362,P,2001-02-11,37283,7,53.49,4.29,,
291363,P,2000-04-19,5094,3,89.33,0.14,,
291364,P,2002-04-05,40402,3,85.85,8.51,,
291365,P,2000-03-16,28002,9,1.67,1.00,,
291366,P,2000-09-18,60755,5,23.93,9.98,,
291367,P,2000-02-13,97109,1,17.37,9.64,,
291368,P,2000-03-26,88844,10,3.24,1.15,,
291369,P,2001-01-15,31059,2,7.48,7.76,,
291370,P,2002-08-20,35524,1,82.21,4.02,,
291371,P,2002-09-04,72254,9,30.60,5.51,,
291372,P,2001-03-16,14109,4,5.53,6.45,,
291373,P,2000-01-11,56300,2,83.57,0.72,,
291374,P,2001-09-24,25486,3,58.53,2.15,,
291375,P,2001-10-31,98675,2,0.33,0.99,,
291376,P,2000-10-06,72841,6,2.53,3.29,,
291377,P,2000-02-01,43433,9,18.40,0.22,,
291378,P,2000-11-07,17929,4,29.30,7.23,,
291379,P,2002-06-27,79248,5,60.68,3.64,,
291380,P,2000-10-01,21289,6,32.01,2.34,,
291381,P,2002-01-05,57224,4,48.69,2.30,,
291382,P,2001-10-15,35996,1,79.66,2.40,,
291383,P,2001-10-13,95155,2,79.63,5.81,,
291384,P,2001-08-22,45165,8,33.11,6.35,,
291385,P,2001-10-12,66966,5,54.28,6.04,,
291386,P,2000-05-18,42813,2,40.83,8.59,,
291387,P,2002-07-13,97044,1,41.59,5.81,,
291388,P,2001-11-20,55342,6,22.48,0.02,,
291389,P,2002-05-02,74667,3,79.96,7.45,,
291390,P,2002-01-25,54323,5,54.70,4.40,,
291391,P,2002-04-20,50105,9,61.72,8.58,,
291392,P,2000-03-03,87029,7,21.12,3.90,,
291393,P,2002-07-27,7571,3,65.03,1.03,,
291394,P,2000-04-29,25687,1,57.46,8.74,,
291395,P,2001-06-28,55130,6,82.65,2.44,,
291396,P,2002-06-21,96957,2,6.41,0.31,,
291397,P,2001-10-28,94138,4,94.18,8.91,,
291398,P,2001-03-12,21763,9,90.35,6.07,,
291399,P,2001-02-25,33262,6,41.54,2.45,,
291400,P,2001-08-23,85040,10,98.54,4.17,,
291401,P,2001-03-16,37012,10,63.45,0.14,,
291402,P,2000-06-17,17281,4,64.57,5.66,,
291403,P,2002-03-22,51551,2,53.95,6.11,,
291404,P,2002-04-30,49463,4,65.58,1.87,,
291405,P,2000-09-22,21424,7,67.53,8.57,,
291406,P,2000-12-26,67641,5,98.69,5.83,,
291407,P,2002-04-14,21728,1,52.61,3.88,,
291408,P,2001-12-05,56366,6,86.98,3.23,,
291409,P,2001-09-14,94083,8,36.72,3.32,,
291410,P,2001-11-03,5295,7,3.06,5.93,,
291411,P,2002-06-04,35545,8,86.38,4.39,,
291412,P,2000-12-05,51925,6,56.82,6.49,,
291413,P,2000-03-29,35162,6,96.44,0.69,,
291414,P,2000-07-13,36103,10,7.40,4.98,,
291415,P,2000-12-16,97397,8,77.82,3.88,,
291416,P,2001-12-01,62446,3,74.01,4.62,,
291417,P,2001-10-04,76263,1,17.02,9.43,,
291418,P,2001-02-07,64098,1,86.35,5.87,,
291419,P,2001-05-26,33278,6,47.33,3.87,,
291420,P,2001-04-01,24158,6,99.04,2.15,,
291421,P,2000-05-04,622,10,59.52,3.24,,
291422,P,2002-05-24,65386,3,11.85,0.47,,
291423,P,2000-04-01,91285,5,31.12,5.33,,
291424,P,2000-11-06,68700,3,98.91,4.64,,
291425,P,2001-09-23,45637,9,52.31,6.09,,
291426,P,2002-07-28,23053,2,49.57,2.12,,
291427,P,2002-08-27,53159,9,98.72,8.12,,
291428,P,2000-01-26,12701,9,33.53,4.55,,
291429,P,2000-06-03,75868,8,95.73,0.65,,
291430,P,2000-07-14,29357,3,5.85,2.06,,
291431,P,2001-12-03,14905,5,57.03,2.12,,
291432,P,2000-12-26,52366,2,10.09,8.69,,
291433,P,2001-09-13,1432,1,60.44,3.23,,
291434,P,2001-10-06,31323,7,75.18,0.38,,
291435,P,2002-03-02,2123,5,8.71,0.13,,
291436,P,2001-08-01,5449,3,80.49,1.28,,
291437,P,2000-06-29,19302,8,30.62,6.30,,
291438,P,2001-04-08,66042,3,37.48,8.87,,
291439,P,2001-12-25,28414,6,71.73,8.35,,
291440,P,2001-09-25,77300,1,45.79,7.64,,
291441,P,2000-02-19,36101,7,46.66,6.37,,
291442,P,2002-05-23,77444,7,87.83,5.99,,
291443,P,2000-11-09,2780,4,67.63,2.35,,
291444,P,2002-08-06,63539,8,60.16,8.77,,
291445,P,2002-03-07,82208,10,98.14,4.20,,
291446,P,2002-05-24,91387,2,85.49,4.25,,
291447,P,2000-06-27,49896,9,35.46,2.79,,
291448,P,2002-04-13,31442,1,9.23,1.22,,
291449,P,2000-02-01,55249,5,32.15,2.40,,
291450,P,2000-01-19,69216,10,53.81,6.78,,
291451,P,2002-07-22,44772,4,2.20,7.96,,
291452,P,2001-09-01,62356,7,9.24,9.81,,
291453,P,2002-05-23,78777,1,52.41,4.57,,
291454,P,2000-12-05,95626,4,29.67,6.35,,
291455,P,2000-08-31,26608,7,75.78,1.91,,
291456,P,2001-04-10,59437,7,69.51,3.07,,
291457,P,2000-05-02,18515,9,71.10,3.69,,
291458,P,2002-01-26,34958,5,54.79,6.08,,
291459,P,2001-08-09,42461,3,80.32,7.04,,
291460,P,2002-06-02,62566,10,63.88,7.09,,
291461,P,2002-08-29,49847,6,74.85,6.03,,
291462,P,2000-04-11,32365,1,76.28,9.01,,
291463,P,2002-01-16,48397,1,86.62,2.21,,
291464,P,2000-04-13,30823,6,38.86,8.64,,
291465,P,2002-02-07,84260,5,48.22,7.51,,
291466,P,2001-07-25,6794,7,53.57,9.08,,
291467,P,2001-07-13,48728,9,57.46,5.03,,
291468,P,2000-08-14,16177,10,28.65,0.75,,
291469,P,2000-05-06,95082,2,76.57,5.35,,
291470,P,2000-09-24,6909,7,13.45,7.82,,
291471,P,2001-02-07,97943,2,68.06,8.99,,
291472,P,2002-08-20,71403,6,47.99,3.57,,
291473,P,2000-10-31,98938,7,23.23,4.26,,
291474,P,2002-07-24,77384,6,49.11,4.71,,
291475,P,2000-03-11,80483,4,36.24,2.45,,
291476,P,2002-07-31,97557,10,32.07,0.17,,
291477,P,2000-02-10,40572,9,82.28,7.43,,
291478,P,2000-06-23,45583,6,55.37,6.29,,
291479,P,2001-06-05,28527,4,75.76,2.42,,
291480,P,2001-10-27,90820,10,65.35,7.78,,
291481,P,2000-03-14,72596,4,53.84,0.20,,
291482,P,2001-04-19,60129,10,48.99,5.41,,
291483,P,2002-03-31,55380,10,67.90,0.53,,
291484,P,2002-02-18,16361,2,23.22,1.42,,
291485,P,2001-07-30,9853,4,61.68,2.31,,
291486,P,2001-05-28,89474,6,34.25,8.34,,
291487,P,2001-01-02,17598,7,98.20,3.75,,
291488,P,2000-03-07,40302,9,74.32,2.94,,
291489,P,2001-11-19,73032,5,36.95,1.09,,
291490,P,2002-05-09,82795,8,63.24,6.57,,
291491,P,2000-02-21,42472,2,28.76,4.03,,
291492,P,2001-06-15,65513,8,22.17,3.03,,
291493,P,2002-01-06,43324,10,81.49,4.68,,
291494,P,2001-07-08,94687,2,98.88,3.58,,
291495,P,2001-08-15,1395,3,79.88,4.99,,
291496,P,2000-01-10,47001,9,14.21,7.22,,
291497,P,2000-07-25,78774,3,83.59,6.09,,
291498,P,2000-04-20,94253,5,10.58,7.97,,
291499,P,2000-10-06,86999,5,33.20,2.72,,
291500,P,2001-07-07,40349,7,86.68,3.91,,
291501,P,2000-05-12,76314,10,18.57,6.60,,
291502,P,2001-02-03,67715,3,82.20,5.52,,
291503,P,2002-06-08,40772,8,45.75,6.41,,
291504,P,2000-11-11,89704,3,37.81,7.96,,
291505,P,2000-08-24,96760,1,10.39,6.03,,
291506,P,2002-03-24,24998,1,19.05,9.29,,
291507,P,2002-06-17,98003,10,99.09,5.35,,
291508,P,2000-07-25,36685,9,29.27,3.55,,
291509,P,2000-01-15,81882,1,95.06,1.89,,
291510,P,2000-04-02,79111,7,23.61,6.97,,
291511,P,2002-08-31,17424,1,90.09,4.85,,
291512,P,2000-01-01,40587,6,96.04,7.02,,
291513,P,2001-12-28,33463,2,91.93,4.57,,
291514,P,2000-06-28,80375,3,92.44,6.31,,
291515,P,2000-03-26,93028,4,2.62,3.54,,
291516,P,2001-12-01,59560,7,51.69,3.14,,
291517,P,2002-03-09,77832,8,57.21,0.41,,
291518,P,2002-03-27,14432,6,86.06,9.03,,
291519,P,2001-06-12,15882,10,35.98,7.15,,
291520,P,2001-10-18,91001,4,53.05,4.62,,
291521,P,2001-11-12,90010,7,69.72,8.44,,
291522,P,2001-04-10,30363,6,76.78,7.21,,
291523,P,2000-06-08,17435,5,15.99,2.23,,
291524,P,2000-09-03,57123,8,76.95,3.64,,
291525,P,2000-03-20,8997,8,14.07,6.41,,
291526,P,2002-06-14,65094,8,81.33,9.02,,
291527,P,2001-10-08,4479,1,66.45,4.32,,
291528,P,2001-08-29,29677,7,44.28,0.55,,
291529,P,2002-06-08,27784,5,70.83,7.17,,
291530,P,2001-09-22,21437,3,28.50,9.81,,
291531,P,2002-07-27,26567,5,28.78,9.62,,
291532,P,2002-09-05,52812,10,54.35,6.91,,
291533,P,2002-04-14,7818,1,57.59,0.92,,
291534,P,2001-03-31,24104,4,84.78,5.03,,
291535,P,2000-10-27,11579,10,77.43,0.70,,
291536,P,2002-07-27,11939,9,31.50,6.06,,
291537,P,2002-02-09,73056,6,46.68,9.20,,
291538,P,2000-09-13,79641,9,97.12,1.75,,
291539,P,2001-03-09,23159,7,76.72,8.80,,
291540,P,2001-11-15,73340,2,67.50,8.40,,
291541,P,2001-11-30,70421,9,59.76,6.44,,
291542,P,2000-03-03,83302,7,11.30,5.33,,
291543,P,2000-07-23,22032,9,80.97,7.22,,
291544,P,2002-03-28,55660,9,57.08,4.90,,
291545,P,2001-07-27,97704,7,78.59,1.33,,
291546,P,2001-06-08,9096,3,29.07,8.26,,
291547,P,2002-05-22,98511,4,25.44,1.97,,
291548,P,2001-10-19,12090,1,32.40,3.62,,
291549,P,2001-02-05,95840,9,32.72,6.64,,
291550,P,2001-10-06,11564,9,0.13,9.81,,
291551,P,2001-07-12,52936,2,49.79,4.34,,
291552,P,2000-08-27,57759,5,18.09,2.25,,
291553,P,2000-04-02,29686,9,34.26,0.76,,
291554,P,2001-09-22,90302,5,74.98,1.86,,
291555,P,2002-04-17,70017,1,76.14,8.08,,
291556,P,2000-10-30,5689,8,0.40,4.78,,
291557,P,2002-09-16,9366,6,64.76,8.44,,
291558,P,2001-02-19,3260,1,15.26,8.93,,
291559,P,2002-07-02,69360,1,84.38,2.66,,
291560,P,2000-05-14,84958,10,44.82,1.81,,
291561,P,2001-04-28,42799,5,34.34,4.80,,
291562,P,2000-10-25,66143,6,8.22,7.36,,
291563,P,2001-11-06,94312,6,35.89,0.01,,
291564,P,2002-06-30,68507,7,79.18,6.80,,
291565,P,2001-06-19,26637,5,5.26,4.47,,
291566,P,2001-06-17,43832,6,1.72,2.38,,
291567,P,2000-12-13,49294,1,51.05,7.98,,
291568,P,2001-08-25,57602,6,9.92,6.91,,
291569,P,2001-01-03,7336,10,22.31,7.86,,
291570,P,2001-07-10,41598,3,71.51,5.56,,
291571,P,2002-09-25,94592,4,14.02,1.44,,
291572,P,2000-08-12,92521,1,29.02,2.79,,
291573,P,2001-11-09,86403,9,40.56,2.57,,
291574,P,2001-03-25,99172,10,41.60,0.64,,
291575,P,2000-05-09,87731,4,62.53,0.60,,
291576,P,2000-10-04,59255,10,89.48,9.89,,
291577,P,2001-03-17,76510,10,65.52,1.36,,
291578,P,2000-02-26,53712,7,54.80,8.11,,
291579,P,2001-11-04,88519,2,11.06,8.85,,
291580,P,2000-04-15,2222,6,74.64,5.35,,
291581,P,2000-07-30,92782,7,15.82,5.23,,
291582,P,2000-09-25,31262,8,75.00,9.86,,
291583,P,2000-01-15,96305,9,89.39,0.77,,
291584,P,2002-09-10,88798,4,88.40,4.62,,
291585,P,2001-06-05,17952,6,59.49,6.40,,
291586,P,2001-03-27,26619,3,3.23,9.34,,
291587,P,2002-05-31,96776,1,94.41,4.10,,
291588,P,2001-06-17,13075,2,97.34,0.69,,
291589,P,2002-06-02,50124,3,21.02,0.84,,
291590,P,2002-08-24,91123,10,50.76,3.83,,
291591,P,2002-01-30,50108,2,6.53,3.86,,
291592,P,2000-09-06,40857,9,8.05,1.59,,
291593,P,2001-06-15,24852,4,41.46,6.90,,
291594,P,2002-01-05,29654,7,68.97,3.56,,
291595,P,2001-08-31,78522,3,93.10,1.08,,
291596,P,2002-07-02,73928,5,48.57,5.93,,
291597,P,2001-07-23,9389,1,2.70,1.81,,
291598,P,2002-02-23,74123,8,39.48,1.75,,
291599,P,2002-02-06,91896,3,82.21,2.75,,
291600,P,2000-12-19,8642,10,6.16,5.24,,
291601,P,2000-02-11,90882,8,60.42,1.75,,
291602,P,2002-03-15,66851,7,18.98,7.25,,
291603,P,2002-05-13,15184,7,95.83,6.97,,
291604,P,2001-11-08,76549,3,16.00,9.80,,
291605,P,2002-05-23,47118,8,48.17,9.44,,
291606,P,2002-08-26,58585,3,8.39,6.46,,
291607,P,2002-06-21,96987,6,69.40,5.77,,
291608,P,2000-12-30,26586,5,12.22,6.98,,
291609,P,2002-09-05,97512,6,34.02,6.34,,
291610,P,2001-09-30,28390,7,39.25,2.98,,
291611,P,2001-05-07,24024,5,12.62,1.78,,
291612,P,2002-02-02,96325,4,62.27,5.29,,
291613,P,2000-12-21,57047,10,4.69,9.03,,
291614,P,2001-11-11,11838,4,31.83,4.64,,
291615,P,2002-05-30,37321,9,65.37,2.36,,
291616,P,2001-01-24,95647,4,30.25,7.91,,
291617,P,2001-12-13,61602,10,34.74,5.59,,
291618,P,2002-07-19,93866,5,26.42,4.10,,
291619,P,2002-06-29,15871,3,34.92,6.86,,
291620,P,2000-08-09,97788,8,68.36,8.94,,
291621,P,2000-06-05,68855,7,29.91,2.28,,
291622,P,2001-05-16,89019,6,27.53,5.50,,
291623,P,2001-03-29,61335,2,90.41,1.55,,
291624,P,2001-06-06,55181,6,89.92,4.66,,
291625,P,2002-09-22,13761,2,37.73,5.84,,
291626,P,2002-02-20,5148,3,33.30,1.79,,
291627,P,2000-05-02,85692,2,54.71,8.82,,
291628,P,2000-03-26,86419,1,77.18,2.21,,
291629,P,2001-02-01,30042,8,56.94,9.12,,
291630,P,2002-06-19,84758,5,74.60,8.80,,
291631,P,2000-11-25,54695,5,37.12,1.41,,
291632,P,2002-04-12,45064,2,30.39,0.87,,
291633,P,2000-07-29,56534,3,81.71,7.50,,
291634,P,2000-09-23,32083,2,71.87,5.93,,
291635,P,2001-07-06,88836,7,88.57,5.04,,
291636,P,2000-12-21,54779,8,88.89,4.71,,
291637,P,2002-01-12,4356,4,55.57,4.88,,
291638,P,2000-03-26,93308,3,67.23,0.81,,
291639,P,2000-02-08,56499,5,32.89,9.83,,
291640,P,2000-08-07,7938,2,57.81,2.78,,
291641,P,2001-01-12,18325,2,54.48,8.13,,
291642,P,2000-06-15,83814,2,33.10,1.07,,
291643,P,2000-08-19,17011,5,67.77,6.15,,
291644,P,2000-04-29,81028,1,45.95,9.10,,
291645,P,2002-01-03,77543,4,27.11,3.67,,
291646,P,2001-08-16,86620,2,74.27,8.28,,
291647,P,2002-03-19,13529,6,33.33,1.27,,
291648,P,2001-10-01,71267,9,17.70,2.05,,
291649,P,2001-02-07,11711,6,35.14,7.63,,
291650,P,2001-09-16,55048,9,0.76,9.09,,
291651,P,2002-06-04,21494,3,50.51,8.59,,
291652,P,2001-07-10,10488,7,6.16,0.13,,
291653,P,2002-09-10,16754,5,1.20,5.67,,
291654,P,2000-09-10,87206,9,3.52,0.04,,
291655,P,2001-08-28,6718,4,67.23,5.61,,
291656,P,2002-06-19,48816,8,1.59,0.40,,
291657,P,2000-04-13,93812,10,35.33,1.63,,
291658,P,2002-04-21,88412,1,65.03,8.92,,
291659,P,2000-10-20,78507,1,43.49,4.43,,
291660,P,2002-04-29,50627,7,81.70,0.54,,
291661,P,2000-01-17,42753,1,68.58,9.83,,
291662,P,2000-09-15,46992,1,9.56,9.27,,
291663,P,2000-07-17,88041,8,45.05,9.15,,
291664,P,2002-07-15,86920,9,69.57,6.95,,
291665,P,2002-02-11,97909,9,1.68,6.67,,
291666,P,2001-01-03,35948,9,12.65,3.18,,
291667,P,2002-03-08,55754,4,94.47,5.14,,
291668,P,2002-02-14,15971,8,42.65,0.28,,
291669,P,2000-05-19,33754,6,90.64,7.82,,
291670,P,2001-12-11,74796,2,18.76,7.86,,
291671,P,2000-03-21,19011,10,99.55,0.55,,
291672,P,2002-05-31,75474,5,74.41,9.85,,
291673,P,2000-03-08,34920,4,15.72,6.39,,
291674,P,2001-10-08,70231,7,99.37,7.28,,
291675,P,2001-05-08,26456,5,66.40,9.30,,
291676,P,2000-03-22,24860,2,31.47,9.17,,
291677,P,2002-04-05,26224,4,95.05,3.51,,
291678,P,2002-06-03,70055,1,36.74,7.95,,
291679,P,2000-12-13,26267,10,74.93,0.52,,
291680,P,2000-09-06,10158,9,21.64,4.12,,
291681,P,2001-06-29,80508,5,38.43,2.37,,
291682,P,2002-05-18,22114,2,9.66,3.95,,
291683,P,2001-06-02,26441,1,24.20,8.56,,
291684,P,2001-03-21,34194,9,31.52,0.62,,
291685,P,2001-01-26,96407,7,74.20,3.68,,
291686,P,2001-12-28,66797,2,51.27,7.87,,
291687,P,2000-12-10,36997,3,96.45,1.08,,
291688,P,2000-04-01,63194,3,92.45,6.71,,
291689,P,2001-04-15,68277,2,18.33,1.47,,
291690,P,2001-02-15,85538,7,50.11,1.39,,
291691,P,2000-10-11,47309,7,66.52,4.82,,
291692,P,2000-07-19,37340,9,95.59,6.78,,
291693,P,2002-05-21,12926,4,38.66,9.27,,
291694,P,2000-08-06,80210,9,12.35,3.24,,
291695,P,2001-04-04,82606,9,42.05,2.36,,
291696,P,2002-09-10,84581,10,62.49,3.33,,
291697,P,2002-07-08,63941,8,9.33,5.78,,
291698,P,2000-06-08,18246,1,23.13,4.42,,
291699,P,2001-04-25,74230,8,75.99,9.47,,
291700,P,2002-06-21,47372,10,50.83,1.86,,
291701,P,2000-04-14,57870,7,46.23,0.39,,
291702,P,2001-12-04,29923,1,81.63,7.76,,
291703,P,2001-06-30,49403,7,24.59,0.25,,
291704,P,2002-03-31,2078,3,87.13,5.83,,
291705,P,2001-07-22,34436,4,4.24,7.13,,
291706,P,2002-04-08,77899,5,38.70,0.83,,
291707,P,2001-10-06,5385,8,23.48,4.26,,
291708,P,2002-06-25,22216,8,12.33,1.95,,
291709,P,2000-02-17,89315,1,20.55,7.19,,
291710,P,2001-02-21,62193,10,8.10,5.74,,
291711,P,2001-09-25,36969,1,33.41,6.98,,
291712,P,2000-10-26,67392,8,6.84,2.36,,
291713,P,2002-09-01,13748,5,64.42,3.45,,
291714,P,2001-08-22,61440,8,35.54,9.94,,
291715,P,2001-12-14,58096,1,30.51,7.33,,
291716,P,2001-12-13,93838,1,56.32,1.35,,
291717,P,2000-08-25,92357,9,95.14,1.49,,
291718,P,2000-02-01,80235,6,10.10,1.43,,
291719,P,2000-08-06,37539,3,15.69,9.56,,
291720,P,2002-09-03,62177,2,97.27,1.82,,
291721,P,2000-09-12,60168,1,66.05,2.39,,
291722,P,2000-06-15,64940,6,54.10,5.44,,
291723,P,2000-11-18,87787,7,1.37,5.16,,
291724,P,2000-09-12,8162,9,18.88,2.04,,
291725,P,2001-07-14,43107,9,57.46,8.93,,
291726,P,2000-01-10,23403,10,56.16,0.04,,
291727,P,2002-08-14,34587,1,35.99,3.90,,
291728,P,2001-07-28,71801,7,41.74,5.58,,
291729,P,2000-11-07,26102,1,80.59,1.53,,
291730,P,2002-07-01,52285,7,79.10,2.34,,
291731,P,2002-07-16,31944,2,90.97,3.40,,
291732,P,2000-09-25,95453,6,11.35,8.89,,
291733,P,2001-05-12,88396,6,12.84,1.74,,
291734,P,2001-04-24,27863,4,62.59,5.92,,
291735,P,2000-06-15,88057,5,2.66,2.76,,
291736,P,2001-05-11,81494,4,83.13,0.22,,
291737,P,2000-11-13,99744,4,32.07,8.11,,
291738,P,2002-03-26,16138,3,53.50,8.25,,
291739,P,2002-09-04,13175,1,84.39,8.36,,
291740,P,2002-01-21,3165,5,38.16,3.43,,
291741,P,2002-09-24,81941,9,75.71,9.99,,
291742,P,2002-09-24,66404,6,78.56,6.20,,
291743,P,2001-09-27,27476,10,89.95,2.79,,
291744,P,2001-05-04,67733,5,27.47,9.72,,
291745,P,2000-04-24,20697,3,37.13,8.14,,
291746,P,2000-11-15,80470,5,21.90,6.28,,
291747,P,2001-07-08,12658,9,11.53,6.81,,
291748,P,2000-02-06,61768,6,62.64,1.65,,
291749,P,2000-10-02,14770,7,5.21,5.94,,
291750,P,2001-07-31,94111,8,46.88,8.96,,
291751,P,2001-11-04,26478,2,13.33,9.92,,
291752,P,2002-03-12,17923,1,34.83,1.79,,
291753,P,2000-02-23,4881,3,73.95,4.63,,
291754,P,2001-12-26,21667,9,59.59,8.70,,
291755,P,2002-04-11,80133,1,25.54,9.23,,
291756,P,2001-01-05,76253,10,18.88,7.55,,
291757,P,2002-05-13,27307,6,95.13,7.40,,
291758,P,2000-03-08,97456,3,78.34,3.05,,
291759,P,2001-10-22,94097,4,81.58,3.55,,
291760,P,2000-06-11,44005,4,90.21,4.92,,
291761,P,2001-08-12,53980,5,89.36,1.03,,
291762,P,2001-05-01,16458,4,62.83,9.21,,
291763,P,2002-07-27,98967,4,30.26,6.82,,
291764,P,2001-03-18,90706,7,6.78,1.13,,
291765,P,2002-09-14,41762,10,11.20,7.63,,
291766,P,2000-06-26,30304,6,22.71,1.05,,
291767,P,2000-12-04,83221,5,45.81,0.16,,
291768,P,2001-10-12,1836,1,51.15,4.58,,
291769,P,2001-04-21,40010,8,28.77,4.82,,
291770,P,2001-08-19,94425,8,15.46,4.81,,
291771,P,2001-08-01,9660,3,87.32,1.63,,
291772,P,2000-08-31,9142,8,62.35,3.11,,
291773,P,2001-05-07,36545,5,12.44,0.71,,
291774,P,2002-07-03,47250,7,21.72,1.35,,
291775,P,2002-03-08,61574,2,77.02,8.56,,
291776,P,2000-02-28,16401,4,22.53,3.56,,
291777,P,2001-03-20,56775,2,63.91,3.16,,
291778,P,2000-10-10,46092,5,58.81,9.12,,
291779,P,2000-06-28,34300,7,55.64,0.35,,
291780,P,2000-12-10,21985,4,32.90,1.42,,
291781,P,2002-03-22,94747,7,47.47,9.13,,
291782,P,2001-09-12,61422,2,5.33,0.96,,
291783,P,2001-09-21,97954,9,67.00,5.36,,
291784,P,2000-12-30,73412,5,99.50,2.01,,
291785,P,2000-11-21,60196,9,51.03,9.61,,
291786,P,2000-12-07,3971,9,12.10,6.77,,
291787,P,2002-09-18,69786,6,19.60,9.65,,
291788,P,2001-12-02,7678,8,62.34,7.30,,
291789,P,2002-03-15,11474,7,22.54,1.66,,
291790,P,2001-05-03,13994,2,44.66,1.08,,
291791,P,2001-07-17,50617,10,61.84,1.80,,
291792,P,2001-11-21,80328,6,10.34,1.46,,
291793,P,2001-09-08,87144,5,17.56,6.27,,
291794,P,2001-03-30,33433,9,51.89,7.18,,
291795,P,2002-04-22,28728,9,76.24,3.31,,
291796,P,2002-03-11,25015,7,52.15,3.06,,
291797,P,2002-04-27,70181,2,88.54,3.13,,
291798,P,2001-05-25,83903,6,15.61,1.70,,
291799,P,2001-07-22,73779,4,80.27,6.44,,
291800,P,2002-03-26,18044,6,82.53,7.75,,
291801,P,2000-08-01,94581,6,17.38,8.99,,
291802,P,2001-01-29,76282,9,9.71,4.82,,
291803,P,2000-04-10,37316,5,82.14,7.87,,
291804,P,2000-06-05,27161,1,79.98,2.85,,
291805,P,2002-08-06,4264,3,11.70,6.93,,
291806,P,2001-10-19,38048,8,68.59,2.85,,
291807,P,2001-03-02,70327,10,78.30,0.67,,
291808,P,2002-06-28,60787,5,42.53,0.47,,
291809,P,2000-11-13,81854,9,32.92,0.97,,
291810,P,2002-02-11,48443,8,67.28,5.97,,
291811,P,2000-10-17,75710,6,45.51,7.51,,
291812,P,2000-10-02,30678,1,28.64,6.64,,
291813,P,2001-04-15,89174,8,40.31,3.16,,
291814,P,2002-02-15,83100,5,59.58,8.37,,
291815,P,2000-08-09,38610,6,45.60,4.54,,
291816,P,2001-07-04,93772,4,3.71,7.33,,
291817,P,2001-04-04,22940,8,75.83,4.63,,
291818,P,2002-02-11,13580,6,17.58,7.87,,
291819,P,2001-01-10,31093,5,13.36,0.14,,
291820,P,2002-02-24,66790,7,28.04,6.74,,
291821,P,2001-09-28,2744,2,50.80,7.04,,
291822,P,2000-11-11,36911,6,78.08,3.97,,
291823,P,2001-04-25,38519,9,61.83,8.79,,
291824,P,2002-03-13,58519,6,35.80,5.20,,
291825,P,2000-07-21,18101,8,70.35,2.42,,
291826,P,2000-09-21,98088,4,92.38,5.29,,
291827,P,2000-11-28,22341,4,98.03,0.19,,
291828,P,2001-03-13,76000,4,30.50,1.67,,
291829,P,2000-01-12,65050,1,83.32,1.93,,
291830,P,2000-05-02,13882,3,25.70,5.35,,
291831,P,2000-12-10,11545,8,53.30,0.49,,
291832,P,2000-06-14,50506,3,33.85,6.30,,
291833,P,2000-01-16,63654,7,75.21,1.86,,
291834,P,2002-05-06,48476,9,80.74,8.32,,
291835,P,2002-03-31,23807,2,54.05,0.15,,
291836,P,2001-11-03,71579,1,23.23,3.22,,
291837,P,2001-06-08,45267,2,9.95,3.62,,
291838,P,2000-03-07,52404,6,80.68,2.12,,
291839,P,2001-07-15,4533,8,16.95,3.99,,
291840,P,2001-09-10,65439,7,28.92,8.56,,
291841,P,2000-10-09,9834,10,27.08,2.79,,
291842,P,2001-01-30,593,2,82.78,8.02,,
291843,P,2001-08-03,5558,4,26.90,2.51,,
291844,P,2000-08-15,10443,6,11.12,7.38,,
291845,P,2000-12-02,44315,2,64.97,1.96,,
291846,P,2000-01-27,77094,10,67.75,1.98,,
291847,P,2000-09-07,56660,6,8.84,3.48,,
291848,P,2001-02-14,53945,1,85.45,9.96,,
291849,P,2002-01-21,73125,2,80.83,0.65,,
291850,P,2001-09-05,7647,10,68.01,0.43,,
291851,P,2001-02-23,16832,6,13.92,3.78,,
291852,P,2001-10-21,94167,8,86.26,8.83,,
291853,P,2001-01-28,50156,10,58.47,1.49,,
291854,P,2000-01-10,50218,5,43.79,4.02,,
291855,P,2001-08-07,18198,7,61.78,1.80,,
291856,P,2000-03-20,9827,9,81.02,6.26,,
291857,P,2002-03-11,8064,7,60.31,7.25,,
291858,P,2000-11-18,74564,2,63.00,1.92,,
291859,P,2000-01-31,56387,6,91.52,8.61,,
291860,P,2002-08-15,56675,6,86.29,3.54,,
291861,P,2001-09-21,52243,9,10.92,1.39,,
291862,P,2001-05-19,21268,3,52.99,1.43,,
291863,P,2001-11-27,24781,3,10.87,0.12,,
291864,P,2002-06-21,70128,7,20.42,8.43,,
291865,P,2002-06-06,83267,7,70.75,9.95,,
291866,P,2002-09-27,91504,8,35.01,5.86,,
291867,P,2000-06-05,1229,7,85.62,9.90,,
291868,P,2002-04-13,29841,6,75.56,7.68,,
291869,P,2002-06-09,66423,7,24.87,7.11,,
291870,P,2000-04-19,93101,1,2.90,4.56,,
291871,P,2000-09-01,18799,10,69.55,7.21,,
291872,P,2001-01-05,78759,8,65.18,7.18,,
291873,P,2000-02-21,79434,3,25.42,6.15,,
291874,P,2002-05-26,97316,2,54.05,7.35,,
291875,P,2002-09-22,72988,10,67.66,2.67,,
291876,P,2000-03-21,5670,8,20.81,3.52,,
291877,P,2002-06-23,75698,9,77.47,7.44,,
291878,P,2001-11-14,53615,5,70.89,9.91,,
291879,P,2000-09-25,99534,4,60.74,3.66,,
291880,P,2002-01-09,53380,7,5.07,0.07,,
291881,P,2002-08-06,27758,4,78.38,7.05,,
291882,P,2000-05-29,87351,7,49.73,3.71,,
291883,P,2000-06-27,44827,5,12.74,5.99,,
291884,P,2000-01-02,20344,6,99.77,4.28,,
291885,P,2001-05-06,71345,6,2.29,8.15,,
291886,P,2001-10-27,30257,9,88.75,6.33,,
291887,P,2000-10-21,59279,5,67.85,3.04,,
291888,P,2001-06-15,36478,6,63.27,1.61,,
291889,P,2000-06-16,72593,6,54.73,2.34,,
291890,P,2001-03-23,56328,6,26.77,3.96,,
291891,P,2001-08-16,93831,3,86.80,0.31,,
291892,P,2002-08-11,9088,6,29.13,1.35,,
291893,P,2001-03-04,5130,9,3.07,6.85,,
291894,P,2000-05-15,56177,4,42.85,0.61,,
291895,P,2000-04-18,82673,4,33.72,7.04,,
291896,P,2000-02-11,22712,5,52.40,4.70,,
291897,P,2001-01-14,2797,6,15.84,5.00,,
291898,P,2000-06-20,75613,8,84.46,4.92,,
291899,P,2000-07-20,22094,6,88.96,7.85,,
291900,P,2001-04-19,42114,2,72.57,8.90,,
291901,P,2001-01-20,4688,4,62.87,2.47,,
291902,P,2002-02-09,16578,2,88.74,3.56,,
291903,P,2001-10-12,38423,3,35.26,3.81,,
291904,P,2002-06-20,67255,8,95.43,9.99,,
291905,P,2001-03-08,90022,7,68.74,7.79,,
291906,P,2002-08-17,84125,6,75.91,9.37,,
291907,P,2000-11-05,84695,6,58.64,2.68,,
291908,P,2001-12-31,59428,4,57.44,1.37,,
291909,P,2001-12-08,26904,6,70.03,9.91,,
291910,P,2002-01-10,83526,3,98.03,9.31,,
291911,P,2002-07-31,38067,4,61.28,0.46,,
291912,P,2001-05-02,83835,8,28.78,5.65,,
291913,P,2001-02-09,60086,8,44.82,7.25,,
291914,P,2002-07-14,50073,8,51.85,2.99,,
291915,P,2002-03-02,11869,1,45.12,5.81,,
291916,P,2000-07-19,13656,9,3.00,8.74,,
291917,P,2002-03-06,18573,5,13.73,3.03,,
291918,P,2002-01-06,50634,7,24.77,7.25,,
291919,P,2001-07-20,70298,2,70.63,8.44,,
291920,P,2002-05-07,25619,10,91.08,0.40,,
291921,P,2001-11-18,88208,10,69.23,8.06,,
291922,P,2002-02-04,52101,9,24.21,3.45,,
291923,P,2001-04-01,8821,8,19.28,2.14,,
291924,P,2002-03-24,18770,9,81.86,1.59,,
291925,P,2002-02-12,47797,4,41.94,5.96,,
291926,P,2001-04-03,43077,10,64.06,7.31,,
291927,P,2001-02-19,55222,9,62.25,4.01,,
291928,P,2000-02-24,61979,3,53.84,3.80,,
291929,P,2002-09-05,1407,9,85.73,4.26,,
291930,P,2002-07-24,67824,2,0.84,5.11,,
291931,P,2000-07-29,57231,6,23.05,8.70,,
291932,P,2001-03-15,65701,7,62.45,5.98,,
291933,P,2002-02-17,76136,6,6.03,5.75,,
291934,P,2001-04-17,71744,4,43.21,6.77,,
291935,P,2002-07-17,82581,8,64.71,8.74,,
291936,P,2002-03-23,38853,4,45.94,7.29,,
291937,P,2001-06-07,17125,4,18.63,3.28,,
291938,P,2000-03-10,8961,4,50.81,4.67,,
291939,P,2002-05-14,96159,4,27.49,6.86,,
291940,P,2001-01-07,73484,1,54.08,1.95,,
291941,P,2002-06-08,823,5,86.64,0.36,,
291942,P,2001-02-10,97602,9,63.75,5.78,,
291943,P,2001-01-13,41246,5,3.57,3.53,,
291944,P,2002-02-03,78676,4,76.65,0.01,,
291945,P,2002-06-10,66061,9,74.06,3.05,,
291946,P,2002-01-27,29939,10,90.15,9.41,,
291947,P,2000-07-02,55941,6,5.68,6.17,,
291948,P,2001-03-31,4556,6,66.31,0.11,,
291949,P,2000-04-30,20008,10,28.10,2.27,,
291950,P,2000-02-12,69969,9,86.97,7.82,,
291951,P,2002-08-28,48468,10,45.92,9.58,,
291952,P,2001-06-13,48446,9,47.47,8.00,,
291953,P,2000-01-30,4537,9,46.02,7.67,,
291954,P,2000-10-06,40600,2,49.97,1.17,,
291955,P,2000-09-22,24147,6,21.80,9.96,,
291956,P,2000-05-23,85223,5,21.25,5.99,,
291957,P,2002-04-22,55799,1,66.27,0.61,,
291958,P,2000-12-19,80187,10,71.66,1.06,,
291959,P,2000-06-24,30188,3,72.84,1.94,,
291960,P,2002-06-08,9476,7,64.29,5.24,,
291961,P,2000-10-15,86174,1,69.23,7.22,,
291962,P,2002-07-24,84278,8,26.25,0.46,,
291963,P,2000-10-25,10969,4,66.65,3.40,,
291964,P,2001-03-08,42920,1,73.57,3.29,,
291965,P,2002-04-04,21846,6,90.07,8.14,,
291966,P,2002-07-06,65715,9,38.05,9.58,,
291967,P,2002-06-10,99128,6,5.09,3.79,,
291968,P,2001-06-24,10171,1,41.51,0.30,,
291969,P,2002-03-19,60935,2,10.18,5.58,,
291970,P,2000-03-19,2291,5,49.53,6.76,,
291971,P,2001-08-11,22061,5,94.70,0.16,,
291972,P,2000-12-06,18140,6,9.74,2.77,,
291973,P,2001-08-29,9012,1,37.58,1.08,,
291974,P,2000-01-19,47533,1,14.18,5.94,,
291975,P,2001-08-20,52920,8,87.21,0.13,,
291976,P,2001-10-11,32936,2,91.55,7.36,,
291977,P,2002-01-02,22250,9,10.08,6.72,,
291978,P,2001-04-08,47289,2,54.19,2.18,,
291979,P,2001-12-12,38692,8,11.75,5.02,,
291980,P,2001-06-10,67630,4,20.32,5.42,,
291981,P,2001-02-19,47281,9,76.82,0.55,,
