135119,P,2000-08-04,89826,2,76.90,9.12,,
135120,P,2000-10-28,19992,4,23.63,0.39,,
135121,P,2001-09-24,97042,1,46.27,4.72,,
135122,P,2000-10-13,22927,9,2.46,0.28,,
135123,P,2000-02-21,50187,8,56.67,9.91,,
135124,P,2002-03-08,55162,7,26.54,9.42,,
135125,P,2001-08-07,43647,6,13.55,3.91,,
135126,P,2001-10-27,13874,10,95.81,4.88,,
135127,P,2001-12-08,96018,2,31.06,1.93,,
135128,P,2002-09-03,16708,5,96.33,0.17,,
135129,P,2000-11-27,49514,8,30.03,0.28,,
135130,P,2002-03-30,73620,8,54.22,2.46,,
135131,P,2000-09-01,60027,3,30.24,3.55,,
135132,P,2000-04-15,77648,9,37.83,6.25,,
135133,P,2001-10-15,9948,8,63.82,1.23,,
135134,P,2000-09-12,47949,5,6.49,5.44,,
135135,P,2001-11-10,26425,7,23.37,6.79,,
135136,P,2002-08-28,63074,7,13.66,9.45,,
135137,P,2000-05-16,98970,6,4.60,4.13,,
135138,P,2001-03-30,61143,5,4.79,3.43,,
135139,P,2001-12-10,34771,4,37.06,7.89,,
135140,P,2000-12-01,66587,3,24.09,3.62,,
135141,P,2001-03-25,14487,5,96.66,7.90,,
135142,P,2000-11-27,28001,9,95.71,4.04,,
135143,P,2002-07-02,87151,8,13.81,5.99,,
135144,P,2001-12-31,72029,2,34.09,6.56,,
135145,P,2001-06-16,29277,4,64.03,3.44,,
135146,P,2000-07-08,23148,8,12.08,9.90,,
135147,P,2000-02-08,12667,10,62.65,3.71,,
135148,P,2001-04-09,8002,2,46.07,7.74,,
135149,P,2001-02-02,66877,1,33.66,4.16,,
135150,P,2000-12-31,32080,8,24.63,5.29,,
135151,P,2001-01-27,40577,2,15.38,0.77,,
135152,P,2002-09-03,12775,1,26.95,2.48,,
135153,P,2002-01-21,9877,9,78.76,0.93,,
135154,P,2002-03-01,62334,1,52.69,4.60,,
135155,P,2002-03-11,54574,7,59.20,3.93,,
135156,P,2002-07-25,13429,1,15.27,6.50,,
135157,P,2000-02-14,99699,3,18.83,6.87,,
135158,P,2001-08-22,37881,9,5.28,8.05,,
135159,P,2001-11-02,99735,2,73.54,3.75,,
135160,P,2002-04-13,61484,2,30.39,6.29,,
135161,P,2000-04-02,21506,9,27.70,4.42,,
135162,P,2000-10-25,59159,5,5.28,3.14,,
135163,P,2001-10-04,44429,7,62.30,5.22,,
135164,P,2000-06-29,24378,10,50.95,6.08,,
135165,P,2000-05-07,57219,5,30.63,2.40,,
135166,P,2000-01-21,13422,6,7.91,2.39,,
135167,P,2000-04-05,55713,1,9.44,8.98,,
135168,P,2000-12-18,7798,5,79.57,1.04,,
135169,P,2000-04-21,8874,7,71.90,3.81,,
135170,P,2001-06-05,48205,9,24.53,6.32,,
135171,P,2001-06-23,66911,8,66.51,1.63,,
135172,P,2002-01-11,43591,7,61.93,2.58,,
135173,P,2001-10-27,62266,2,75.03,2.46,,
135174,P,2000-03-04,44497,1,92.43,3.94,,
135175,P,2001-11-12,74880,4,63.67,8.15,,
135176,P,2000-09-15,94599,4,12.25,2.08,,
135177,P,2001-02-14,96923,9,45.68,8.23,,
135178,P,2002-07-31,42455,10,87.57,1.54,,
135179,P,2000-01-27,39852,6,55.31,3.88,,
135180,P,2000-06-19,67373,9,68.43,7.97,,
135181,P,2000-04-02,85487,3,78.85,0.14,,
135182,P,2002-02-11,58568,3,53.25,8.15,,
135183,P,2001-02-27,31590,2,44.16,1.79,,
135184,P,2002-08-27,54805,8,84.61,1.30,,
135185,P,2002-09-15,86367,3,83.78,2.00,,
135186,P,2001-07-23,8167,9,15.00,7.17,,
135187,P,2002-04-18,73866,4,4.73,8.45,,
135188,P,2001-10-17,99860,9,11.15,5.66,,
135189,P,2001-03-04,83788,10,92.15,5.72,,
135190,P,2001-09-10,90434,5,66.23,3.01,,
135191,P,2002-04-09,73705,6,92.57,1.55,,
135192,P,2001-12-28,6262,5,71.61,1.39,,
135193,P,2001-07-18,1033,1,13.38,5.34,,
135194,P,2000-09-05,9381,1,81.69,5.72,,
135195,P,2000-09-27,12651,1,3.21,1.18,,
135196,P,2000-09-23,99521,4,64.15,6.34,,
135197,P,2000-09-15,68218,8,0.50,1.85,,
135198,P,2001-05-10,64708,10,20.38,5.28,,
135199,P,2000-08-15,33933,3,21.80,1.34,,
135200,P,2002-09-01,48705,1,65.13,4.61,,
135201,P,2001-08-30,43070,6,45.59,3.68,,
135202,P,2002-07-08,27144,1,17.08,5.56,,
135203,P,2001-11-17,67062,6,2.69,7.21,,
135204,P,2001-01-23,45543,4,29.65,9.99,,
135205,P,2002-08-09,30838,4,96.09,9.86,,
135206,P,2001-02-26,60006,2,0.00,8.38,,
135207,P,2000-12-20,96592,9,45.47,2.29,,
135208,P,2000-04-10,2663,4,95.86,8.39,,
135209,P,2002-06-24,5241,4,78.38,5.79,,
135210,P,2000-12-13,34423,2,48.58,8.81,,
135211,P,2001-09-10,53225,10,65.63,0.08,,
135212,P,2000-01-29,72418,7,24.51,1.73,,
135213,P,2002-04-27,62786,10,3.55,8.59,,
135214,P,2000-09-14,39188,3,11.80,9.92,,
135215,P,2001-06-27,9149,10,47.98,5.48,,
135216,P,2001-10-17,31896,6,12.98,9.94,,
135217,P,2000-03-13,65765,4,39.32,3.22,,
135218,P,2002-07-04,18558,1,54.29,1.46,,
135219,P,2001-09-10,47401,7,70.72,3.19,,
135220,P,2000-01-01,60326,3,77.62,7.64,,
135221,P,2001-10-23,85307,10,36.02,8.23,,
135222,P,2000-11-07,5884,7,19.40,3.44,,
135223,P,2000-05-29,23491,2,45.63,7.23,,
135224,P,2000-08-02,45733,3,11.57,7.52,,
135225,P,2000-10-07,17521,4,96.24,7.39,,
135226,P,2002-05-12,33021,10,74.33,1.01,,
135227,P,2000-02-22,47815,4,20.46,3.55,,
135228,P,2001-09-27,9353,9,95.20,7.56,,
135229,P,2002-07-12,64153,6,91.94,0.83,,
135230,P,2001-06-08,6419,7,99.35,8.59,,
135231,P,2000-07-30,95300,4,53.48,7.75,,
135232,P,2000-08-08,73105,3,78.67,1.47,,
135233,P,2001-10-08,77099,8,36.95,1.22,,
135234,P,2000-08-15,43693,7,9.83,1.96,,
135235,P,2002-07-03,66664,7,27.46,1.42,,
135236,P,2001-04-02,237,4,28.18,6.33,,
135237,P,2002-09-11,87233,10,16.23,2.76,,
135238,P,2000-08-07,59910,6,80.55,3.99,,
135239,P,2001-10-27,60791,4,70.28,3.48,,
135240,P,2000-06-13,30869,3,21.33,9.44,,
135241,P,2002-04-22,77560,7,28.96,6.55,,
135242,P,2001-05-20,38833,2,31.62,0.70,,
135243,P,2001-09-07,8775,4,59.62,3.76,,
135244,P,2002-08-07,25471,7,91.23,2.36,,
135245,P,2001-07-01,35485,6,83.22,3.16,,
135246,P,2001-09-25,92436,1,4.76,4.05,,
135247,P,2001-07-16,39371,10,48.80,1.08,,
135248,P,2001-02-07,37667,10,69.06,2.49,,
135249,P,2001-10-15,15261,6,24.70,4.32,,
135250,P,2002-04-12,93339,6,41.45,4.27,,
135251,P,2002-01-25,45278,10,18.63,3.81,,
135252,P,2001-07-20,88218,10,34.74,4.65,,
135253,P,2002-07-11,33973,2,2.91,8.06,,
135254,P,2000-03-10,98972,10,59.16,0.34,,
135255,P,2000-02-27,78674,9,0.07,6.22,,
135256,P,2001-02-21,90220,2,30.20,6.54,,
135257,P,2001-02-22,39189,7,76.16,6.76,,
135258,P,2000-09-21,8140,7,99.20,6.57,,
135259,P,2001-08-23,41005,2,84.00,0.46,,
135260,P,2000-04-26,23738,1,77.24,5.99,,
135261,P,2000-02-10,75453,4,22.24,0.63,,
135262,P,2001-05-27,67606,4,79.94,7.36,,
135263,P,2001-07-31,40390,7,38.25,1.41,,
135264,P,2001-05-20,8076,3,55.37,5.52,,
135265,P,2001-12-12,53320,5,9.95,1.32,,
135266,P,2001-12-09,19263,1,74.01,9.27,,
135267,P,2002-01-29,16085,3,68.98,4.11,,
135268,P,2001-11-05,81480,7,88.14,4.95,,
135269,P,2002-09-13,93165,2,18.69,7.76,,
135270,P,2001-07-13,58758,6,44.27,5.93,,
135271,P,2001-11-20,77079,4,94.83,7.14,,
135272,P,2001-10-25,50948,1,4.43,0.83,,
135273,P,2001-11-05,45460,7,3.55,9.82,,
135274,P,2002-07-18,95457,1,83.79,5.82,,
135275,P,2000-01-02,45050,6,75.72,8.84,,
135276,P,2002-09-15,32090,1,12.94,8.06,,
135277,P,2000-07-04,99474,6,42.88,1.17,,
135278,P,2001-12-07,36866,6,32.81,9.93,,
135279,P,2002-07-17,95296,3,60.49,1.11,,
135280,P,2002-06-22,67157,7,21.41,8.54,,
135281,P,2000-06-14,94318,3,91.63,0.17,,
135282,P,2001-12-27,59098,6,92.56,9.99,,
135283,P,2000-02-05,69270,4,97.53,3.54,,
135284,P,2001-02-10,88094,1,24.06,5.12,,
135285,P,2001-12-24,85416,9,27.49,7.97,,
135286,P,2002-06-09,17027,8,39.60,4.59,,
135287,P,2000-05-04,68509,6,42.89,8.21,,
135288,P,2000-05-20,33405,6,29.38,7.50,,
135289,P,2000-02-22,37345,10,61.45,6.24,,
135290,P,2002-03-28,61673,8,25.85,3.07,,
135291,P,2000-06-06,32202,3,78.01,0.88,,
135292,P,2001-10-30,92563,6,89.53,4.64,,
135293,P,2002-02-16,9861,9,59.79,3.68,,
135294,P,2000-05-05,34197,7,14.63,7.51,,
135295,P,2002-01-04,28661,10,51.72,6.65,,
135296,P,2001-09-13,19168,5,59.45,7.25,,
135297,P,2000-09-15,1783,6,85.46,9.98,,
135298,P,2000-03-11,95115,3,45.64,7.11,,
135299,P,2001-11-22,61039,8,60.44,2.82,,
135300,P,2002-05-31,53707,3,35.98,6.99,,
135301,P,2002-01-23,2590,6,64.03,8.72,,
135302,P,2000-03-21,75135,10,34.53,3.36,,
135303,P,2001-09-28,33706,8,65.54,3.67,,
135304,P,2001-07-17,46638,10,39.19,3.11,,
135305,P,2000-03-31,80052,1,57.23,5.59,,
135306,P,2002-03-03,21201,4,34.53,7.52,,
135307,P,2001-10-11,82152,10,16.07,4.28,,
135308,P,2001-12-30,36115,1,90.99,0.01,,
135309,P,2000-12-17,95368,9,2.12,0.63,,
135310,P,2001-07-21,69142,2,12.85,1.39,,
135311,P,2002-03-29,70776,9,25.80,9.62,,
135312,P,2000-09-16,7432,5,47.25,3.45,,
135313,P,2000-02-16,98024,3,6.18,1.83,,
135314,P,2000-06-22,34708,8,84.39,6.37,,
135315,P,2002-05-31,53210,4,21.84,5.76,,
135316,P,2000-01-25,16814,5,58.68,8.64,,
135317,P,2000-10-17,43317,3,3.94,6.71,,
135318,P,2000-02-13,17472,8,2.98,4.74,,
135319,P,2000-04-29,52536,10,61.61,9.70,,
135320,P,2000-12-13,70450,8,58.72,4.53,,
135321,P,2001-05-22,95964,4,34.93,7.02,,
135322,P,2000-07-07,38654,4,34.51,3.89,,
135323,P,2001-10-07,19107,5,85.37,4.42,,
135324,P,2001-01-05,31985,2,18.91,3.59,,
135325,P,2000-04-03,1698,7,32.91,9.95,,
135326,P,2001-07-13,81222,3,77.15,3.06,,
135327,P,2001-07-13,32851,1,28.54,2.04,,
135328,P,2001-04-07,31497,4,19.79,8.53,,
135329,P,2001-04-25,99853,1,98.53,9.38,,
135330,P,2001-08-08,22606,3,62.37,8.00,,
135331,P,2002-03-24,93517,2,79.07,8.13,,
135332,P,2001-05-14,42177,7,34.81,6.03,,
135333,P,2000-06-20,10955,10,25.33,7.59,,
135334,P,2001-08-02,94675,3,71.84,9.25,,
135335,P,2000-06-02,33149,7,63.20,8.79,,
135336,P,2002-05-29,76035,6,89.78,6.77,,
135337,P,2001-08-12,64023,5,65.04,2.16,,
135338,P,2001-01-09,22369,5,73.27,3.07,,
135339,P,2002-01-17,66445,9,82.10,5.40,,
135340,P,2000-10-04,14353,8,79.35,8.54,,
135341,P,2000-12-03,19156,5,93.83,4.64,,
135342,P,2001-11-21,84189,6,56.68,9.32,,
135343,P,2001-03-26,78260,5,30.47,5.24,,
135344,P,2002-03-08,75663,3,0.70,3.25,,
135345,P,2001-12-17,13355,9,99.88,8.84,,
135346,P,2000-04-09,33929,4,45.06,9.16,,
135347,P,2001-06-19,67999,5,2.08,4.68,,
135348,P,2001-05-03,16263,5,99.48,7.49,,
135349,P,2000-06-01,76390,2,48.23,9.98,,
135350,P,2000-03-22,42353,8,24.69,3.57,,
135351,P,2002-07-22,40634,4,44.39,6.29,,
135352,P,2002-09-06,43003,5,52.11,8.84,,
135353,P,2000-02-19,5706,10,49.97,3.80,,
135354,P,2000-05-22,90594,9,44.08,6.45,,
135355,P,2000-07-26,89057,5,38.33,4.87,,
135356,P,2002-01-15,96242,9,40.76,3.53,,
135357,P,2001-03-28,62229,4,43.06,6.81,,
135358,P,2001-09-06,31825,4,6.49,2.64,,
135359,P,2002-01-01,80319,10,6.43,5.43,,
135360,P,2001-02-22,56895,9,35.52,1.46,,
135361,P,2000-02-10,76081,8,65.10,4.95,,
135362,P,2001-02-10,68589,4,71.36,3.23,,
135363,P,2001-09-03,51224,6,87.41,9.31,,
135364,P,2001-10-26,32643,10,63.51,4.14,,
135365,P,2001-04-05,95307,2,56.57,4.36,,
135366,P,2000-09-21,52911,1,60.60,7.46,,
135367,P,2001-05-30,40430,8,46.78,5.39,,
135368,P,2002-06-03,67012,7,61.87,3.69,,
135369,P,2000-07-15,86794,9,13.96,8.82,,
135370,P,2001-10-22,58741,3,14.05,5.86,,
135371,P,2001-12-10,97242,7,78.60,0.58,,
135372,P,2000-04-05,26569,8,41.92,1.50,,
135373,P,2000-02-14,5249,3,82.29,9.64,,
135374,P,2002-08-20,44785,3,45.63,5.51,,
135375,P,2001-02-03,48445,7,26.83,7.63,,
135376,P,2001-08-29,63640,6,14.13,6.63,,
135377,P,2000-02-04,29242,6,21.78,0.00,,
135378,P,2002-09-17,36938,1,4.43,5.54,,
135379,P,2001-09-02,39207,8,12.33,2.26,,
135380,P,2002-04-16,15634,7,35.10,3.34,,
135381,P,2000-11-14,8297,7,21.73,7.56,,
135382,P,2002-08-06,13835,1,35.41,8.63,,
135383,P,2000-09-06,59017,6,56.33,0.60,,
135384,P,2000-11-17,39270,2,51.68,7.27,,
135385,P,2001-11-05,75889,7,77.93,8.75,,
135386,P,2000-08-30,34974,5,58.63,5.96,,
135387,P,2002-07-27,955,7,88.00,1.78,,
135388,P,2000-11-14,98154,9,7.36,1.19,,
135389,P,2001-05-23,38260,2,61.39,0.70,,
135390,P,2001-11-03,35139,1,49.43,5.44,,
135391,P,2002-02-15,329,7,20.29,0.18,,
135392,P,2001-07-06,36030,2,99.51,6.55,,
135393,P,2002-09-14,256,3,91.04,4.43,,
135394,P,2000-12-25,28744,9,8.62,9.32,,
135395,P,2000-02-09,64233,2,61.54,1.68,,
135396,P,2002-04-28,3626,8,2.95,0.97,,
135397,P,2002-07-16,59547,6,86.85,2.89,,
135398,P,2002-09-26,21579,3,42.06,8.03,,
135399,P,2000-07-03,7147,8,80.02,5.42,,
135400,P,2001-09-04,81319,1,1.33,9.07,,
135401,P,2000-11-23,59627,1,22.88,3.75,,
135402,P,2000-09-20,40888,4,42.82,4.55,,
135403,P,2001-01-27,14743,5,32.88,4.07,,
135404,P,2002-08-01,86579,8,64.06,9.99,,
135405,P,2001-01-17,48544,8,65.59,0.20,,
135406,P,2000-08-31,13354,8,46.03,7.68,,
135407,P,2002-08-14,57186,10,11.90,4.57,,
135408,P,2000-03-09,86974,4,47.26,6.50,,
135409,P,2001-09-09,42664,10,61.01,3.60,,
135410,P,2000-12-13,66296,4,18.93,5.56,,
135411,P,2002-09-22,64625,2,42.70,5.49,,
135412,P,2000-07-02,21766,1,65.47,4.11,,
135413,P,2001-02-07,463,2,45.40,5.27,,
135414,P,2000-07-08,94272,1,49.80,8.32,,
135415,P,2002-07-07,77253,4,76.74,5.86,,
135416,P,2000-12-07,40192,9,30.44,9.41,,
135417,P,2002-09-12,86950,3,37.00,4.60,,
135418,P,2001-02-05,19621,8,26.03,8.08,,
135419,P,2000-04-26,39810,2,63.81,9.38,,
135420,P,2001-06-30,3278,3,38.04,3.85,,
135421,P,2000-05-17,96843,8,86.02,0.07,,
135422,P,2000-10-19,95636,10,44.43,5.04,,
135423,P,2000-05-31,86409,10,52.02,7.32,,
135424,P,2001-04-19,80388,6,69.21,3.66,,
135425,P,2001-08-05,91670,2,26.67,4.72,,
135426,P,2000-10-22,7687,4,73.89,8.79,,
135427,P,2001-03-12,46168,9,18.71,1.14,,
135428,P,2001-06-07,9320,4,35.00,7.42,,
135429,P,2000-04-19,38575,1,37.58,1.67,,
135430,P,2001-08-15,8764,6,41.52,9.96,,
135431,P,2001-11-14,75856,10,58.64,1.46,,
135432,P,2000-10-07,33922,6,36.01,2.07,,
135433,P,2000-11-23,81832,10,71.34,6.33,,
135434,P,2002-03-28,8051,4,50.24,0.05,,
135435,P,2000-05-24,68016,9,33.73,4.51,,
135436,P,2000-01-23,28735,4,66.01,7.31,,
135437,P,2001-12-27,19986,10,64.73,9.27,,
135438,P,2001-06-11,30234,9,81.47,8.85,,
135439,P,2002-01-22,57042,6,69.42,2.28,,
135440,P,2000-12-12,19378,5,73.00,4.90,,
135441,P,2002-09-19,83357,3,53.24,5.99,,
135442,P,2001-06-22,77141,7,99.99,3.47,,
135443,P,2000-04-21,77428,4,82.76,2.31,,
135444,P,2000-01-07,191,1,14.31,2.27,,
135445,P,2000-10-08,95352,1,0.76,0.36,,
135446,P,2001-05-28,45747,10,11.82,6.01,,
135447,P,2001-09-02,38815,6,71.94,4.76,,
135448,P,2000-01-25,9437,3,81.27,3.75,,
135449,P,2002-08-16,28186,1,80.60,5.02,,
135450,P,2001-07-22,33037,8,96.74,2.72,,
135451,P,2000-03-04,8373,8,56.12,4.31,,
135452,P,2001-02-01,25206,1,95.61,3.18,,
135453,P,2000-08-28,58332,6,49.37,3.85,,
135454,P,2001-04-17,51475,9,1.58,0.82,,
135455,P,2000-11-24,14809,5,74.54,7.59,,
135456,P,2000-12-30,47270,10,10.97,9.07,,
135457,P,2001-05-01,55719,1,56.42,8.76,,
135458,P,2000-07-27,11828,10,32.18,1.12,,
135459,P,2001-09-05,96893,3,52.50,4.27,,
135460,P,2000-06-18,18200,9,74.46,0.63,,
135461,P,2001-12-04,28218,10,99.48,8.59,,
135462,P,2001-05-10,7397,2,60.76,2.31,,
135463,P,2002-04-24,33940,2,17.41,2.11,,
135464,P,2002-04-17,35024,4,90.37,3.98,,
135465,P,2001-05-23,18780,9,4.87,9.17,,
135466,P,2002-04-25,44773,4,91.74,4.11,,
135467,P,2002-02-02,5223,3,10.45,8.14,,
135468,P,2000-10-12,90553,4,32.67,6.99,,
135469,P,2002-03-08,57596,10,6.95,8.25,,
135470,P,2000-05-27,58804,5,66.28,6.32,,
135471,P,2001-04-21,16915,10,7.86,1.10,,
135472,P,2001-07-20,70704,4,77.78,5.41,,
135473,P,2000-04-22,90965,5,81.53,7.31,,
135474,P,2002-07-21,88308,6,5.74,3.62,,
135475,P,2000-07-15,12135,1,51.42,3.50,,
135476,P,2001-06-21,38657,1,24.31,1.44,,
135477,P,2001-07-23,53173,4,54.97,5.67,,
135478,P,2002-09-11,94659,6,86.86,3.79,,
135479,P,2001-05-04,10552,7,58.57,1.64,,
135480,P,2000-10-16,62070,9,81.84,0.94,,
135481,P,2001-11-23,55837,6,69.10,5.09,,
135482,P,2001-06-12,36436,1,32.30,3.48,,
135483,P,2001-05-12,88138,1,89.45,6.66,,
135484,P,2000-02-26,60396,2,14.95,2.35,,
135485,P,2001-11-08,26110,8,44.62,7.39,,
135486,P,2000-06-13,48308,10,0.14,6.57,,
135487,P,2000-07-22,85448,4,86.26,8.57,,
135488,P,2000-07-28,88219,4,20.33,6.84,,
135489,P,2000-08-03,69643,10,1.08,8.48,,
135490,P,2000-11-14,17708,1,31.48,8.35,,
135491,P,2001-06-18,29962,10,12.31,1.37,,
135492,P,2000-04-10,26965,10,47.38,2.99,,
135493,P,2001-05-16,47089,7,21.71,9.85,,
135494,P,2001-06-01,24242,10,35.06,5.77,,
135495,P,2001-05-15,75630,8,58.87,7.58,,
135496,P,2000-08-25,13502,8,19.48,0.78,,
135497,P,2002-09-19,45612,5,81.90,5.82,,
135498,P,2002-09-15,80449,5,40.01,1.27,,
135499,P,2000-08-20,92753,3,7.33,9.23,,
135500,P,2001-02-22,29386,3,4.69,1.47,,
135501,P,2001-08-19,78993,10,74.00,6.16,,
135502,P,2000-11-12,71374,2,1.82,1.80,,
135503,P,2002-02-10,40343,10,23.06,8.54,,
135504,P,2000-05-17,19274,10,57.15,5.01,,
135505,P,2000-05-31,14495,3,42.64,3.98,,
135506,P,2001-06-24,95430,6,67.09,2.97,,
135507,P,2001-02-27,83975,6,35.76,6.38,,
135508,P,2001-03-26,21189,6,21.94,1.63,,
135509,P,2000-03-18,28121,7,59.01,6.36,,
135510,P,2001-04-21,30604,4,7.47,3.77,,
135511,P,2000-08-23,11129,9,25.40,6.09,,
135512,P,2002-03-12,58775,1,26.33,1.32,,
135513,P,2001-03-25,16701,10,33.98,9.73,,
135514,P,2000-11-24,40073,9,65.11,1.82,,
135515,P,2000-03-19,79722,7,28.75,3.00,,
135516,P,2000-07-26,77076,3,39.37,3.10,,
135517,P,2002-02-08,88221,9,46.69,6.77,,
135518,P,2000-11-21,34348,7,4.32,1.82,,
135519,P,2001-02-03,58003,4,86.89,4.54,,
135520,P,2001-11-21,81434,10,72.89,3.57,,
135521,P,2001-02-25,45224,9,44.53,8.50,,
135522,P,2001-04-10,43198,10,61.99,5.10,,
135523,P,2000-01-21,64782,6,84.78,8.82,,
135524,P,2001-03-08,53459,2,23.69,8.22,,
135525,P,2000-09-14,58279,7,39.66,7.13,,
135526,P,2001-08-29,86411,1,1.57,3.45,,
135527,P,2001-06-19,1370,4,92.72,3.10,,
135528,P,2001-07-01,86369,5,10.41,2.21,,
135529,P,2001-09-06,79979,7,46.38,9.29,,
135530,P,2000-07-19,58889,5,81.07,7.93,,
135531,P,2002-05-08,82075,8,36.55,1.20,,
135532,P,2002-05-08,78867,5,50.20,2.88,,
135533,P,2002-03-04,62022,5,45.47,4.96,,
135534,P,2001-06-01,5940,4,35.84,2.09,,
135535,P,2001-03-31,32599,6,96.25,0.83,,
135536,P,2002-01-28,56271,2,81.01,9.56,,
135537,P,2001-12-10,14592,3,30.97,7.86,,
135538,P,2001-08-03,98056,10,62.04,1.68,,
135539,P,2002-04-25,29525,6,86.14,0.05,,
135540,P,2002-08-15,79124,1,59.03,1.78,,
135541,P,2000-02-10,72446,8,99.17,8.35,,
135542,P,2000-07-19,58876,9,81.87,3.46,,
135543,P,2000-07-04,33698,9,46.29,7.92,,
135544,P,2000-11-17,9121,5,24.45,1.83,,
135545,P,2002-09-06,35145,7,58.66,0.59,,
135546,P,2001-12-14,91828,1,70.50,7.37,,
135547,P,2001-07-13,95023,6,95.32,0.77,,
135548,P,2002-03-11,19457,2,75.59,4.51,,
135549,P,2002-07-12,28855,3,16.96,7.49,,
135550,P,2001-04-17,40975,3,21.00,3.10,,
135551,P,2001-10-03,24677,7,20.73,4.54,,
135552,P,2000-08-31,89187,6,3.56,0.78,,
135553,P,2002-07-22,11011,1,57.12,1.77,,
135554,P,2000-05-02,73979,2,25.14,6.38,,
135555,P,2000-07-03,94461,6,23.40,4.91,,
135556,P,2002-04-18,13276,9,97.32,9.36,,
135557,P,2001-04-26,32320,3,30.75,0.29,,
135558,P,2002-01-22,96831,1,72.61,7.03,,
135559,P,2001-06-28,98985,4,84.32,0.57,,
135560,P,2001-04-27,49910,7,41.47,4.53,,
135561,P,2002-09-04,86320,1,24.24,6.52,,
135562,P,2002-04-03,85146,8,62.93,0.24,,
135563,P,2000-06-19,29623,8,54.57,7.20,,
135564,P,2000-12-23,89261,7,36.23,5.31,,
135565,P,2001-02-16,59164,3,89.41,3.55,,
135566,P,2000-09-17,16728,7,45.03,9.92,,
135567,P,2001-11-30,73945,1,4.61,8.19,,
135568,P,2002-09-27,21612,6,27.61,8.86,,
135569,P,2002-03-06,18774,2,65.35,4.84,,
135570,P,2002-05-30,76738,7,18.06,6.64,,
135571,P,2001-04-26,491,9,56.46,5.31,,
135572,P,2002-05-25,88100,1,92.98,8.17,,
135573,P,2000-04-05,1096,6,76.00,3.49,,
135574,P,2001-08-21,82267,2,65.23,4.22,,
135575,P,2000-01-06,43081,1,76.02,0.58,,
135576,P,2002-03-02,89791,3,16.07,7.55,,
135577,P,2000-03-11,77155,7,68.39,3.73,,
135578,P,2000-03-07,70594,3,16.16,9.91,,
135579,P,2000-12-26,49629,7,42.36,9.44,,
135580,P,2000-07-07,87429,7,96.52,8.40,,
135581,P,2001-08-28,87932,4,99.41,1.82,,
135582,P,2000-06-17,15927,5,10.34,3.53,,
135583,P,2001-02-15,52596,6,69.68,9.05,,
135584,P,2001-09-11,6488,1,78.43,8.23,,
135585,P,2002-03-15,6257,9,37.25,4.71,,
135586,P,2002-03-10,45254,3,25.60,5.59,,
135587,P,2000-12-04,85651,2,27.24,3.61,,
135588,P,2001-10-26,91151,8,11.42,9.09,,
135589,P,2001-09-01,3053,5,39.53,3.89,,
135590,P,2001-08-24,84766,7,4.01,3.08,,
135591,P,2000-10-18,62193,8,31.45,2.55,,
135592,P,2000-03-25,5692,4,24.26,2.60,,
135593,P,2000-04-10,54721,1,81.45,0.11,,
135594,P,2002-04-03,80423,10,25.31,9.11,,
135595,P,2001-04-20,97215,1,10.89,7.93,,
135596,P,2001-01-12,31198,2,64.73,4.74,,
135597,P,2001-08-15,80087,5,5.54,3.50,,
135598,P,2000-11-03,28014,2,42.23,1.82,,
135599,P,2002-05-19,70460,7,37.94,3.80,,
135600,P,2002-02-24,68760,6,94.45,3.05,,
135601,P,2002-04-27,26660,8,88.48,3.40,,
135602,P,2001-08-06,48254,8,3.95,7.97,,
135603,P,2000-07-28,82105,4,55.43,8.61,,
135604,P,2001-10-04,89132,4,59.49,4.02,,
135605,P,2000-07-20,71781,4,49.56,6.90,,
135606,P,2000-07-07,77134,10,43.53,7.66,,
135607,P,2000-03-25,86392,4,17.47,1.97,,
135608,P,2000-11-06,56528,3,9.82,4.73,,
135609,P,2001-02-16,82612,3,16.67,4.87,,
135610,P,2001-07-14,62184,9,69.94,6.40,,
135611,P,2000-06-15,27806,5,93.38,1.31,,
135612,P,2001-05-26,45924,7,75.63,4.97,,
135613,P,2002-04-10,82286,7,51.50,8.29,,
135614,P,2002-03-19,70969,9,16.44,1.33,,
135615,P,2000-06-13,42952,5,62.33,6.30,,
135616,P,2002-08-26,78423,6,5.13,9.56,,
135617,P,2000-02-26,13689,5,81.29,2.99,,
135618,P,2001-10-27,14779,6,91.25,5.83,,
135619,P,2000-04-17,65657,5,55.86,7.89,,
135620,P,2002-01-09,63202,9,92.83,2.02,,
135621,P,2000-03-22,26242,6,88.03,1.66,,
135622,P,2002-04-01,31927,7,74.16,4.13,,
135623,P,2002-04-27,37284,1,69.07,8.16,,
135624,P,2002-05-28,35110,7,11.23,9.25,,
135625,P,2002-02-15,47479,9,51.94,1.39,,
135626,P,2000-08-25,29930,7,99.90,5.56,,
135627,P,2000-04-06,67908,1,96.04,4.36,,
135628,P,2001-12-29,50318,2,32.32,4.07,,
135629,P,2000-08-13,2558,7,90.72,8.51,,
135630,P,2002-03-04,26507,2,94.63,8.80,,
135631,P,2000-08-24,10255,8,58.40,9.16,,
135632,P,2000-02-15,81963,5,40.65,7.78,,
135633,P,2002-02-08,85715,4,77.34,7.36,,
135634,P,2000-08-30,16178,6,4.94,6.34,,
135635,P,2001-07-29,69046,10,89.41,8.86,,
135636,P,2001-10-27,98186,4,35.48,2.42,,
135637,P,2002-09-18,29890,6,48.82,5.39,,
135638,P,2002-09-02,46566,4,46.42,1.58,,
135639,P,2000-10-22,30199,5,88.13,4.53,,
135640,P,2001-10-03,31871,6,29.01,5.73,,
135641,P,2000-05-13,24722,1,39.79,1.00,,
135642,P,2001-07-13,47096,5,74.83,7.29,,
135643,P,2001-08-07,40549,6,85.03,0.80,,
135644,P,2000-09-18,49702,5,42.78,3.90,,
135645,P,2002-04-09,12245,1,50.43,2.90,,
135646,P,2001-04-01,56432,10,52.04,6.15,,
135647,P,2002-06-26,2656,7,42.01,5.67,,
135648,P,2002-06-10,12106,1,86.20,5.75,,
135649,P,2000-08-07,75570,4,11.06,0.51,,
135650,P,2001-11-08,47040,7,22.66,0.14,,
135651,P,2001-09-22,75847,3,15.59,1.53,,
135652,P,2001-10-20,35522,10,39.18,4.91,,
135653,P,2002-07-23,69385,5,43.08,6.14,,
135654,P,2000-10-12,29110,9,18.60,9.52,,
135655,P,2001-03-29,94663,9,54.32,5.08,,
135656,P,2000-09-22,73581,1,47.30,9.12,,
135657,P,2001-02-13,76210,8,26.92,1.77,,
135658,P,2001-02-28,86710,5,41.72,1.97,,
135659,P,2001-01-02,26798,8,41.39,1.65,,
135660,P,2002-07-16,94927,1,5.27,4.89,,
135661,P,2000-06-15,6130,9,7.67,5.13,,
135662,P,2001-07-11,91198,10,13.13,3.91,,
135663,P,2001-11-26,73880,6,9.64,3.03,,
135664,P,2001-08-07,86883,4,30.24,1.30,,
135665,P,2000-04-07,55088,3,40.02,5.60,,
135666,P,2000-05-22,57731,8,55.01,1.85,,
135667,P,2001-07-21,29331,8,83.49,4.87,,
135668,P,2000-01-10,33809,6,24.85,8.38,,
135669,P,2002-07-15,15965,4,38.57,0.48,,
135670,P,2001-05-02,50017,5,86.63,3.73,,
135671,P,2001-04-26,65342,7,59.58,7.21,,
135672,P,2001-10-27,12106,3,16.86,1.91,,
135673,P,2000-04-28,11857,8,17.04,1.97,,
135674,P,2002-03-22,72019,7,21.46,0.63,,
135675,P,2001-02-13,22274,6,6.62,1.54,,
135676,P,2002-02-17,73474,2,59.73,6.12,,
135677,P,2002-07-15,2943,6,6.50,7.76,,
135678,P,2001-06-04,77472,6,0.66,4.92,,
135679,P,2000-10-22,11416,5,95.30,9.67,,
135680,P,2002-06-27,49162,5,48.76,5.34,,
135681,P,2001-08-14,35975,5,23.93,7.66,,
135682,P,2001-09-17,75688,4,34.49,8.38,,
135683,P,2002-02-24,60632,1,21.82,7.19,,
135684,P,2002-07-31,31072,3,1.73,0.40,,
135685,P,2002-07-27,97835,8,96.28,1.64,,
135686,P,2001-04-04,97641,8,63.56,6.31,,
135687,P,2002-09-01,67271,2,74.29,8.77,,
135688,P,2002-01-29,42830,1,34.42,9.06,,
135689,P,2000-01-11,19172,5,0.04,0.26,,
135690,P,2001-07-27,95188,9,96.81,4.40,,
135691,P,2002-05-02,4769,3,29.02,4.96,,
135692,P,2001-12-09,95457,6,9.63,6.36,,
135693,P,2001-09-28,3748,1,91.60,8.08,,
135694,P,2000-12-15,99880,3,54.61,8.37,,
135695,P,2000-12-16,19739,1,49.97,2.81,,
135696,P,2001-11-05,27215,10,47.56,4.54,,
135697,P,2002-06-18,47341,5,68.23,8.77,,
135698,P,2000-11-25,1126,3,10.24,2.07,,
135699,P,2001-04-27,10464,10,25.62,3.69,,
135700,P,2000-08-02,2790,3,23.27,8.74,,
135701,P,2001-07-12,65242,5,52.65,3.32,,
135702,P,2002-09-19,1365,4,96.78,6.81,,
135703,P,2001-04-07,60421,7,45.23,6.31,,
135704,P,2000-03-13,77279,1,22.82,7.57,,
135705,P,2001-01-17,21504,5,55.78,1.55,,
135706,P,2002-06-29,66129,3,41.53,6.75,,
135707,P,2001-06-29,20124,10,80.66,6.90,,
135708,P,2000-04-16,99485,6,40.36,1.76,,
135709,P,2002-08-30,80334,4,75.31,5.55,,
135710,P,2002-08-01,10838,1,16.40,8.72,,
135711,P,2000-01-27,64847,9,77.65,5.47,,
135712,P,2000-10-02,19270,4,48.74,8.99,,
135713,P,2001-08-27,1561,10,88.33,8.80,,
135714,P,2000-12-23,45933,4,81.07,6.67,,
135715,P,2000-10-08,85497,2,49.25,1.55,,
135716,P,2001-09-21,1979,8,78.38,5.43,,
135717,P,2002-03-28,72325,6,56.79,8.66,,
135718,P,2000-01-05,52728,8,31.12,3.87,,
135719,P,2000-11-11,60911,3,38.67,7.44,,
135720,P,2000-08-08,73153,1,21.02,3.16,,
135721,P,2002-09-26,39342,3,76.31,4.24,,
135722,P,2002-05-25,76319,4,22.38,6.16,,
135723,P,2001-01-30,35381,9,71.96,5.87,,
135724,P,2002-04-24,88963,3,97.64,6.38,,
135725,P,2000-11-13,4711,4,14.01,9.01,,
135726,P,2000-05-22,60217,2,91.55,5.00,,
135727,P,2002-02-08,85899,6,4.79,9.54,,
135728,P,2001-06-09,10627,7,55.38,8.30,,
135729,P,2002-09-04,23124,4,71.32,4.11,,
135730,P,2001-02-23,29373,3,77.13,9.85,,
135731,P,2002-03-15,25985,4,84.44,9.19,,
135732,P,2001-03-23,34943,3,39.28,2.44,,
135733,P,2000-10-08,42201,9,4.36,7.72,,
135734,P,2002-05-25,77784,5,74.52,8.21,,
135735,P,2002-02-01,36069,4,8.59,4.26,,
135736,P,2001-03-08,30375,6,10.36,8.39,,
135737,P,2000-06-09,93968,1,23.39,6.72,,
135738,P,2001-08-02,2680,8,13.06,8.53,,
135739,P,2001-10-10,85513,8,89.08,1.56,,
135740,P,2001-03-06,94379,3,87.45,3.36,,
135741,P,2000-10-05,26137,4,52.65,8.20,,
135742,P,2000-06-03,46997,5,15.09,7.07,,
135743,P,2002-01-14,58367,4,15.88,7.90,,
135744,P,2001-11-05,53810,1,77.29,1.89,,
135745,P,2000-01-22,33364,1,10.36,2.25,,
135746,P,2001-03-21,31911,10,70.06,3.95,,
135747,P,2001-02-20,15579,5,76.78,4.25,,
135748,P,2000-12-02,57950,3,7.02,6.43,,
135749,P,2000-10-01,77883,1,99.80,0.20,,
135750,P,2001-08-22,62341,5,85.14,5.00,,
135751,P,2000-07-01,76239,7,17.89,9.67,,
135752,P,2002-02-09,77898,5,47.23,0.73,,
135753,P,2001-11-11,35561,7,47.69,5.11,,
135754,P,2000-06-21,87723,5,82.97,5.73,,
135755,P,2001-05-29,15643,9,87.88,0.13,,
135756,P,2000-03-16,55872,2,83.37,1.32,,
135757,P,2000-05-01,50956,5,82.55,2.46,,
135758,P,2001-02-21,23985,2,77.23,7.35,,
135759,P,2000-02-10,81980,2,54.26,8.71,,
135760,P,2002-06-02,41247,1,31.74,8.44,,
135761,P,2002-06-01,7580,5,14.41,0.04,,
135762,P,2001-05-23,24497,2,76.18,4.32,,
135763,P,2000-06-26,99561,1,53.24,6.50,,
135764,P,2001-01-03,25310,10,44.34,1.73,,
135765,P,2002-01-29,3229,9,75.25,3.68,,
135766,P,2000-04-26,48059,8,24.02,1.17,,
135767,P,2001-08-27,85012,5,28.09,2.41,,
135768,P,2000-07-26,52180,10,23.12,0.91,,
135769,P,2002-03-15,86372,3,7.72,4.58,,
135770,P,2000-07-21,7549,5,51.90,1.01,,
135771,P,2000-09-24,1134,8,18.72,1.88,,
135772,P,2002-06-21,30174,3,61.47,7.94,,
135773,P,2001-02-25,82007,3,46.60,6.76,,
135774,P,2000-07-02,97061,5,18.16,8.87,,
135775,P,2002-08-24,64670,6,61.34,5.03,,
135776,P,2001-10-17,59994,8,74.95,3.31,,
135777,P,2001-05-17,3020,3,54.24,5.15,,
135778,P,2002-05-21,74024,10,8.43,9.45,,
135779,P,2000-05-05,97810,7,68.09,3.60,,
135780,P,2000-11-06,1485,2,45.82,2.68,,
135781,P,2001-06-06,41680,8,42.39,4.33,,
135782,P,2000-04-27,87967,9,54.81,6.71,,
135783,P,2002-08-11,9866,5,77.90,8.47,,
135784,P,2000-05-28,50166,5,21.67,0.64,,
135785,P,2002-04-09,69541,5,29.40,4.41,,
135786,P,2000-03-25,88010,7,67.70,3.20,,
135787,P,2000-02-13,52535,7,21.08,8.38,,
135788,P,2002-03-17,61696,8,81.10,9.81,,
135789,P,2001-01-09,47761,6,44.26,1.63,,
135790,P,2002-01-18,64004,5,48.83,2.43,,
135791,P,2000-02-01,2448,8,34.22,4.38,,
135792,P,2001-09-03,95925,2,53.38,2.15,,
135793,P,2001-07-04,70286,7,5.41,0.19,,
135794,P,2002-01-31,3105,4,87.56,5.26,,
135795,P,2001-09-22,46954,6,99.29,1.72,,
135796,P,2002-09-26,50581,2,75.26,9.17,,
135797,P,2002-07-09,52252,4,65.66,5.24,,
135798,P,2001-12-01,45088,1,42.25,5.99,,
135799,P,2001-08-07,21561,1,56.02,8.99,,
135800,P,2001-11-01,81748,5,5.63,6.31,,
135801,P,2000-04-01,66059,8,44.83,2.07,,
135802,P,2001-12-01,45075,9,24.68,4.57,,
135803,P,2000-11-15,69691,2,36.91,2.47,,
135804,P,2002-08-04,98352,5,44.69,6.35,,
135805,P,2000-05-24,42122,1,84.07,1.08,,
135806,P,2000-06-23,91839,10,17.96,5.51,,
135807,P,2002-06-27,86933,2,6.15,0.82,,
135808,P,2001-01-06,96763,7,48.16,2.49,,
135809,P,2001-11-20,38922,3,70.70,3.35,,
135810,P,2000-07-23,92638,5,11.51,8.33,,
135811,P,2000-04-17,40516,4,46.08,3.47,,
135812,P,2000-06-06,24301,2,35.09,7.56,,
135813,P,2002-03-15,66792,8,41.04,0.59,,
135814,P,2002-01-22,65603,3,25.37,4.42,,
135815,P,2000-09-18,53786,1,57.37,3.46,,
135816,P,2000-12-08,75309,9,58.59,6.06,,
135817,P,2000-06-13,52349,10,61.44,5.91,,
135818,P,2001-06-26,65882,5,52.00,9.19,,
135819,P,2001-06-17,76891,8,69.50,3.85,,
135820,P,2001-09-03,67917,8,82.48,7.41,,
135821,P,2001-02-25,87074,1,43.13,6.00,,
135822,P,2001-07-13,35432,8,27.83,3.87,,
135823,P,2002-08-09,81742,5,62.88,2.25,,
135824,P,2001-02-05,60991,9,41.36,0.42,,
135825,P,2000-05-06,89875,2,9.15,7.66,,
135826,P,2002-04-06,91587,3,55.30,2.64,,
135827,P,2001-08-29,64945,4,74.06,1.16,,
135828,P,2000-06-29,44366,3,83.91,6.89,,
135829,P,2001-02-20,33707,9,41.10,6.49,,
135830,P,2001-10-17,95008,5,61.71,6.28,,
135831,P,2001-05-01,41241,1,84.81,2.16,,
135832,P,2002-06-02,88397,1,90.77,4.68,,
135833,P,2000-01-21,93722,2,89.78,4.69,,
135834,P,2000-08-29,59558,9,41.29,2.20,,
135835,P,2002-05-16,12801,3,48.64,1.76,,
135836,P,2001-06-08,86036,10,78.07,0.88,,
135837,P,2002-07-24,85691,3,66.89,1.25,,
135838,P,2002-03-29,20656,5,44.84,4.33,,
135839,P,2000-12-23,65327,8,26.62,9.72,,
135840,P,2000-11-28,7515,5,22.70,4.10,,
135841,P,2002-09-23,38791,6,93.82,1.71,,
135842,P,2001-01-05,66173,1,77.04,0.77,,
135843,P,2001-08-01,78703,1,19.46,5.54,,
135844,P,2000-07-25,25575,7,10.26,9.81,,
135845,P,2001-08-08,95787,5,29.03,0.24,,
135846,P,2000-03-27,74255,10,57.86,1.88,,
135847,P,2001-06-29,59753,3,30.29,9.62,,
135848,P,2002-09-20,46470,7,35.20,7.54,,
135849,P,2001-07-09,61915,7,43.05,1.41,,
135850,P,2001-12-20,20673,1,79.91,6.20,,
135851,P,2000-07-07,51758,8,11.59,5.34,,
135852,P,2001-04-19,9896,7,28.56,3.81,,
135853,P,2002-04-26,68384,9,10.44,7.95,,
135854,P,2000-04-07,46459,6,30.02,2.41,,
135855,P,2001-10-04,22913,3,77.95,6.84,,
135856,P,2002-03-21,26689,8,94.87,5.91,,
135857,P,2000-02-02,91959,8,64.81,4.51,,
135858,P,2001-02-25,6542,10,44.42,8.51,,
135859,P,2000-10-01,59690,1,23.67,5.97,,
135860,P,2001-03-30,43188,2,33.69,3.67,,
135861,P,2002-04-17,67901,7,85.18,3.76,,
135862,P,2000-06-10,22888,4,72.96,0.31,,
135863,P,2002-04-02,82108,9,26.64,9.03,,
135864,P,2001-12-12,91766,2,90.38,8.93,,
135865,P,2000-03-09,3897,6,4.29,0.54,,
135866,P,2001-06-10,8801,10,94.46,8.34,,
135867,P,2000-07-19,92354,3,67.16,2.79,,
135868,P,2002-06-11,90409,7,71.58,8.88,,
135869,P,2002-07-01,40754,1,24.23,8.67,,
135870,P,2000-05-28,28876,9,9.33,8.35,,
135871,P,2001-06-25,81411,1,29.84,5.96,,
135872,P,2002-02-01,48278,4,94.34,6.19,,
135873,P,2000-12-31,79051,9,71.53,6.74,,
135874,P,2000-12-11,4601,10,94.09,2.82,,
135875,P,2001-11-09,19242,6,58.36,5.93,,
135876,P,2001-05-18,46545,6,53.77,0.46,,
135877,P,2002-05-04,31290,10,20.79,0.81,,
135878,P,2002-08-05,22093,9,81.73,2.32,,
135879,P,2001-10-26,85233,7,52.42,5.21,,
135880,P,2002-08-16,94620,6,76.91,0.57,,
135881,P,2000-06-03,29173,8,7.15,3.89,,
135882,P,2000-09-28,24389,7,73.04,4.62,,
135883,P,2001-01-10,28596,2,25.78,1.06,,
135884,P,2000-05-04,46684,8,61.23,1.07,,
135885,P,2001-05-05,51616,6,6.26,9.84,,
135886,P,2001-07-09,99506,7,40.39,9.18,,
135887,P,2000-04-02,59654,1,87.31,6.49,,
135888,P,2000-05-09,23007,5,53.52,4.10,,
135889,P,2001-03-19,89816,6,25.45,0.32,,
135890,P,2002-03-19,13224,3,61.81,2.87,,
135891,P,2001-01-10,63043,5,80.37,9.40,,
135892,P,2001-06-23,90622,9,0.04,6.84,,
135893,P,2002-07-19,86212,4,20.16,7.20,,
135894,P,2000-01-28,96836,10,29.42,0.01,,
135895,P,2000-11-15,42863,5,75.16,1.68,,
135896,P,2001-02-09,85727,7,16.60,7.97,,
135897,P,2000-09-21,74921,7,81.62,3.51,,
135898,P,2002-09-13,28318,2,86.94,2.36,,
135899,P,2000-09-30,52602,9,43.62,4.77,,
135900,P,2000-06-02,34774,1,18.35,3.07,,
135901,P,2002-02-19,83472,10,21.09,3.28,,
135902,P,2000-11-26,69219,5,83.90,9.65,,
135903,P,2000-02-06,92397,10,23.88,4.81,,
135904,P,2001-06-17,59342,8,75.78,4.76,,
135905,P,2000-06-05,68136,4,12.84,5.67,,
135906,P,2002-02-18,67339,2,25.52,9.69,,
135907,P,2002-09-18,91626,6,17.52,3.87,,
135908,P,2001-06-29,17837,2,56.39,0.86,,
135909,P,2001-09-25,6400,5,55.45,2.19,,
135910,P,2000-08-19,657,8,93.15,7.68,,
135911,P,2001-04-10,51486,5,2.45,0.78,,
135912,P,2001-04-11,52325,6,1.82,9.63,,
135913,P,2001-03-30,37321,10,10.02,3.37,,
135914,P,2002-09-10,33732,4,4.14,2.92,,
135915,P,2000-05-05,94148,4,40.45,4.04,,
135916,P,2002-04-23,68848,3,79.48,8.25,,
135917,P,2000-10-13,40288,8,94.82,5.29,,
135918,P,2000-06-02,98565,1,25.83,3.49,,
135919,P,2002-05-27,73655,9,79.21,5.51,,
135920,P,2000-07-17,67792,6,55.68,9.90,,
135921,P,2002-05-28,73668,2,96.22,3.29,,
135922,P,2002-06-16,78159,7,81.33,2.43,,
135923,P,2001-02-12,57881,8,41.41,6.29,,
135924,P,2002-04-28,37105,1,41.83,6.52,,
135925,P,2001-07-19,51038,6,94.76,1.41,,
135926,P,2001-01-02,82965,8,45.67,2.94,,
135927,P,2000-08-16,80231,7,8.53,4.14,,
135928,P,2001-07-07,73592,8,39.39,9.49,,
135929,P,2000-10-18,73815,9,88.36,5.02,,
135930,P,2002-09-21,76329,5,56.31,4.98,,
135931,P,2002-03-15,51516,9,76.62,1.17,,
135932,P,2001-05-11,12568,5,57.97,0.48,,
135933,P,2000-03-26,94433,8,26.90,0.22,,
135934,P,2002-02-09,3934,5,64.57,7.41,,
135935,P,2002-04-04,7094,1,53.69,6.96,,
135936,P,2000-08-13,70727,5,42.79,9.67,,
135937,P,2000-11-18,81391,2,89.31,6.46,,
135938,P,2000-10-21,9031,6,7.37,7.23,,
135939,P,2000-10-06,52552,8,80.36,3.08,,
135940,P,2000-01-31,13876,1,50.50,6.37,,
135941,P,2002-05-06,93230,4,77.84,8.21,,
135942,P,2002-05-08,63724,9,37.90,8.81,,
135943,P,2002-04-10,67569,3,19.92,9.22,,
135944,P,2000-04-24,10123,10,46.82,0.41,,
135945,P,2000-09-23,35155,5,12.23,9.51,,
135946,P,2000-03-05,89418,6,64.88,5.63,,
135947,P,2002-05-26,45281,1,57.47,9.20,,
135948,P,2002-06-26,83857,6,92.65,6.82,,
135949,P,2002-03-19,94132,5,67.71,8.45,,
135950,P,2001-04-17,8158,7,81.82,7.88,,
135951,P,2000-03-26,8041,2,21.66,5.44,,
135952,P,2002-08-09,19381,8,63.65,6.15,,
135953,P,2000-12-15,27984,6,13.23,3.83,,
135954,P,2001-01-15,37349,3,88.89,4.34,,
135955,P,2001-04-07,92711,6,39.02,5.18,,
135956,P,2001-02-25,44405,9,2.04,0.12,,
135957,P,2001-05-27,7723,10,49.27,4.63,,
135958,P,2001-07-02,50042,4,55.80,1.01,,
135959,P,2001-09-07,40218,2,2.82,8.55,,
135960,P,2002-02-17,49654,1,79.89,8.84,,
135961,P,2000-05-29,17134,1,3.79,4.52,,
135962,P,2002-01-09,31694,9,96.28,6.68,,
135963,P,2001-09-15,92360,9,90.57,4.59,,
135964,P,2000-09-19,49005,2,57.07,4.86,,
135965,P,2000-10-23,47987,6,53.92,0.12,,
135966,P,2001-02-03,87284,3,37.92,2.59,,
135967,P,2002-06-07,93532,9,50.91,3.62,,
135968,P,2001-09-19,45286,8,11.15,1.17,,
135969,P,2002-04-01,16311,10,78.68,7.91,,
135970,P,2002-09-01,10732,1,26.75,4.66,,
135971,P,2000-12-12,34394,1,16.53,6.00,,
135972,P,2000-08-27,75089,4,5.34,3.42,,
135973,P,2001-10-03,70872,4,24.50,2.30,,
135974,P,2001-07-24,85351,4,15.94,4.13,,
135975,P,2002-04-11,57012,3,85.83,9.56,,
135976,P,2000-03-04,23310,9,87.49,10.00,,
135977,P,2002-03-22,31847,8,65.22,0.04,,
135978,P,2001-09-25,1823,6,34.97,5.21,,
135979,P,2002-03-30,3046,1,34.36,0.41,,
135980,P,2001-11-06,55158,7,21.06,6.64,,
135981,P,2001-09-30,48543,4,3.71,7.11,,
135982,P,2000-12-20,99579,2,50.63,3.55,,
135983,P,2000-02-22,61114,10,52.93,7.04,,
135984,P,2000-11-28,29447,10,96.44,1.12,,
135985,P,2000-05-28,67017,7,0.02,1.21,,
135986,P,2000-12-25,84824,4,24.08,0.14,,
135987,P,2001-05-02,13862,9,98.85,2.16,,
135988,P,2001-01-29,89685,3,57.80,1.17,,
135989,P,2001-07-21,27148,5,37.64,1.17,,
135990,P,2002-05-29,39551,5,5.79,2.59,,
135991,P,2000-03-04,15551,4,26.42,2.63,,
135992,P,2000-12-11,31647,5,49.01,4.93,,
135993,P,2000-05-06,35448,7,89.23,3.71,,
135994,P,2000-07-11,51555,5,80.90,8.80,,
135995,P,2001-10-03,17614,5,58.99,0.51,,
135996,P,2002-09-07,25049,6,86.85,0.65,,
135997,P,2002-06-26,51374,7,50.63,2.69,,
135998,P,2000-02-16,835,7,59.86,9.28,,
135999,P,2001-10-25,20950,4,80.09,7.02,,
136000,P,2001-06-11,40422,7,17.14,4.24,,
136001,P,2000-05-25,94268,1,24.48,3.28,,
136002,P,2001-07-15,56085,9,11.55,5.35,,
136003,P,2001-01-09,64683,2,32.83,7.16,,
136004,P,2001-09-21,92383,5,65.95,5.48,,
136005,P,2002-01-12,26283,9,37.23,1.94,,
136006,P,2001-04-16,97115,8,43.22,2.13,,
136007,P,2002-04-01,31502,9,81.15,7.16,,
136008,P,2002-02-08,54058,3,11.06,8.17,,
136009,P,2000-07-13,27602,7,33.31,8.70,,
136010,P,2002-08-27,47385,10,78.72,3.77,,
136011,P,2001-05-04,8551,8,25.34,3.04,,
136012,P,2002-09-27,91744,6,92.72,6.51,,
136013,P,2002-08-10,7469,9,31.36,7.70,,
136014,P,2002-01-24,97874,6,88.87,0.05,,
136015,P,2000-09-25,76627,2,92.25,1.38,,
136016,P,2001-01-05,39826,1,51.31,3.53,,
136017,P,2000-11-22,90101,5,26.32,5.20,,
136018,P,2002-07-10,71047,1,57.03,9.21,,
136019,P,2002-06-18,7138,8,27.15,4.47,,
136020,P,2000-09-22,59882,7,37.03,0.26,,
136021,P,2001-06-10,71986,5,6.35,3.39,,
136022,P,2001-10-29,48339,7,3.09,2.85,,
136023,P,2001-03-20,65400,9,17.35,2.13,,
136024,P,2001-03-21,65318,6,94.94,2.95,,
136025,P,2001-04-28,8725,5,44.61,9.14,,
136026,P,2001-04-12,77957,9,93.50,1.18,,
136027,P,2001-10-17,112,2,77.96,2.01,,
136028,P,2002-07-02,37680,7,58.41,9.88,,
136029,P,2000-04-09,57805,8,2.21,9.68,,
136030,P,2000-02-04,11738,4,23.50,5.09,,
136031,P,2000-04-28,34845,4,63.37,0.74,,
136032,P,2002-08-21,66532,5,23.15,2.21,,
136033,P,2002-09-24,76813,2,44.69,9.64,,
136034,P,2000-06-28,44655,1,65.55,4.38,,
136035,P,2002-03-02,77262,1,3.90,4.44,,
136036,P,2001-12-08,53444,2,94.37,1.05,,
136037,P,2000-10-22,2390,5,94.85,6.35,,
136038,P,2000-12-25,76293,9,51.72,1.67,,
136039,P,2000-10-07,19338,5,68.89,8.32,,
136040,P,2000-05-07,26553,2,89.41,8.77,,
136041,P,2002-07-13,84971,6,37.79,1.43,,
136042,P,2000-08-03,46422,5,84.93,7.64,,
136043,P,2000-02-16,83485,5,4.52,1.06,,
136044,P,2000-05-21,99961,1,76.03,4.41,,
136045,P,2000-08-18,68362,1,56.03,8.20,,
136046,P,2002-04-02,99301,5,24.61,4.83,,
136047,P,2000-03-20,95174,3,53.97,8.59,,
136048,P,2000-11-23,38929,4,1.95,0.28,,
136049,P,2000-07-03,70740,9,38.96,1.01,,
136050,P,2001-03-25,17058,3,67.67,1.34,,
136051,P,2000-09-29,34284,10,68.40,6.61,,
136052,P,2002-06-01,73240,4,67.44,7.38,,
136053,P,2002-03-06,30215,2,96.43,9.39,,
136054,P,2000-04-27,33472,6,9.88,6.80,,
136055,P,2001-05-25,38646,2,19.57,9.67,,
136056,P,2001-10-01,12973,1,12.83,7.33,,
136057,P,2000-06-01,85546,4,43.37,8.34,,
136058,P,2001-10-31,46140,9,25.98,2.62,,
136059,P,2002-03-11,86850,3,53.65,5.20,,
136060,P,2000-11-09,27722,6,39.58,8.93,,
136061,P,2002-09-03,11429,3,0.23,3.78,,
136062,P,2000-10-18,55480,8,62.11,8.04,,
136063,P,2002-04-04,52573,3,0.55,5.72,,
136064,P,2000-04-30,721,8,92.85,9.83,,
136065,P,2001-03-07,92537,2,91.60,2.46,,
136066,P,2002-06-17,73233,2,94.99,2.04,,
136067,P,2000-01-31,16509,4,28.73,2.00,,
136068,P,2002-07-10,13772,6,14.51,0.44,,
136069,P,2000-09-23,77035,6,16.24,9.66,,
136070,P,2002-09-02,31241,7,84.08,9.98,,
136071,P,2001-12-26,31363,10,21.32,2.12,,
136072,P,2001-12-06,81408,6,26.96,7.01,,
136073,P,2002-06-05,26165,4,30.08,8.90,,
136074,P,2002-09-15,14705,9,41.82,5.67,,
136075,P,2000-11-06,16255,10,84.28,5.43,,
136076,P,2000-02-21,23750,5,16.25,3.30,,
136077,P,2000-02-19,30765,9,25.86,4.10,,
136078,P,2002-04-13,85399,4,98.05,7.09,,
136079,P,2000-08-16,68340,7,64.31,4.10,,
136080,P,2000-02-15,27612,1,93.70,6.17,,
136081,P,2002-08-06,19907,1,75.97,9.37,,
136082,P,2000-06-12,96034,10,67.74,4.56,,
136083,P,2002-04-10,63131,9,89.99,4.06,,
136084,P,2001-02-24,37209,6,88.45,6.78,,
136085,P,2001-07-19,48424,1,35.66,3.30,,
136086,P,2002-04-14,61241,5,73.82,0.16,,
136087,P,2001-05-21,29315,7,66.90,2.69,,
136088,P,2000-12-25,55401,3,64.20,3.69,,
136089,P,2000-01-02,91411,10,67.78,9.25,,
136090,P,2002-02-12,1962,1,84.29,4.96,,
136091,P,2000-02-05,23330,7,85.00,1.40,,
136092,P,2001-10-21,7337,3,62.46,8.80,,
136093,P,2001-10-17,44062,9,35.15,9.78,,
136094,P,2002-05-19,83641,9,73.19,9.35,,
136095,P,2000-02-02,78095,8,68.78,7.98,,
136096,P,2001-12-19,90576,6,98.49,7.62,,
136097,P,2000-07-01,3514,1,54.48,3.86,,
136098,P,2000-12-23,40640,4,40.25,3.81,,
136099,P,2000-10-15,63213,6,87.52,3.21,,
136100,P,2002-07-05,3255,6,98.80,5.94,,
136101,P,2000-04-05,15038,8,92.12,2.54,,
136102,P,2000-08-12,15408,6,8.99,9.23,,
136103,P,2001-07-27,98240,5,14.39,9.86,,
136104,P,2000-03-02,98190,8,74.77,7.03,,
136105,P,2001-02-20,44889,6,72.83,0.76,,
136106,P,2002-01-23,40497,3,46.72,7.87,,
136107,P,2002-04-22,16774,6,90.62,1.20,,
136108,P,2002-05-29,75204,5,44.69,5.82,,
136109,P,2002-04-04,43684,3,46.45,4.43,,
136110,P,2000-07-09,64364,3,99.64,9.92,,
136111,P,2001-05-09,22934,2,96.68,2.21,,
136112,P,2001-09-27,57719,9,41.47,3.89,,
136113,P,2000-08-21,22554,8,7.87,8.96,,
136114,P,2002-05-31,79123,10,82.16,8.58,,
136115,P,2002-06-09,27585,4,19.79,2.86,,
136116,P,2001-09-28,18057,5,84.46,7.69,,
136117,P,2001-05-10,88131,5,24.99,8.78,,
136118,P,2000-06-06,38730,1,73.89,1.16,,
136119,P,2000-03-14,64051,4,40.83,8.19,,
136120,P,2002-09-24,92089,9,8.22,7.31,,
136121,P,2002-02-14,34380,4,6.96,4.87,,
136122,P,2002-01-17,24813,6,62.12,0.21,,
136123,P,2001-05-14,75422,1,74.63,0.09,,
136124,P,2002-09-11,23439,6,73.14,2.21,,
136125,P,2001-12-20,75685,4,72.58,6.67,,
136126,P,2000-07-09,88231,7,64.03,0.24,,
136127,P,2001-04-17,92104,3,24.32,1.80,,
136128,P,2002-02-04,77237,6,80.29,5.75,,
136129,P,2002-05-28,22496,3,53.25,5.18,,
136130,P,2001-10-05,57575,5,32.72,5.46,,
136131,P,2001-05-18,93041,6,76.62,8.69,,
136132,P,2001-09-22,83223,9,94.59,5.41,,
136133,P,2000-08-29,72337,5,73.55,3.45,,
136134,P,2001-01-02,82893,10,70.05,5.18,,
136135,P,2001-10-27,44171,7,29.66,0.14,,
136136,P,2002-06-11,12815,6,34.56,0.49,,
136137,P,2000-09-30,41392,8,23.93,4.32,,
136138,P,2000-06-11,28309,9,20.49,9.59,,
136139,P,2001-02-20,20819,10,20.47,5.80,,
136140,P,2000-05-31,46655,6,86.83,1.47,,
136141,P,2002-08-22,73614,7,68.40,4.97,,
136142,P,2001-08-06,62542,3,70.98,2.12,,
136143,P,2000-09-10,77858,7,47.55,4.67,,
136144,P,2000-04-13,95256,1,31.18,7.46,,
136145,P,2000-03-16,18579,9,78.42,5.35,,
136146,P,2002-08-03,59635,1,9.08,1.55,,
136147,P,2000-04-16,830,8,20.57,3.76,,
136148,P,2000-07-02,35851,9,64.91,1.05,,
136149,P,2001-12-23,30744,10,87.25,8.22,,
136150,P,2001-04-17,47702,10,52.73,0.65,,
136151,P,2001-04-16,56599,2,50.74,2.70,,
136152,P,2000-05-29,55686,9,32.97,3.73,,
136153,P,2001-05-20,51028,2,63.77,3.26,,
136154,P,2001-06-27,97511,8,46.78,3.01,,
136155,P,2002-05-25,39386,3,18.66,2.78,,
136156,P,2002-08-06,62040,6,76.81,0.11,,
136157,P,2001-01-19,50075,4,78.62,1.85,,
136158,P,2002-03-10,6883,3,21.52,1.18,,
136159,P,2000-09-21,22385,4,7.45,7.78,,
136160,P,2001-03-12,36697,8,68.72,9.57,,
136161,P,2000-06-18,19207,10,10.66,3.53,,
136162,P,2001-05-13,43086,7,69.63,3.28,,
136163,P,2000-07-02,16732,7,20.67,6.88,,
136164,P,2001-11-15,29397,3,52.60,6.06,,
136165,P,2001-01-23,82515,1,84.62,7.14,,
136166,P,2000-05-05,96312,1,43.04,9.96,,
136167,P,2001-09-29,5029,2,35.95,8.94,,
136168,P,2000-03-21,65577,10,76.86,5.68,,
136169,P,2002-01-05,2303,7,18.93,0.97,,
136170,P,2000-06-27,97818,3,93.33,4.87,,
136171,P,2000-08-04,39048,8,37.02,6.69,,
136172,P,2002-05-15,42353,7,77.04,0.58,,
136173,P,2000-02-13,41160,6,82.29,3.92,,
136174,P,2000-03-27,7397,9,0.82,5.50,,
136175,P,2001-08-27,22884,8,80.34,1.50,,
136176,P,2001-07-10,96278,2,32.97,7.48,,
136177,P,2001-09-29,79081,1,92.56,1.34,,
136178,P,2002-09-21,83241,2,29.87,3.54,,
136179,P,2000-07-11,92845,3,9.35,9.31,,
136180,P,2002-09-20,70630,5,85.42,4.70,,
136181,P,2001-06-22,9898,7,87.39,6.02,,
136182,P,2002-01-27,9514,7,8.01,2.13,,
136183,P,2000-12-23,52688,7,8.30,9.47,,
136184,P,2002-06-11,18929,5,96.20,4.72,,
136185,P,2002-02-24,80929,3,17.86,1.47,,
136186,P,2002-03-16,23019,9,27.96,7.81,,
136187,P,2001-10-07,56704,4,12.71,9.08,,
136188,P,2000-09-21,68506,3,20.47,7.16,,
136189,P,2000-10-25,76079,2,92.38,9.34,,
136190,P,2000-08-13,17929,8,1.04,8.61,,
136191,P,2000-03-09,61451,10,15.70,7.09,,
136192,P,2000-08-05,47281,3,79.54,2.49,,
136193,P,2000-03-30,99728,2,66.77,2.74,,
136194,P,2001-02-25,7251,10,39.06,7.36,,
136195,P,2000-03-21,77997,7,80.68,7.93,,
136196,P,2002-06-13,27557,4,68.07,4.03,,
136197,P,2001-06-19,77029,5,73.32,0.28,,
136198,P,2001-06-11,59985,2,28.85,1.77,,
136199,P,2001-01-31,50270,1,72.33,2.78,,
136200,P,2000-09-07,73882,4,77.00,9.16,,
136201,P,2001-11-17,14604,1,80.97,5.97,,
136202,P,2001-05-22,3854,3,13.43,3.06,,
136203,P,2001-11-16,13413,10,48.19,0.89,,
136204,P,2002-06-23,98195,1,22.97,1.86,,
136205,P,2001-12-20,39808,4,15.82,6.59,,
136206,P,2000-07-05,32080,5,41.72,2.80,,
136207,P,2002-06-08,26306,8,27.59,0.44,,
136208,P,2001-12-26,22060,5,16.98,0.99,,
136209,P,2002-08-14,89128,1,11.60,9.08,,
136210,P,2000-04-23,34334,6,72.27,0.49,,
136211,P,2000-10-21,69843,10,94.17,3.19,,
136212,P,2000-04-28,38776,7,59.87,4.73,,
136213,P,2002-07-08,59681,5,83.95,7.42,,
136214,P,2000-06-17,41129,5,42.34,5.17,,
136215,P,2001-06-19,3556,8,78.55,7.11,,
136216,P,2002-08-19,63278,3,60.15,6.10,,
136217,P,2000-02-07,62634,7,31.67,2.72,,
136218,P,2001-05-29,17495,7,7.52,4.70,,
136219,P,2000-03-03,62532,3,79.38,2.60,,
136220,P,2002-07-11,35896,9,89.14,0.87,,
136221,P,2001-05-21,73226,7,85.77,6.74,,
136222,P,2001-05-30,81992,6,36.21,5.84,,
136223,P,2000-12-31,97269,3,80.90,7.12,,
136224,P,2002-06-18,99269,4,59.95,5.14,,
136225,P,2000-06-13,60746,3,28.31,5.71,,
136226,P,2002-06-04,34631,2,80.85,5.29,,
136227,P,2001-04-11,9683,8,88.59,7.90,,
136228,P,2001-02-27,79858,9,76.66,1.25,,
136229,P,2001-08-12,14126,6,66.31,8.37,,
136230,P,2001-12-27,51713,10,2.86,4.28,,
136231,P,2000-05-28,27318,9,67.34,8.90,,
136232,P,2001-09-10,31762,4,32.88,8.06,,
136233,P,2000-01-16,52641,5,46.67,7.69,,
136234,P,2000-05-08,65155,1,24.47,7.50,,
136235,P,2002-08-06,49516,8,49.05,6.74,,
136236,P,2001-10-15,89161,9,27.39,3.35,,
136237,P,2000-07-28,53516,5,11.00,5.58,,
136238,P,2000-08-16,72270,5,60.64,5.25,,
136239,P,2000-06-13,89853,10,17.93,0.40,,
136240,P,2002-05-22,2393,5,74.45,7.57,,
136241,P,2001-10-03,78742,5,20.33,9.61,,
136242,P,2002-03-30,20182,7,62.24,9.40,,
136243,P,2000-10-15,70557,2,28.05,0.55,,
136244,P,2001-01-19,64315,1,34.01,8.97,,
136245,P,2000-06-17,77666,9,3.94,1.42,,
136246,P,2001-08-11,29549,1,44.97,8.83,,
136247,P,2000-05-04,97701,2,97.97,0.87,,
136248,P,2000-09-14,21311,5,21.50,7.51,,
136249,P,2000-10-06,4254,8,20.63,6.41,,
136250,P,2000-08-24,28478,5,73.32,3.36,,
136251,P,2002-05-30,56698,4,12.53,9.97,,
136252,P,2000-03-18,6195,7,38.77,5.35,,
136253,P,2001-02-03,30905,10,38.10,6.06,,
136254,P,2001-11-01,12025,4,50.02,7.95,,
136255,P,2001-03-30,42996,10,33.57,6.99,,
136256,P,2001-11-25,21962,1,82.12,5.88,,
136257,P,2002-08-04,21115,5,30.66,3.87,,
136258,P,2000-11-16,8492,2,62.09,7.15,,
136259,P,2001-05-26,4262,8,8.39,5.40,,
136260,P,2001-05-15,60730,3,79.17,0.40,,
136261,P,2001-10-26,72910,4,21.60,2.28,,
136262,P,2000-08-14,41258,4,92.81,5.45,,
136263,P,2002-05-27,98904,8,10.74,4.12,,
136264,P,2002-02-07,81796,10,9.02,9.76,,
136265,P,2000-03-24,77981,2,83.71,4.25,,
136266,P,2001-12-10,64748,8,61.53,7.71,,
136267,P,2001-12-04,27070,8,79.34,4.52,,
136268,P,2002-01-30,43577,1,46.07,6.27,,
136269,P,2001-07-11,59566,8,42.66,4.41,,
136270,P,2000-09-02,68134,6,68.10,2.91,,
136271,P,2000-05-19,88169,6,43.22,4.80,,
136272,P,2001-09-18,928,8,41.15,2.33,,
136273,P,2000-02-24,96169,4,47.91,9.87,,
136274,P,2002-01-14,73439,3,47.90,2.21,,
136275,P,2000-01-20,93305,9,26.44,6.44,,
136276,P,2001-07-28,11290,10,66.04,9.22,,
136277,P,2001-08-22,51896,10,1.65,6.41,,
136278,P,2001-12-05,322,4,64.43,6.55,,
136279,P,2001-01-06,9846,3,21.34,4.10,,
136280,P,2000-05-12,86243,8,41.07,7.77,,
136281,P,2000-08-03,49846,6,42.50,1.70,,
136282,P,2002-07-06,56770,7,83.24,4.25,,
136283,P,2001-09-14,6003,8,32.17,6.96,,
136284,P,2000-11-22,35068,7,43.75,8.73,,
136285,P,2000-02-27,30392,8,47.56,4.11,,
136286,P,2000-12-02,85129,9,23.56,6.81,,
136287,P,2000-12-07,91391,1,15.32,5.39,,
136288,P,2000-05-26,64269,3,28.58,7.93,,
136289,P,2002-09-05,77628,2,21.18,9.11,,
136290,P,2000-04-12,28619,1,98.07,9.48,,
136291,P,2002-08-27,3725,3,12.20,2.58,,
136292,P,2001-01-15,64567,6,62.11,4.78,,
136293,P,2000-07-02,72681,10,33.06,6.04,,
136294,P,2001-09-01,65300,2,15.11,4.96,,
136295,P,2001-12-31,4657,5,68.54,8.63,,
136296,P,2000-05-28,58169,7,13.82,3.08,,
136297,P,2000-08-17,46751,8,64.50,1.45,,
136298,P,2000-10-30,22447,10,43.19,2.94,,
136299,P,2000-01-27,15408,9,17.16,9.03,,
136300,P,2001-11-18,56838,6,8.74,7.72,,
136301,P,2001-05-03,94569,7,9.83,5.98,,
136302,P,2001-08-20,12675,7,46.85,2.92,,
136303,P,2001-02-26,21771,7,2.77,2.83,,
136304,P,2000-01-19,94422,7,98.05,6.76,,
136305,P,2000-01-01,93473,4,94.62,4.96,,
136306,P,2000-03-01,60390,6,7.09,4.06,,
136307,P,2001-12-16,97952,1,31.81,3.15,,
136308,P,2002-04-22,49372,1,5.54,4.25,,
136309,P,2000-10-25,91957,8,61.56,1.86,,
136310,P,2000-10-17,23150,7,45.79,1.83,,
136311,P,2001-02-07,17861,8,33.94,4.66,,
136312,P,2001-04-04,95457,8,30.13,1.19,,
136313,P,2001-12-18,95000,2,3.06,6.46,,
136314,P,2000-09-06,75471,9,62.20,2.65,,
136315,P,2000-02-12,24669,1,79.91,6.08,,
136316,P,2001-11-13,77597,7,34.76,7.71,,
136317,P,2000-11-25,49845,4,50.22,1.50,,
136318,P,2001-02-26,87212,3,61.54,9.84,,
136319,P,2001-07-23,90649,9,66.04,3.67,,
136320,P,2001-09-16,34663,10,50.95,5.43,,
136321,P,2001-12-01,26117,7,74.21,0.25,,
136322,P,2001-02-01,13541,5,72.46,3.18,,
136323,P,2000-01-31,94736,6,43.49,7.00,,
136324,P,2002-02-11,65618,2,90.12,8.16,,
136325,P,2001-01-24,32583,4,71.32,0.51,,
136326,P,2000-05-18,33634,9,71.36,2.42,,
136327,P,2002-05-10,53179,10,67.77,4.12,,
136328,P,2001-03-03,65657,5,72.31,7.11,,
136329,P,2001-11-23,53183,4,16.93,1.23,,
136330,P,2001-12-14,46314,6,14.93,1.12,,
136331,P,2000-06-24,99772,7,38.06,2.98,,
136332,P,2000-03-19,73226,9,78.67,1.12,,
136333,P,2001-11-26,26704,2,68.65,0.97,,
136334,P,2000-03-05,81521,4,54.52,0.61,,
136335,P,2002-06-13,89604,6,26.09,6.67,,
136336,P,2000-12-16,32988,7,62.61,7.76,,
136337,P,2001-08-22,38121,5,52.93,8.73,,
136338,P,2001-07-16,37087,9,33.53,7.94,,
136339,P,2002-02-04,29561,4,33.80,3.74,,
136340,P,2002-06-10,20209,4,39.77,3.23,,
136341,P,2001-04-03,23030,5,53.72,0.36,,
136342,P,2000-10-01,12350,9,90.24,5.79,,
136343,P,2002-08-14,85927,7,32.98,2.94,,
136344,P,2000-12-04,15823,6,36.91,4.04,,
136345,P,2001-12-27,74843,2,54.61,4.07,,
136346,P,2001-10-29,42319,1,80.44,4.75,,
136347,P,2000-03-11,9632,3,78.81,2.23,,
136348,P,2001-02-09,39015,6,67.06,5.30,,
136349,P,2001-08-01,57425,4,28.87,2.74,,
136350,P,2002-07-07,28966,6,68.71,1.00,,
136351,P,2001-05-30,9015,8,31.96,4.11,,
136352,P,2000-06-27,95845,8,61.24,9.65,,
136353,P,2000-08-09,63430,4,22.14,1.29,,
136354,P,2002-08-26,36437,5,41.13,8.59,,
136355,P,2001-12-04,73304,2,6.14,2.92,,
136356,P,2000-05-06,66099,2,7.39,1.19,,
136357,P,2001-11-19,47810,4,19.85,4.18,,
136358,P,2001-01-12,33987,4,45.76,5.79,,
136359,P,2002-08-16,39656,1,86.56,9.24,,
136360,P,2001-10-24,81404,3,76.76,0.76,,
136361,P,2001-08-18,2094,1,0.09,8.36,,
136362,P,2002-04-03,4595,9,18.01,3.79,,
136363,P,2002-02-16,72418,10,41.25,7.27,,
136364,P,2000-01-23,77806,6,92.56,4.65,,
136365,P,2002-01-25,435,4,12.38,2.55,,
136366,P,2001-01-16,88408,2,69.11,4.90,,
136367,P,2001-06-01,42588,9,91.61,5.47,,
136368,P,2001-08-30,21144,2,55.38,4.48,,
136369,P,2000-09-30,55863,5,69.03,5.47,,
136370,P,2001-04-05,15286,6,58.54,3.10,,
136371,P,2002-05-18,61884,7,42.69,9.18,,
136372,P,2000-12-18,31782,10,9.14,5.24,,
136373,P,2002-01-30,72697,3,60.27,0.42,,
136374,P,2000-12-11,98202,6,54.33,5.38,,
136375,P,2001-08-17,93357,4,79.41,0.18,,
136376,P,2002-01-29,27735,10,74.50,9.88,,
136377,P,2000-05-05,21312,3,59.88,9.68,,
136378,P,2002-05-29,96816,5,76.87,3.20,,
136379,P,2001-08-21,3399,5,57.15,0.28,,
136380,P,2000-04-01,88361,4,21.20,9.32,,
136381,P,2000-02-15,12911,3,21.94,0.93,,
136382,P,2001-11-03,18632,9,35.75,0.03,,
136383,P,2001-11-01,26197,3,89.34,3.93,,
136384,P,2001-05-14,63087,8,84.94,0.60,,
136385,P,2002-05-12,49304,7,93.38,2.57,,
136386,P,2000-12-29,55354,2,39.15,4.94,,
136387,P,2000-02-01,96581,7,2.87,7.58,,
136388,P,2001-01-11,55989,1,59.17,7.98,,
136389,P,2002-01-05,74814,4,90.20,3.15,,
136390,P,2000-08-10,42663,3,29.11,7.12,,
136391,P,2002-05-25,32085,3,48.29,4.21,,
136392,P,2002-01-01,28305,10,44.36,3.65,,
136393,P,2002-07-17,77324,6,80.40,5.27,,
136394,P,2001-03-26,16187,6,39.47,0.26,,
136395,P,2001-05-10,34600,10,99.46,4.09,,
136396,P,2000-07-27,34906,8,72.54,2.19,,
136397,P,2001-12-05,96697,1,40.58,7.08,,
136398,P,2001-02-05,58887,9,96.89,4.60,,
136399,P,2001-02-04,47403,7,31.00,5.13,,
136400,P,2001-02-27,55820,6,13.93,6.90,,
136401,P,2001-03-23,19471,2,11.15,2.96,,
136402,P,2000-08-03,84669,8,12.50,6.91,,
136403,P,2000-07-22,94223,8,62.75,7.34,,
136404,P,2002-09-01,19017,6,22.12,2.00,,
136405,P,2002-03-26,17815,5,77.73,8.96,,
136406,P,2001-06-24,26052,10,91.12,1.75,,
136407,P,2000-01-17,23827,7,79.50,9.18,,
136408,P,2001-01-24,98385,8,25.60,7.57,,
136409,P,2000-06-04,7172,3,79.55,5.46,,
136410,P,2001-12-13,63439,2,84.24,7.96,,
136411,P,2001-06-28,58136,2,18.16,2.27,,
136412,P,2000-06-01,95327,6,19.63,1.00,,
136413,P,2000-08-20,86877,2,64.46,6.68,,
136414,P,2002-05-28,29274,8,3.33,8.14,,
136415,P,2000-09-28,78889,1,14.73,0.32,,
136416,P,2001-01-30,33047,4,3.19,2.70,,
136417,P,2001-10-08,55636,10,15.30,6.31,,
136418,P,2000-08-11,71855,3,80.17,0.78,,
136419,P,2000-10-03,9264,4,57.64,8.36,,
136420,P,2002-08-22,25910,5,1.01,6.10,,
136421,P,2001-04-30,19692,4,33.13,7.44,,
136422,P,2002-05-21,86348,10,75.58,8.44,,
136423,P,2001-08-16,62639,6,80.88,3.72,,
136424,P,2000-11-03,96209,4,31.69,7.28,,
136425,P,2000-08-08,52379,8,57.88,9.26,,
136426,P,2001-03-13,16040,10,68.39,5.43,,
136427,P,2000-06-10,43143,5,47.60,8.56,,
136428,P,2000-11-10,94185,1,80.66,4.28,,
136429,P,2001-12-31,23139,8,78.25,0.04,,
136430,P,2002-03-07,59297,10,4.63,6.65,,
136431,P,2001-07-09,49784,3,33.72,1.00,,
136432,P,2002-07-08,4828,6,24.66,4.94,,
136433,P,2000-10-08,60011,10,56.22,2.38,,
136434,P,2001-04-14,31509,4,62.65,8.22,,
136435,P,2002-07-10,59106,6,81.24,2.51,,
136436,P,2001-10-09,93,10,58.25,5.70,,
136437,P,2000-06-07,94596,3,18.64,5.79,,
136438,P,2002-08-09,64317,6,40.07,4.45,,
136439,P,2002-09-12,42607,10,48.83,4.40,,
136440,P,2000-03-23,44520,1,26.25,9.26,,
136441,P,2001-04-17,83043,8,93.37,4.09,,
136442,P,2001-02-07,45314,1,54.39,8.81,,
136443,P,2000-04-15,37331,6,1.59,8.33,,
136444,P,2001-10-07,22059,7,75.32,6.86,,
136445,P,2002-02-12,69365,8,84.91,4.95,,
136446,P,2001-11-23,68450,1,55.02,4.86,,
136447,P,2001-01-20,98612,6,44.30,0.13,,
136448,P,2001-02-05,47419,1,13.79,7.90,,
136449,P,2002-01-20,33657,1,57.02,7.18,,
136450,P,2001-05-05,47089,3,54.32,2.01,,
136451,P,2000-08-11,10419,9,95.75,2.66,,
136452,P,2001-02-08,31533,8,16.49,9.93,,
136453,P,2002-02-09,1252,9,28.00,6.66,,
136454,P,2001-10-15,24593,3,21.77,2.44,,
136455,P,2002-04-28,88521,3,92.13,3.24,,
136456,P,2000-02-22,90234,4,60.22,7.88,,
136457,P,2000-11-07,35464,10,15.59,0.24,,
136458,P,2001-03-16,47213,5,59.62,8.26,,
136459,P,2002-01-27,49212,10,83.89,1.57,,
136460,P,2000-10-11,15968,4,73.61,2.16,,
136461,P,2000-12-07,45418,8,12.30,0.46,,
136462,P,2000-04-25,10968,10,79.47,6.16,,
136463,P,2000-03-10,77654,9,33.80,1.44,,
136464,P,2000-06-01,83213,10,72.71,3.49,,
136465,P,2001-05-19,95975,3,25.96,2.87,,
136466,P,2000-03-23,84210,2,63.75,8.78,,
136467,P,2001-07-18,50185,1,73.05,3.41,,
136468,P,2002-08-10,83689,8,44.02,0.46,,
136469,P,2000-12-07,40142,6,55.49,6.95,,
136470,P,2001-11-03,45597,5,81.44,3.05,,
136471,P,2001-07-09,2617,8,14.11,7.18,,
136472,P,2000-04-19,61615,5,66.09,7.66,,
136473,P,2001-12-03,18289,1,33.94,0.42,,
136474,P,2001-09-24,84567,7,77.92,7.37,,
136475,P,2002-05-29,67367,3,84.46,5.27,,
136476,P,2001-03-18,23487,4,18.73,4.34,,
136477,P,2001-06-18,68556,5,68.95,4.54,,
136478,P,2002-01-24,90166,1,9.96,1.94,,
136479,P,2002-01-01,55450,7,26.55,6.09,,
136480,P,2001-06-09,44744,9,48.38,3.30,,
136481,P,2001-01-08,54722,7,76.57,9.54,,
136482,P,2000-01-30,17491,10,22.54,9.25,,
136483,P,2000-03-22,977,6,63.95,1.95,,
136484,P,2000-02-18,76715,4,27.22,8.63,,
136485,P,2000-08-19,15761,8,46.46,5.41,,
136486,P,2002-04-03,86906,1,61.44,1.85,,
136487,P,2000-03-19,64804,9,74.27,0.05,,
136488,P,2001-04-07,45056,1,28.44,8.94,,
136489,P,2002-08-18,72575,7,66.21,4.06,,
136490,P,2000-12-22,75294,3,63.23,2.94,,
136491,P,2001-08-05,58771,6,83.35,5.32,,
136492,P,2000-07-11,13937,1,37.32,4.07,,
136493,P,2000-02-01,46735,9,9.75,5.73,,
136494,P,2000-01-02,72962,5,97.13,1.57,,
136495,P,2002-05-23,38850,5,15.20,3.22,,
136496,P,2000-10-02,83371,5,51.95,8.20,,
136497,P,2001-09-25,33234,2,21.80,4.60,,
136498,P,2000-02-04,27462,7,20.35,3.24,,
136499,P,2001-12-28,91507,8,55.79,9.75,,
136500,P,2002-01-08,19185,3,38.37,3.06,,
136501,P,2002-08-17,42644,8,99.18,0.13,,
136502,P,2001-06-26,68000,3,99.78,8.40,,
136503,P,2000-09-16,6140,8,1.17,4.47,,
136504,P,2000-01-29,85579,4,57.38,0.52,,
136505,P,2000-11-30,96213,4,69.26,6.73,,
136506,P,2000-01-31,86964,7,22.88,2.60,,
136507,P,2002-02-19,59051,8,68.51,7.43,,
136508,P,2000-12-21,33991,1,66.34,4.63,,
136509,P,2000-05-04,40978,2,56.32,3.70,,
136510,P,2002-01-09,87042,5,22.25,7.46,,
136511,P,2002-07-21,10243,10,51.16,6.55,,
136512,P,2000-02-22,22979,8,13.87,7.09,,
136513,P,2000-08-08,64353,3,22.85,6.50,,
136514,P,2000-10-20,41414,8,87.28,6.55,,
136515,P,2000-12-15,89552,7,72.68,8.53,,
136516,P,2001-08-10,27641,3,34.01,3.29,,
136517,P,2000-09-03,5686,5,15.83,2.20,,
136518,P,2000-06-23,83297,9,57.22,6.06,,
136519,P,2001-06-22,36575,4,95.30,8.47,,
136520,P,2000-10-19,61700,9,27.35,9.74,,
136521,P,2000-01-23,38175,1,32.84,4.83,,
136522,P,2002-01-10,44480,5,38.31,3.64,,
136523,P,2001-04-14,63408,4,94.17,9.58,,
136524,P,2002-02-26,69466,5,12.18,1.91,,
136525,P,2002-03-31,44605,10,43.91,8.44,,
136526,P,2000-06-03,45,2,57.83,9.83,,
136527,P,2001-11-25,52345,5,26.62,6.63,,
136528,P,2000-06-11,95309,3,56.99,3.23,,
136529,P,2000-09-17,62586,10,90.71,1.02,,
136530,P,2000-08-08,33514,6,30.21,4.85,,
136531,P,2001-11-25,46012,5,19.38,0.79,,
136532,P,2001-10-01,28827,6,58.92,0.81,,
136533,P,2000-06-21,66261,10,79.96,7.87,,
136534,P,2001-09-24,82642,10,77.42,2.63,,
136535,P,2001-04-19,90624,7,42.50,8.87,,
136536,P,2001-03-11,71622,3,34.90,0.62,,
136537,P,2002-04-18,20613,9,33.31,1.21,,
136538,P,2000-07-03,44923,6,91.46,4.33,,
136539,P,2002-04-01,86551,8,13.85,9.29,,
136540,P,2000-06-23,23395,7,19.56,2.42,,
136541,P,2001-08-18,64720,8,71.75,6.42,,
136542,P,2001-09-11,95937,9,55.74,5.21,,
136543,P,2000-10-26,21869,8,70.75,0.93,,
136544,P,2002-08-31,9176,9,75.81,9.35,,
136545,P,2002-02-17,94080,9,41.53,8.51,,
136546,P,2001-10-15,12709,1,98.96,1.89,,
136547,P,2000-03-11,90610,8,13.83,4.70,,
136548,P,2000-06-26,82910,10,57.31,0.22,,
136549,P,2002-04-03,59236,5,74.62,4.18,,
136550,P,2000-05-11,72540,1,83.14,9.83,,
136551,P,2001-02-12,81935,6,39.16,2.34,,
136552,P,2000-09-26,78824,6,9.21,1.00,,
136553,P,2002-06-15,47627,2,18.97,1.17,,
136554,P,2001-04-28,44329,1,79.16,8.58,,
136555,P,2000-07-13,70776,8,86.01,4.78,,
136556,P,2000-01-23,59500,2,86.34,1.15,,
136557,P,2000-09-21,3859,2,81.68,4.21,,
136558,P,2002-08-20,7710,9,62.77,4.31,,
136559,P,2001-10-05,75725,6,56.81,2.14,,
136560,P,2000-04-27,54168,1,89.62,5.46,,
136561,P,2001-04-02,37614,3,41.52,5.13,,
136562,P,2002-02-04,67460,6,77.25,8.71,,
136563,P,2001-02-03,99699,7,11.86,2.28,,
136564,P,2002-09-06,48128,10,56.00,8.03,,
136565,P,2002-02-19,14466,6,63.08,8.28,,
136566,P,2001-09-18,64178,5,60.07,7.61,,
136567,P,2002-09-04,1018,1,42.94,1.94,,
136568,P,2002-06-08,717,4,16.26,8.51,,
136569,P,2000-05-11,55295,4,76.03,3.13,,
136570,P,2001-10-18,42578,8,15.05,3.95,,
136571,P,2000-03-07,37966,3,98.73,9.96,,
136572,P,2000-01-29,11241,10,30.26,4.77,,
136573,P,2001-05-20,26851,4,40.38,0.44,,
136574,P,2001-06-13,80969,4,61.94,1.37,,
136575,P,2002-08-27,34306,4,1.38,3.67,,
136576,P,2001-03-19,59201,6,31.41,9.84,,
136577,P,2000-06-14,58099,10,64.97,8.28,,
136578,P,2002-08-20,94412,1,42.63,8.17,,
136579,P,2001-09-21,76961,6,1.64,1.14,,
136580,P,2000-05-05,36725,3,84.02,4.11,,
136581,P,2002-09-03,49737,2,21.85,0.36,,
136582,P,2000-03-09,82551,2,47.11,1.20,,
136583,P,2000-04-16,35308,10,73.66,6.03,,
136584,P,2001-01-14,44780,6,22.32,2.16,,
136585,P,2000-08-29,79518,2,31.59,2.82,,
136586,P,2002-03-05,253,2,49.10,6.78,,
136587,P,2000-08-02,76421,4,88.42,8.85,,
136588,P,2000-11-28,38328,2,85.36,4.76,,
136589,P,2002-06-16,28795,10,91.59,5.21,,
136590,P,2001-01-21,46973,2,48.87,9.22,,
136591,P,2000-09-29,27860,8,71.58,2.37,,
136592,P,2002-09-09,71533,7,49.73,2.72,,
136593,P,2001-12-11,42522,9,97.85,3.00,,
136594,P,2001-11-17,35200,1,53.05,5.56,,
136595,P,2001-06-08,33532,5,31.96,9.43,,
136596,P,2001-04-19,69911,8,51.46,3.78,,
136597,P,2000-03-30,35441,8,84.93,9.02,,
136598,P,2001-11-29,92188,10,21.93,0.82,,
136599,P,2000-09-28,96239,4,2.15,6.07,,
136600,P,2000-10-10,77559,6,33.80,9.65,,
136601,P,2000-09-05,38771,9,19.81,8.31,,
136602,P,2002-03-06,33558,7,19.63,9.43,,
136603,P,2001-08-29,63021,6,75.29,4.16,,
136604,P,2000-10-14,21480,10,24.49,6.65,,
136605,P,2002-05-12,27248,7,20.41,5.43,,
136606,P,2001-09-30,73900,4,94.75,7.27,,
136607,P,2001-12-26,24366,7,19.66,3.40,,
136608,P,2002-04-16,52470,10,72.77,9.97,,
136609,P,2002-02-25,4039,2,34.22,0.40,,
136610,P,2002-06-17,82850,10,17.42,8.66,,
136611,P,2001-09-29,12792,4,86.57,6.70,,
136612,P,2001-07-05,33797,6,33.51,0.36,,
136613,P,2002-02-25,8452,5,0.17,6.52,,
136614,P,2000-04-24,95971,5,4.32,0.71,,
136615,P,2000-03-04,47791,1,48.12,7.40,,
136616,P,2000-10-13,55515,4,76.13,2.41,,
136617,P,2001-02-26,6322,5,39.26,0.11,,
136618,P,2000-07-06,1818,6,55.87,1.34,,
136619,P,2002-01-15,82826,4,60.25,1.76,,
136620,P,2000-05-17,3771,5,85.17,3.48,,
136621,P,2001-03-21,5392,5,6.70,1.17,,
136622,P,2001-05-09,62616,8,51.88,7.33,,
136623,P,2001-08-06,97816,9,66.56,1.52,,
136624,P,2000-02-09,66741,1,95.13,7.15,,
136625,P,2000-06-13,30824,1,15.30,3.66,,
136626,P,2000-07-27,91893,6,14.68,4.55,,
136627,P,2000-03-23,70328,3,86.48,2.04,,
136628,P,2002-02-02,77724,1,42.57,1.11,,
136629,P,2001-05-01,17892,2,82.01,5.68,,
136630,P,2002-06-14,2151,2,0.89,6.39,,
136631,P,2000-05-23,51635,6,87.60,5.03,,
136632,P,2000-12-21,83413,9,7.63,6.21,,
136633,P,2002-02-08,71293,5,55.96,2.66,,
136634,P,2001-01-25,1935,9,67.25,1.45,,
136635,P,2000-12-08,56329,1,53.69,5.18,,
136636,P,2000-01-16,58315,2,88.72,3.01,,
136637,P,2001-04-27,68897,1,55.86,2.00,,
136638,P,2002-05-22,57377,7,16.33,9.74,,
136639,P,2002-02-09,71738,6,20.48,3.68,,
136640,P,2000-11-24,10192,1,31.45,9.31,,
136641,P,2001-05-25,32224,3,45.95,5.84,,
136642,P,2001-10-05,56614,3,30.39,4.63,,
136643,P,2002-03-13,47364,10,43.60,5.99,,
136644,P,2001-02-04,98504,8,46.29,8.61,,
136645,P,2002-07-26,54547,10,66.72,6.69,,
136646,P,2001-12-22,57751,5,85.21,6.41,,
136647,P,2002-02-01,59595,6,95.78,3.28,,
136648,P,2001-03-19,49084,9,53.79,2.48,,
136649,P,2000-09-02,68564,8,28.34,7.31,,
136650,P,2002-01-12,30788,10,80.82,9.00,,
136651,P,2000-11-04,63394,5,45.94,0.38,,
136652,P,2000-05-24,50045,10,68.36,3.72,,
136653,P,2001-05-21,63901,4,56.23,5.47,,
136654,P,2002-05-16,17831,2,85.56,7.89,,
136655,P,2001-04-06,83829,8,1.39,9.85,,
136656,P,2002-05-05,45260,10,53.46,4.91,,
136657,P,2001-11-17,57727,10,12.12,6.87,,
136658,P,2001-12-11,65802,4,83.62,2.49,,
136659,P,2002-05-11,47332,1,93.32,6.85,,
136660,P,2002-08-20,23233,8,55.40,7.34,,
136661,P,2001-06-24,20767,1,70.35,1.80,,
136662,P,2000-04-20,56134,3,37.55,6.75,,
136663,P,2000-07-14,89611,6,19.47,9.88,,
136664,P,2000-06-04,94626,2,13.51,7.82,,
136665,P,2001-12-29,14458,5,20.05,6.88,,
136666,P,2002-02-28,96830,7,77.10,1.90,,
136667,P,2000-09-05,36322,9,61.12,4.19,,
136668,P,2002-07-21,64592,5,7.40,2.13,,
136669,P,2000-02-11,97828,2,50.55,5.49,,
136670,P,2000-09-09,29309,7,5.62,5.72,,
136671,P,2001-10-05,25070,1,44.88,3.19,,
136672,P,2001-01-15,17634,10,86.07,5.53,,
136673,P,2000-07-02,19374,5,67.86,2.06,,
136674,P,2001-05-16,70520,9,28.10,7.38,,
136675,P,2001-05-28,77340,3,70.82,8.00,,
136676,P,2001-08-10,37720,3,95.54,2.79,,
136677,P,2000-01-16,80293,4,5.39,2.32,,
136678,P,2001-04-10,91268,6,64.51,7.73,,
136679,P,2000-11-14,3902,3,34.56,2.96,,
136680,P,2002-02-05,66992,3,52.37,1.18,,
136681,P,2002-09-06,9190,5,89.85,4.65,,
136682,P,2000-02-20,72884,3,52.17,8.02,,
136683,P,2001-01-17,10174,3,57.38,4.62,,
136684,P,2000-02-22,97263,2,94.99,8.30,,
136685,P,2001-02-17,77874,1,66.32,5.58,,
136686,P,2002-09-20,44887,4,74.63,8.68,,
136687,P,2001-03-25,23596,3,43.74,9.85,,
136688,P,2001-01-13,83364,3,20.14,2.43,,
136689,P,2002-09-09,71327,3,33.39,9.36,,
136690,P,2000-02-29,4608,6,25.10,9.27,,
136691,P,2002-03-23,25961,5,29.25,7.00,,
136692,P,2002-08-28,62464,2,17.14,6.13,,
136693,P,2002-05-12,61841,10,8.30,9.45,,
136694,P,2001-10-29,76837,4,55.65,8.18,,
136695,P,2001-03-27,20776,2,97.59,5.58,,
136696,P,2000-12-13,61749,4,11.37,5.65,,
136697,P,2001-12-10,36668,10,97.58,2.83,,
136698,P,2001-10-22,91475,5,27.38,1.73,,
136699,P,2000-05-09,68309,1,30.31,3.90,,
136700,P,2001-10-15,76864,2,96.98,3.11,,
136701,P,2000-08-02,5352,10,41.82,9.65,,
136702,P,2001-07-10,23010,9,58.88,1.01,,
136703,P,2001-12-16,22966,4,93.38,7.38,,
136704,P,2001-07-12,90017,3,10.38,1.04,,
136705,P,2000-09-22,25475,7,78.40,5.14,,
136706,P,2000-07-28,64620,5,3.10,2.62,,
136707,P,2000-10-21,67501,7,27.07,6.67,,
136708,P,2000-12-19,36740,6,56.89,0.08,,
136709,P,2002-02-18,22122,4,94.48,9.45,,
136710,P,2002-05-08,12765,6,14.91,2.76,,
136711,P,2002-05-31,8942,1,46.60,8.06,,
136712,P,2001-01-01,5118,1,65.19,0.06,,
136713,P,2001-09-07,85975,10,95.86,2.90,,
136714,P,2000-03-02,59281,3,32.60,1.67,,
136715,P,2001-02-15,65541,6,95.60,5.86,,
136716,P,2002-04-17,94747,7,73.89,6.02,,
136717,P,2002-04-13,12455,7,5.44,6.22,,
136718,P,2000-04-17,13548,7,55.83,4.25,,
136719,P,2002-03-17,62197,4,59.48,1.94,,
136720,P,2000-05-24,25359,9,97.68,2.21,,
136721,P,2002-07-06,50418,9,82.16,7.50,,
136722,P,2000-08-22,27119,9,32.45,9.96,,
136723,P,2001-04-15,41426,5,19.25,2.06,,
136724,P,2001-12-19,99818,10,92.24,0.27,,
136725,P,2000-11-21,39710,4,10.93,7.59,,
136726,P,2000-07-02,35819,1,52.01,7.02,,
136727,P,2000-09-22,97166,6,84.05,8.46,,
136728,P,2002-02-27,14222,7,85.84,5.87,,
136729,P,2001-08-07,42060,9,51.85,3.65,,
136730,P,2002-07-17,47731,8,70.29,3.80,,
136731,P,2002-06-13,53112,4,20.36,6.70,,
136732,P,2002-08-24,52499,6,84.72,1.33,,
136733,P,2000-02-06,99654,5,9.53,0.16,,
136734,P,2002-07-24,67159,6,43.10,1.43,,
136735,P,2002-06-25,33581,4,11.34,4.14,,
136736,P,2000-05-26,22704,6,68.18,2.83,,
136737,P,2000-03-23,16356,5,41.56,1.84,,
136738,P,2002-07-23,62383,5,24.39,1.60,,
136739,P,2002-01-06,3422,9,55.23,0.80,,
136740,P,2001-02-21,58904,7,1.20,7.32,,
136741,P,2001-05-16,54514,7,94.55,7.27,,
136742,P,2000-07-18,49223,6,43.55,7.58,,
136743,P,2001-04-03,996,8,5.21,1.70,,
136744,P,2002-04-15,75907,8,57.15,8.07,,
136745,P,2000-09-17,59142,8,68.52,3.34,,
136746,P,2000-04-12,25427,8,71.73,6.44,,
136747,P,2000-07-20,77754,3,54.72,1.94,,
136748,P,2000-07-05,18402,6,83.54,5.64,,
136749,P,2001-10-14,79014,1,85.07,8.77,,
136750,P,2000-09-08,53998,4,68.91,6.03,,
136751,P,2000-10-29,96431,7,76.91,3.15,,
136752,P,2002-04-29,92642,9,68.58,3.74,,
136753,P,2001-07-01,89510,9,73.60,8.38,,
136754,P,2001-08-02,66924,10,3.28,5.37,,
136755,P,2001-09-16,61782,6,76.91,5.30,,
136756,P,2000-08-05,48474,6,15.21,9.27,,
136757,P,2000-04-30,50562,8,98.61,5.56,,
136758,P,2001-09-24,76632,2,41.11,9.38,,
136759,P,2000-07-01,35595,2,0.38,2.48,,
136760,P,2001-09-19,78129,7,33.29,8.46,,
136761,P,2002-02-04,94401,1,46.05,7.57,,
136762,P,2001-10-14,24141,9,40.98,3.35,,
136763,P,2002-01-22,12333,10,33.78,2.95,,
136764,P,2001-12-14,43028,2,59.46,8.78,,
136765,P,2001-10-19,95327,4,86.07,2.18,,
136766,P,2001-11-08,92825,10,3.58,2.99,,
136767,P,2000-06-04,76813,5,16.05,1.77,,
136768,P,2001-09-28,4073,8,18.18,0.78,,
136769,P,2001-12-26,92531,1,82.46,6.43,,
136770,P,2000-11-20,6515,3,77.83,3.20,,
136771,P,2002-02-16,51110,4,94.37,3.96,,
136772,P,2000-07-20,10980,1,54.37,9.27,,
136773,P,2001-01-03,3843,6,27.50,4.83,,
136774,P,2000-10-02,49393,9,16.70,2.93,,
136775,P,2000-11-22,11399,10,40.18,4.10,,
136776,P,2000-06-11,53369,6,31.17,1.40,,
136777,P,2001-01-18,37792,9,28.05,7.07,,
136778,P,2001-02-21,92259,7,77.02,2.76,,
136779,P,2000-03-27,76251,6,76.36,8.98,,
136780,P,2002-02-05,33631,6,28.08,3.23,,
136781,P,2000-10-04,14753,6,30.11,1.85,,
136782,P,2001-12-03,79743,3,60.77,7.91,,
136783,P,2000-08-06,29938,10,66.82,0.67,,
136784,P,2000-09-08,91734,1,32.24,1.65,,
136785,P,2002-06-13,62783,9,30.84,0.98,,
136786,P,2000-11-09,10983,7,56.54,5.15,,
136787,P,2000-05-10,66689,3,4.91,4.80,,
136788,P,2001-08-13,63361,8,7.75,1.40,,
136789,P,2000-07-14,58657,5,5.63,1.82,,
136790,P,2000-06-02,82090,5,80.71,1.15,,
136791,P,2000-08-07,28788,7,59.47,0.99,,
136792,P,2002-08-05,74331,5,57.45,7.29,,
136793,P,2000-03-29,40080,7,8.52,3.95,,
136794,P,2000-07-29,769,6,11.22,1.06,,
136795,P,2002-06-24,97558,7,52.96,6.76,,
136796,P,2002-04-14,28029,3,95.03,7.48,,
136797,P,2000-11-20,82234,3,46.30,7.98,,
136798,P,2000-09-15,50822,10,64.58,7.82,,
136799,P,2001-07-03,29370,7,42.61,5.25,,
136800,P,2002-07-02,53703,5,7.89,7.11,,
136801,P,2002-01-29,76932,5,85.12,6.08,,
136802,P,2002-02-08,65257,4,31.28,9.80,,
136803,P,2001-05-12,56482,1,96.09,8.56,,
136804,P,2000-05-30,59947,6,64.29,9.81,,
136805,P,2002-02-04,77712,8,2.41,3.29,,
136806,P,2001-03-07,84253,10,21.75,8.78,,
136807,P,2001-06-11,92838,4,72.97,4.37,,
136808,P,2000-11-13,71237,3,92.15,7.06,,
136809,P,2001-12-14,44107,5,37.96,8.20,,
136810,P,2000-06-22,69884,7,35.60,8.89,,
136811,P,2001-03-24,50667,3,45.49,7.09,,
136812,P,2001-11-23,82214,5,46.72,8.47,,
136813,P,2001-02-12,86017,1,42.76,4.25,,
136814,P,2000-11-19,48813,3,80.78,3.35,,
136815,P,2000-09-28,91421,4,16.96,4.89,,
136816,P,2001-02-04,53244,10,8.26,2.36,,
136817,P,2000-04-05,13758,8,3.57,8.91,,
136818,P,2000-12-11,2822,2,6.19,9.74,,
136819,P,2000-07-26,82045,7,22.96,7.77,,
136820,P,2000-03-12,42351,2,29.63,1.60,,
136821,P,2000-05-07,74993,6,76.55,6.25,,
136822,P,2000-04-26,85007,8,12.73,3.65,,
136823,P,2000-11-20,95805,3,40.77,3.56,,
136824,P,2000-02-26,67980,6,33.20,4.47,,
136825,P,2001-04-18,50111,4,67.42,8.31,,
136826,P,2001-02-09,22799,2,56.39,0.87,,
136827,P,2000-09-11,55519,9,86.39,2.68,,
136828,P,2001-10-15,94275,9,47.71,9.56,,
136829,P,2001-11-20,15632,2,25.95,6.47,,
136830,P,2002-07-04,98860,10,88.51,0.39,,
136831,P,2002-08-23,43211,6,94.22,3.38,,
136832,P,2001-08-30,33917,10,26.67,1.83,,
136833,P,2000-12-17,72648,3,56.32,9.11,,
136834,P,2001-11-13,24698,10,55.33,6.62,,
136835,P,2000-11-21,42387,10,40.72,1.55,,
136836,P,2000-12-18,61509,3,15.94,0.38,,
136837,P,2001-04-20,51965,10,86.19,5.73,,
136838,P,2001-09-08,83969,4,6.50,9.60,,
136839,P,2001-11-18,52577,4,92.04,7.08,,
136840,P,2000-10-09,85640,2,10.09,7.53,,
136841,P,2000-11-18,1591,8,26.61,8.63,,
136842,P,2000-04-03,98092,8,93.32,1.32,,
136843,P,2000-10-04,36328,7,34.24,3.93,,
136844,P,2000-10-01,74266,3,11.91,5.12,,
136845,P,2000-05-25,6224,10,79.84,5.88,,
136846,P,2000-07-30,13602,9,51.70,0.14,,
136847,P,2000-09-28,43662,10,77.00,2.94,,
136848,P,2000-07-09,42253,6,45.49,6.11,,
136849,P,2000-07-13,86256,10,21.02,5.92,,
136850,P,2001-09-07,18911,10,56.40,6.70,,
136851,P,2002-09-23,55643,1,98.43,3.69,,
136852,P,2001-07-05,19681,1,52.75,9.77,,
136853,P,2001-08-16,34563,3,14.59,6.52,,
136854,P,2002-07-11,73609,3,34.32,8.77,,
136855,P,2002-05-18,99224,5,13.10,7.18,,
136856,P,2000-11-22,67604,7,95.58,4.53,,
136857,P,2002-01-04,55456,2,28.90,8.35,,
136858,P,2002-01-17,58387,1,34.39,5.87,,
136859,P,2000-08-31,51590,6,45.05,9.41,,
136860,P,2000-04-07,35530,6,44.33,6.64,,
136861,P,2000-04-01,33757,1,68.95,1.52,,
136862,P,2000-12-26,23347,5,87.91,1.65,,
136863,P,2002-05-25,30587,1,12.30,9.96,,
136864,P,2002-06-25,44764,9,33.27,2.73,,
136865,P,2001-08-04,55299,6,4.76,3.94,,
136866,P,2002-01-15,10780,4,77.62,8.34,,
136867,P,2000-12-19,84320,7,64.63,4.98,,
136868,P,2000-06-22,43163,10,69.85,9.89,,
136869,P,2001-03-26,38211,1,55.93,5.21,,
136870,P,2000-05-21,48313,2,88.47,6.55,,
136871,P,2001-08-13,80111,1,66.48,2.38,,
136872,P,2000-10-14,27642,3,37.23,3.55,,
136873,P,2000-10-15,4021,10,7.76,4.45,,
136874,P,2000-12-20,13130,9,93.90,3.84,,
136875,P,2000-10-12,84808,3,15.12,1.52,,
136876,P,2000-08-18,11557,9,55.98,3.80,,
136877,P,2000-03-31,39037,9,64.52,3.88,,
136878,P,2002-05-01,94609,1,24.20,6.99,,
136879,P,2001-11-18,9231,8,2.01,4.40,,
136880,P,2001-01-14,45665,8,46.49,8.06,,
136881,P,2000-10-25,59417,2,30.65,3.48,,
136882,P,2000-11-22,48580,6,72.31,1.08,,
136883,P,2000-10-16,90774,9,95.31,5.09,,
136884,P,2002-03-07,53009,6,62.58,7.91,,
136885,P,2000-01-19,46136,5,48.89,8.73,,
136886,P,2001-12-08,38196,4,70.97,6.71,,
136887,P,2002-02-07,13517,7,17.97,3.11,,
136888,P,2002-06-09,96946,7,60.39,9.13,,
136889,P,2000-06-18,96612,2,59.56,4.19,,
136890,P,2000-03-04,46035,1,60.88,2.47,,
136891,P,2001-02-04,21701,4,29.49,2.64,,
136892,P,2001-10-11,26226,10,79.93,2.15,,
136893,P,2000-01-20,30943,10,61.18,3.34,,
136894,P,2002-05-20,63126,7,88.60,4.00,,
136895,P,2002-08-23,83596,1,90.45,6.74,,
136896,P,2000-02-20,84207,7,30.06,0.44,,
136897,P,2000-08-25,66072,10,46.18,4.09,,
136898,P,2001-10-20,765,8,71.57,0.18,,
136899,P,2000-02-26,86430,1,91.31,7.88,,
136900,P,2000-01-20,11566,10,6.58,9.55,,
136901,P,2001-12-04,72494,10,18.93,2.78,,
136902,P,2001-02-23,43016,9,62.42,1.00,,
136903,P,2001-02-19,99129,1,26.33,7.10,,
136904,P,2002-09-21,24235,5,8.25,6.84,,
136905,P,2002-06-20,81311,4,5.90,6.47,,
136906,P,2000-10-14,8655,9,73.96,1.16,,
136907,P,2000-09-22,9878,6,91.96,0.02,,
136908,P,2000-09-03,39827,6,1.56,3.71,,
136909,P,2000-02-22,87385,2,0.01,5.08,,
136910,P,2000-06-30,84227,8,42.94,5.84,,
136911,P,2001-05-23,57745,8,30.68,6.07,,
136912,P,2000-04-12,86525,5,81.38,0.75,,
136913,P,2000-09-09,36061,7,6.48,6.23,,
136914,P,2000-01-31,26385,10,85.22,2.35,,
136915,P,2000-03-18,59734,9,80.69,3.97,,
136916,P,2000-08-10,59695,1,98.48,7.33,,
136917,P,2000-06-10,98344,7,64.02,8.55,,
136918,P,2002-06-12,60717,7,28.74,2.85,,
136919,P,2002-05-03,95180,2,46.81,1.67,,
136920,P,2001-11-18,12346,8,47.82,3.55,,
136921,P,2000-07-23,53138,5,48.38,2.84,,
136922,P,2002-04-06,46634,4,22.23,0.96,,
136923,P,2001-09-20,23495,10,80.34,8.55,,
136924,P,2001-12-01,66323,1,76.11,8.44,,
136925,P,2000-06-13,39582,4,84.76,0.71,,
136926,P,2001-04-24,1578,2,81.02,8.54,,
136927,P,2000-08-21,93384,5,95.85,4.90,,
136928,P,2002-02-14,7222,7,0.74,3.10,,
136929,P,2001-04-14,37844,1,61.21,4.50,,
136930,P,2002-04-02,572,5,34.53,3.04,,
136931,P,2001-12-31,73964,2,79.86,8.59,,
136932,P,2001-03-29,48925,6,82.88,5.92,,
136933,P,2002-05-11,73027,2,88.35,6.25,,
136934,P,2000-06-14,78952,9,50.54,1.37,,
136935,P,2002-08-31,59478,4,15.35,2.78,,
136936,P,2000-05-06,36042,2,29.24,6.70,,
136937,P,2001-01-10,53947,3,36.90,7.06,,
136938,P,2001-05-29,89049,1,57.29,9.96,,
136939,P,2000-05-21,68268,6,44.31,5.30,,
136940,P,2002-05-16,10693,2,35.23,4.65,,
136941,P,2002-04-12,91309,7,16.82,7.06,,
136942,P,2002-08-22,42176,10,5.80,9.08,,
136943,P,2000-01-10,11553,9,96.68,9.71,,
136944,P,2001-11-12,72765,8,55.95,7.71,,
136945,P,2002-03-01,14852,2,40.52,0.87,,
136946,P,2001-10-30,36643,7,28.22,4.26,,
136947,P,2001-03-05,16540,3,88.33,2.30,,
136948,P,2001-08-19,75245,3,33.29,7.14,,
136949,P,2002-09-21,21528,1,71.89,2.28,,
136950,P,2002-05-04,21468,8,80.62,4.04,,
136951,P,2002-09-26,82418,5,68.91,3.20,,
136952,P,2001-04-20,9421,2,85.78,3.71,,
136953,P,2002-03-10,45467,6,74.85,2.08,,
136954,P,2000-08-09,41427,1,33.32,0.80,,
136955,P,2002-09-01,53229,7,12.40,4.26,,
136956,P,2001-10-04,28597,10,12.30,8.88,,
136957,P,2002-09-09,55704,4,90.54,0.77,,
136958,P,2000-05-07,37623,10,99.82,8.60,,
136959,P,2001-06-27,8479,1,75.29,9.68,,
136960,P,2000-11-08,97907,5,69.65,5.64,,
136961,P,2001-01-11,21603,5,36.35,1.84,,
136962,P,2000-04-28,41909,2,53.16,3.95,,
136963,P,2001-07-22,96400,9,70.61,1.22,,
136964,P,2002-05-19,56515,10,1.63,2.93,,
136965,P,2000-11-10,94459,5,66.45,5.81,,
136966,P,2002-02-07,84020,5,73.00,4.21,,
136967,P,2001-06-27,74362,5,72.67,9.53,,
136968,P,2002-01-05,82373,5,99.88,0.36,,
136969,P,2001-03-10,25722,5,77.12,8.20,,
136970,P,2001-12-28,78003,7,17.50,2.47,,
136971,P,2001-01-11,39127,1,20.45,0.22,,
136972,P,2000-12-21,34102,4,88.40,4.71,,
136973,P,2000-01-05,86261,10,66.27,4.26,,
136974,P,2001-03-04,19390,10,84.39,6.94,,
136975,P,2001-07-17,86711,10,12.32,5.65,,
136976,P,2000-02-02,87533,2,34.08,2.80,,
136977,P,2001-01-05,1185,5,98.53,7.11,,
136978,P,2001-09-30,40910,6,52.97,9.16,,
136979,P,2001-01-14,47221,8,87.00,0.73,,
136980,P,2000-11-09,38980,4,66.82,8.04,,
136981,P,2000-09-01,7678,7,54.75,2.81,,
136982,P,2001-04-05,66231,4,73.78,4.15,,
136983,P,2001-03-18,33595,10,21.06,6.59,,
136984,P,2001-10-31,49742,2,18.92,8.59,,
136985,P,2001-05-03,64836,8,19.84,7.95,,
136986,P,2000-03-25,32427,6,87.74,9.56,,
136987,P,2001-10-06,20344,5,41.17,5.42,,
136988,P,2000-12-29,34761,10,43.66,5.02,,
136989,P,2000-03-31,26065,7,90.25,9.23,,
136990,P,2001-06-17,48562,4,64.59,1.50,,
136991,P,2001-11-08,32125,1,89.98,2.32,,
136992,P,2001-12-29,36033,4,47.79,0.79,,
136993,P,2000-02-09,55575,9,44.48,9.15,,
136994,P,2000-11-25,9257,4,34.83,2.71,,
136995,P,2002-02-12,30077,4,82.96,4.73,,
136996,P,2000-05-12,10557,9,84.82,7.53,,
136997,P,2002-07-09,9857,10,33.71,2.09,,
136998,P,2002-06-17,77138,5,50.23,4.52,,
136999,P,2001-09-21,57206,8,49.87,3.44,,
137000,P,2001-11-19,1100,10,73.32,3.61,,
137001,P,2000-05-10,3738,1,89.95,0.95,,
137002,P,2001-08-08,46032,6,27.03,6.95,,
137003,P,2001-01-24,6628,2,3.09,1.17,,
137004,P,2000-11-15,53942,6,53.24,7.72,,
137005,P,2000-01-04,20424,10,76.23,6.68,,
137006,P,2000-12-26,69128,4,75.01,1.95,,
137007,P,2000-04-19,78312,1,84.37,9.23,,
137008,P,2000-09-30,2257,7,66.37,5.03,,
137009,P,2000-04-16,527,8,13.07,8.15,,
137010,P,2000-10-25,80203,1,70.01,2.30,,
137011,P,2002-03-10,39877,3,7.24,3.49,,
137012,P,2002-07-27,22718,4,62.61,0.34,,
137013,P,2000-04-04,69179,1,60.90,3.25,,
137014,P,2001-10-11,55054,3,29.87,9.20,,
137015,P,2002-04-27,36959,6,98.30,3.76,,
137016,P,2002-06-25,46339,5,5.83,7.76,,
137017,P,2000-09-06,2454,7,31.20,1.12,,
137018,P,2002-07-27,78971,6,41.81,7.81,,
137019,P,2002-04-14,36311,10,65.11,7.92,,
137020,P,2001-05-14,46165,1,97.00,2.80,,
137021,P,2000-12-31,41394,3,61.43,6.56,,
137022,P,2001-06-21,47651,8,47.05,6.24,,
137023,P,2002-01-09,15220,9,0.39,4.40,,
137024,P,2000-06-04,55510,8,15.21,3.95,,
137025,P,2000-03-31,17190,9,62.60,6.39,,
137026,P,2000-09-17,12796,5,69.46,3.12,,
137027,P,2000-05-24,69337,5,59.61,9.90,,
137028,P,2000-08-26,77643,8,22.13,7.71,,
137029,P,2001-06-11,26629,3,41.66,0.33,,
137030,P,2000-05-07,48124,8,26.33,5.17,,
137031,P,2002-05-24,7915,9,31.96,1.21,,
137032,P,2000-11-01,2763,5,47.06,5.46,,
137033,P,2001-02-12,33269,4,88.83,9.43,,
137034,P,2001-06-19,71946,4,66.60,5.53,,
137035,P,2000-04-19,64876,3,78.79,5.94,,
137036,P,2002-04-08,72217,4,5.82,2.80,,
137037,P,2002-01-03,87348,2,42.91,5.13,,
137038,P,2002-05-03,99034,8,56.87,4.16,,
137039,P,2000-04-04,49611,5,64.12,1.27,,
137040,P,2000-02-14,6338,8,47.73,3.49,,
137041,P,2001-03-10,99976,7,98.57,0.66,,
137042,P,2001-11-22,47879,2,13.02,6.75,,
137043,P,2000-05-07,54026,9,73.83,7.73,,
137044,P,2000-12-08,97222,9,74.39,8.98,,
137045,P,2001-05-27,79422,4,11.68,1.85,,
137046,P,2002-03-28,15489,7,34.85,8.32,,
137047,P,2000-07-12,30180,7,10.43,6.66,,
137048,P,2000-02-05,18729,7,23.56,5.96,,
137049,P,2000-07-27,43373,9,15.51,0.26,,
137050,P,2001-07-30,17710,6,76.50,1.81,,
137051,P,2001-09-24,74747,8,40.88,0.07,,
137052,P,2000-06-11,13739,1,87.17,8.36,,
137053,P,2000-03-10,79138,7,18.73,0.10,,
137054,P,2000-10-10,88816,9,32.08,8.32,,
137055,P,2001-08-20,77840,3,56.14,2.94,,
137056,P,2000-07-16,1845,5,19.35,9.37,,
137057,P,2000-01-30,39053,6,87.33,7.91,,
137058,P,2000-03-21,53078,6,71.62,5.59,,
137059,P,2000-01-04,37942,9,11.06,3.76,,
137060,P,2001-03-08,16870,7,68.50,1.68,,
137061,P,2000-03-30,87327,1,43.87,7.14,,
137062,P,2002-08-19,27306,10,85.99,8.24,,
137063,P,2001-08-21,77612,9,18.79,5.38,,
137064,P,2000-11-07,85686,1,57.89,2.46,,
137065,P,2001-04-20,88461,5,97.32,2.08,,
137066,P,2001-08-28,66517,6,15.03,6.11,,
137067,P,2000-11-14,48625,2,58.45,4.82,,
137068,P,2001-04-24,91370,10,33.77,8.11,,
137069,P,2000-12-07,98523,8,66.40,5.40,,
137070,P,2000-04-20,62820,8,55.26,9.92,,
137071,P,2001-10-21,54574,7,67.39,5.74,,
137072,P,2000-11-07,25195,7,11.60,1.99,,
137073,P,2001-07-22,17087,7,79.79,4.03,,
137074,P,2000-09-08,74429,6,85.79,2.70,,
137075,P,2001-12-16,57887,7,44.52,7.95,,
137076,P,2000-05-11,79630,6,66.24,9.68,,
137077,P,2002-01-23,46002,5,85.32,8.90,,
137078,P,2002-09-05,95916,2,98.65,8.06,,
137079,P,2000-05-19,91324,4,4.60,5.97,,
137080,P,2001-01-23,99327,1,56.54,5.13,,
137081,P,2001-02-14,99619,10,63.85,2.18,,
137082,P,2000-04-16,2978,5,28.08,3.13,,
137083,P,2002-06-24,65274,10,17.52,8.69,,
137084,P,2000-08-16,70626,1,90.00,1.84,,
137085,P,2000-06-08,93292,2,6.13,9.55,,
137086,P,2002-07-21,50848,10,26.89,2.97,,
137087,P,2002-07-26,30182,8,52.14,8.21,,
137088,P,2002-05-23,40855,2,99.30,8.68,,
137089,P,2002-03-23,56156,1,89.14,6.61,,
137090,P,2002-04-09,9306,2,53.70,1.89,,
137091,P,2001-08-22,24405,1,57.25,2.71,,
137092,P,2000-07-07,31078,8,37.04,2.42,,
137093,P,2001-06-06,8675,6,17.99,3.28,,
137094,P,2001-05-05,92985,9,82.04,4.39,,
137095,P,2001-05-25,4407,1,19.07,9.34,,
137096,P,2000-05-28,24322,3,4.01,5.01,,
137097,P,2000-02-27,58277,10,91.80,7.14,,
137098,P,2001-07-24,56098,5,52.06,3.87,,
137099,P,2002-09-27,74520,9,1.56,7.97,,
137100,P,2000-12-29,48027,8,82.93,0.76,,
137101,P,2002-02-15,81602,6,81.26,3.84,,
137102,P,2001-12-05,4645,4,10.57,3.77,,
137103,P,2001-04-14,56602,6,25.94,0.79,,
137104,P,2002-06-03,19891,4,80.04,3.70,,
137105,P,2002-02-01,65236,10,20.10,4.69,,
137106,P,2001-01-13,6403,8,41.05,0.74,,
137107,P,2001-12-04,45015,1,8.11,5.28,,
137108,P,2000-12-25,24364,9,85.06,6.44,,
137109,P,2000-09-20,56677,2,91.57,3.12,,
137110,P,2001-09-30,98109,1,19.29,7.75,,
137111,P,2002-04-28,92945,9,85.08,5.03,,
137112,P,2000-09-01,79695,1,26.28,9.95,,
