268781,P,2001-05-31,10990,4,39.80,1.20,,
268782,P,2001-01-14,14209,9,67.96,8.38,,
268783,P,2001-04-03,18598,8,27.32,5.38,,
268784,P,2001-05-02,64110,4,0.16,8.86,,
268785,P,2000-06-19,40932,2,95.70,7.97,,
268786,P,2000-04-14,69834,4,54.48,8.20,,
268787,P,2000-08-28,98194,7,8.98,4.08,,
268788,P,2001-01-10,65736,3,47.66,8.02,,
268789,P,2002-04-28,34820,2,27.13,5.28,,
268790,P,2000-11-11,57293,1,77.68,6.33,,
268791,P,2000-03-25,56707,5,49.10,0.08,,
268792,P,2000-03-03,98621,6,91.03,2.78,,
268793,P,2001-10-04,37630,7,4.20,3.00,,
268794,P,2002-03-30,22207,8,68.00,2.29,,
268795,P,2000-09-13,16473,4,54.57,3.40,,
268796,P,2001-04-04,98856,2,42.75,7.42,,
268797,P,2002-06-05,59806,9,14.91,8.69,,
268798,P,2001-08-24,84057,6,47.76,7.43,,
268799,P,2001-02-04,96993,9,19.64,9.53,,
268800,P,2000-11-26,72360,3,71.05,2.79,,
268801,P,2001-09-29,90947,5,8.29,9.88,,
268802,P,2001-09-11,52046,10,28.45,0.65,,
268803,P,2001-01-31,38559,9,97.16,5.31,,
268804,P,2000-12-12,70286,5,3.85,1.71,,
268805,P,2000-11-27,39578,7,23.64,3.66,,
268806,P,2000-08-04,55134,6,92.49,1.98,,
268807,P,2001-08-10,7814,7,43.78,4.64,,
268808,P,2001-10-13,28551,8,5.71,9.23,,
268809,P,2002-01-18,44458,7,32.41,5.62,,
268810,P,2001-06-24,65126,1,7.10,5.46,,
268811,P,2000-12-09,83973,3,45.00,8.95,,
268812,P,2002-08-08,79037,7,33.48,0.52,,
268813,P,2002-05-16,5927,4,37.51,4.42,,
268814,P,2001-10-24,9496,9,95.54,5.38,,
268815,P,2000-09-26,1649,6,10.53,9.10,,
268816,P,2000-06-05,15967,1,80.18,9.24,,
268817,P,2001-05-24,77318,2,70.87,1.16,,
268818,P,2000-12-26,32437,5,55.70,3.18,,
268819,P,2001-09-01,80822,8,90.84,3.60,,
268820,P,2002-03-21,83979,5,21.10,5.04,,
268821,P,2002-05-14,52739,10,63.82,1.10,,
268822,P,2001-03-22,38824,4,97.28,6.85,,
268823,P,2002-03-07,55081,2,12.94,6.27,,
268824,P,2002-07-24,13606,4,45.99,7.28,,
268825,P,2001-12-16,79224,2,89.89,7.35,,
268826,P,2000-11-27,70858,10,93.94,8.95,,
268827,P,2002-09-05,86755,9,23.32,9.01,,
268828,P,2002-07-06,87645,9,27.38,5.92,,
268829,P,2000-10-20,8488,10,25.72,5.09,,
268830,P,2001-08-27,8375,3,9.73,4.74,,
268831,P,2002-05-30,77674,4,52.66,9.06,,
268832,P,2001-09-14,10595,8,47.09,2.35,,
268833,P,2001-09-19,80237,10,97.14,0.87,,
268834,P,2001-03-15,72251,8,70.32,7.26,,
268835,P,2000-04-09,17169,10,25.51,2.40,,
268836,P,2001-12-29,75797,9,85.75,2.29,,
268837,P,2002-08-24,79258,9,67.49,9.37,,
268838,P,2000-06-17,63092,3,52.54,1.57,,
268839,P,2001-10-01,83098,8,92.43,4.37,,
268840,P,2001-12-14,30185,8,21.41,9.46,,
268841,P,2000-01-23,60982,2,51.73,9.23,,
268842,P,2000-01-06,94031,3,97.14,8.41,,
268843,P,2000-10-09,88919,10,61.52,6.78,,
268844,P,2000-12-06,71258,6,3.16,6.38,,
268845,P,2002-05-06,19577,5,20.44,5.67,,
268846,P,2002-04-08,38748,4,42.31,3.04,,
268847,P,2000-11-19,97214,1,24.26,1.03,,
268848,P,2001-03-20,19707,2,88.56,2.24,,
268849,P,2002-07-18,16803,4,10.69,7.67,,
268850,P,2001-07-08,37078,8,21.95,8.94,,
268851,P,2000-01-23,90006,3,15.19,6.02,,
268852,P,2000-08-04,36025,3,67.75,3.15,,
268853,P,2001-01-03,78790,4,82.90,3.07,,
268854,P,2001-09-18,61472,9,81.00,6.74,,
268855,P,2000-11-17,70492,2,59.52,2.43,,
268856,P,2002-05-04,76141,1,21.79,4.81,,
268857,P,2001-04-27,93130,4,37.18,5.21,,
268858,P,2000-05-31,97814,3,59.21,5.20,,
268859,P,2001-02-20,45431,5,10.24,3.07,,
268860,P,2000-03-12,88082,3,1.56,5.96,,
268861,P,2001-12-25,65841,7,42.83,3.22,,
268862,P,2001-09-23,65383,8,74.84,6.23,,
268863,P,2001-10-26,95901,2,39.54,6.14,,
268864,P,2000-06-10,79671,5,21.35,0.70,,
268865,P,2002-06-08,81867,3,1.12,7.53,,
268866,P,2001-08-07,28729,4,21.58,2.25,,
268867,P,2000-01-15,92502,6,44.77,2.55,,
268868,P,2001-04-13,61601,8,66.00,6.18,,
268869,P,2001-10-17,31757,10,40.77,2.16,,
268870,P,2001-10-20,8760,10,52.46,5.83,,
268871,P,2000-09-13,42199,2,98.98,8.89,,
268872,P,2001-11-19,27616,8,61.39,1.07,,
268873,P,2002-03-10,78718,4,60.02,1.46,,
268874,P,2000-03-11,87153,3,46.36,4.46,,
268875,P,2001-01-18,83121,10,30.15,1.37,,
268876,P,2001-11-17,25121,8,26.10,4.83,,
268877,P,2000-09-10,32869,5,65.42,8.35,,
268878,P,2000-01-02,3536,3,48.48,1.58,,
268879,P,2001-05-26,86792,6,16.77,5.04,,
268880,P,2001-07-11,30859,1,97.12,4.12,,
268881,P,2002-08-22,19245,7,84.89,2.30,,
268882,P,2001-03-19,91049,2,63.71,4.86,,
268883,P,2002-04-18,52189,4,0.27,7.32,,
268884,P,2001-01-14,99839,9,49.00,8.17,,
268885,P,2002-02-27,72941,5,54.21,5.47,,
268886,P,2001-01-19,91997,7,56.38,0.22,,
268887,P,2000-05-11,67369,1,39.13,3.95,,
268888,P,2000-02-14,67799,10,91.22,7.95,,
268889,P,2000-10-25,56650,4,21.68,8.00,,
268890,P,2000-11-24,74109,3,16.07,2.78,,
268891,P,2001-02-09,31960,1,9.29,6.67,,
268892,P,2001-12-03,23977,10,21.69,8.15,,
268893,P,2001-01-11,95789,2,27.32,3.22,,
268894,P,2002-08-17,83624,1,66.65,4.78,,
268895,P,2001-10-18,20094,10,95.91,7.96,,
268896,P,2000-10-15,76303,3,22.52,7.79,,
268897,P,2000-01-07,58640,3,97.38,9.78,,
268898,P,2002-03-08,42059,5,35.91,0.42,,
268899,P,2002-01-06,27217,6,79.54,7.50,,
268900,P,2000-07-12,66425,10,20.21,4.83,,
268901,P,2001-07-13,43575,4,70.43,4.56,,
268902,P,2001-05-29,20882,2,94.71,4.43,,
268903,P,2000-05-17,60715,8,93.37,1.45,,
268904,P,2000-03-30,84637,6,55.02,4.92,,
268905,P,2000-07-17,58607,8,13.30,4.91,,
268906,P,2001-08-17,2518,7,94.37,0.79,,
268907,P,2000-01-31,12064,7,95.79,0.12,,
268908,P,2000-01-07,30539,4,44.81,9.40,,
268909,P,2000-08-21,73264,4,64.26,5.30,,
268910,P,2002-06-08,1,7,58.39,9.61,,
268911,P,2001-04-29,90818,10,70.20,5.51,,
268912,P,2000-11-24,61716,8,32.16,0.96,,
268913,P,2002-02-23,10357,3,58.45,9.16,,
268914,P,2002-04-21,40375,5,24.87,6.08,,
268915,P,2001-03-13,77676,2,89.21,9.95,,
268916,P,2000-12-11,80987,2,16.44,0.58,,
268917,P,2001-04-18,53358,4,74.45,2.91,,
268918,P,2002-05-27,13983,8,99.50,7.64,,
268919,P,2001-04-26,25976,6,55.88,1.07,,
268920,P,2002-03-31,31572,3,76.12,8.15,,
268921,P,2002-05-31,91215,5,90.49,1.37,,
268922,P,2001-02-17,98542,1,38.14,2.39,,
268923,P,2000-08-21,79499,6,57.71,6.87,,
268924,P,2002-08-18,52619,9,56.75,1.70,,
268925,P,2002-06-06,79670,10,90.30,3.38,,
268926,P,2000-08-18,14872,3,24.14,2.15,,
268927,P,2002-08-08,26620,4,2.55,2.01,,
268928,P,2000-07-23,51002,2,23.91,4.52,,
268929,P,2000-05-11,4724,10,10.21,2.07,,
268930,P,2002-06-29,99895,8,22.77,7.40,,
268931,P,2000-10-10,2781,6,9.21,8.81,,
268932,P,2002-01-14,34150,9,23.17,2.41,,
268933,P,2000-02-23,47254,1,20.87,8.49,,
268934,P,2001-06-04,52619,2,12.43,0.47,,
268935,P,2000-08-19,52481,2,12.09,6.44,,
268936,P,2000-09-16,28992,3,79.27,0.46,,
268937,P,2001-08-24,1004,2,29.51,5.02,,
268938,P,2000-05-09,95719,2,75.79,1.18,,
268939,P,2002-03-03,60191,9,0.38,1.72,,
268940,P,2000-11-15,23958,9,63.20,8.10,,
268941,P,2001-10-03,3007,4,93.27,5.56,,
268942,P,2001-12-25,87745,10,68.03,2.54,,
268943,P,2002-05-16,72026,8,6.93,5.65,,
268944,P,2001-07-16,72926,7,84.58,9.22,,
268945,P,2000-09-04,8530,7,59.73,2.67,,
268946,P,2001-05-14,55666,4,30.90,0.94,,
268947,P,2000-08-22,89519,1,11.74,2.13,,
268948,P,2002-09-25,73161,2,1.77,5.28,,
268949,P,2000-07-27,58833,6,44.14,0.89,,
268950,P,2001-02-17,31503,5,60.53,7.37,,
268951,P,2000-06-21,57254,2,73.15,0.11,,
268952,P,2001-04-30,87339,10,84.15,3.06,,
268953,P,2001-10-05,11979,8,56.40,9.30,,
268954,P,2002-08-24,65307,8,49.81,2.36,,
268955,P,2000-07-21,43495,6,87.03,1.29,,
268956,P,2001-04-07,21453,9,22.99,4.52,,
268957,P,2000-01-24,71088,3,81.95,3.21,,
268958,P,2001-06-05,7197,4,45.08,7.71,,
268959,P,2002-08-23,35305,8,64.48,9.32,,
268960,P,2001-09-24,34871,4,79.44,6.25,,
268961,P,2001-04-27,60348,4,94.22,4.68,,
268962,P,2001-11-02,13671,8,41.26,1.60,,
268963,P,2000-12-16,1096,3,91.60,2.96,,
268964,P,2002-05-05,59170,2,26.22,7.96,,
268965,P,2000-11-20,91491,5,27.16,4.72,,
268966,P,2000-12-31,58975,6,22.60,7.30,,
268967,P,2002-05-17,12806,7,70.73,4.26,,
268968,P,2001-08-21,65631,3,30.76,4.99,,
268969,P,2002-06-27,66988,2,22.07,3.06,,
268970,P,2000-03-27,62736,3,28.08,8.60,,
268971,P,2001-11-24,98887,6,60.45,9.17,,
268972,P,2000-05-20,23455,8,46.40,6.40,,
268973,P,2002-06-21,23809,5,85.81,5.34,,
268974,P,2001-02-05,91607,1,92.24,8.96,,
268975,P,2000-08-05,45781,5,90.11,1.68,,
268976,P,2000-02-12,2157,10,52.93,1.06,,
268977,P,2002-01-30,69844,9,54.92,1.86,,
268978,P,2001-09-30,23028,1,88.37,4.53,,
268979,P,2001-03-10,68778,10,15.74,2.44,,
268980,P,2002-07-13,17233,6,98.52,7.86,,
268981,P,2000-08-15,92117,10,25.05,4.16,,
268982,P,2001-04-26,39805,9,18.85,9.43,,
268983,P,2002-08-28,24390,5,7.98,7.49,,
268984,P,2001-09-27,80619,1,66.84,4.38,,
268985,P,2002-06-07,75212,7,95.01,4.87,,
268986,P,2000-03-11,76756,9,22.96,1.21,,
268987,P,2001-06-29,25450,4,58.27,4.02,,
268988,P,2001-10-11,18564,2,24.06,9.12,,
268989,P,2000-11-02,21284,1,7.84,9.86,,
268990,P,2002-09-09,79614,5,34.95,2.10,,
268991,P,2000-01-13,82114,7,21.45,3.21,,
268992,P,2002-01-31,40509,5,86.12,7.89,,
268993,P,2001-12-13,46082,3,99.50,2.04,,
268994,P,2000-12-31,87395,1,0.91,4.58,,
268995,P,2002-08-14,50077,6,50.29,8.18,,
268996,P,2000-05-29,13566,3,67.30,6.51,,
268997,P,2000-02-18,61983,9,44.51,8.76,,
268998,P,2000-11-13,58544,7,20.11,3.78,,
268999,P,2000-07-13,14503,8,5.89,8.70,,
269000,P,2000-11-02,17259,1,78.21,1.58,,
269001,P,2001-08-26,68782,9,7.24,9.73,,
269002,P,2000-02-17,61335,3,63.64,2.66,,
269003,P,2002-05-26,72159,7,73.15,8.46,,
269004,P,2002-09-01,82602,2,37.83,0.70,,
269005,P,2000-12-27,33110,3,28.08,4.13,,
269006,P,2001-02-03,80935,5,13.17,6.74,,
269007,P,2000-08-14,27403,7,74.46,9.32,,
269008,P,2002-02-02,32205,10,6.78,8.28,,
269009,P,2000-12-15,11406,1,76.73,7.87,,
269010,P,2001-12-22,85131,8,21.91,1.33,,
269011,P,2000-11-01,66590,3,56.73,8.60,,
269012,P,2000-05-29,4472,6,21.20,4.86,,
269013,P,2001-07-20,51010,6,44.82,0.19,,
269014,P,2000-04-05,71575,10,13.46,0.99,,
269015,P,2000-06-06,85116,1,13.91,6.39,,
269016,P,2002-02-15,50248,4,77.01,1.86,,
269017,P,2002-02-07,75225,1,11.85,9.68,,
269018,P,2001-06-20,41163,6,96.86,6.65,,
269019,P,2001-12-02,96019,7,18.29,8.25,,
269020,P,2001-06-18,86607,3,13.57,2.27,,
269021,P,2001-10-07,35949,10,8.42,2.63,,
269022,P,2000-01-13,87697,5,95.23,3.85,,
269023,P,2000-12-13,42005,10,79.78,3.39,,
269024,P,2000-08-09,71209,1,26.50,3.70,,
269025,P,2000-07-10,40945,2,11.01,0.48,,
269026,P,2000-10-30,64852,1,90.95,2.17,,
269027,P,2001-04-29,59203,8,80.89,6.81,,
269028,P,2000-11-06,51867,3,47.91,9.82,,
269029,P,2001-08-01,37111,2,44.04,0.41,,
269030,P,2001-02-13,28570,7,16.30,4.75,,
269031,P,2001-05-17,65151,8,20.82,8.35,,
269032,P,2001-12-03,45321,6,70.63,1.14,,
269033,P,2001-11-02,39607,8,46.98,4.22,,
269034,P,2000-03-06,4167,9,95.96,4.49,,
269035,P,2002-04-03,92903,5,37.25,8.32,,
269036,P,2000-01-19,37834,10,89.61,1.84,,
269037,P,2002-06-25,29709,5,96.83,3.90,,
269038,P,2000-06-30,19871,1,89.44,9.84,,
269039,P,2002-03-01,289,7,92.39,1.37,,
269040,P,2000-09-15,44483,4,42.06,0.63,,
269041,P,2001-07-16,99302,10,60.99,1.81,,
269042,P,2000-06-19,54895,9,78.19,9.23,,
269043,P,2002-04-15,25439,2,4.08,9.79,,
269044,P,2000-07-06,88721,10,90.25,7.20,,
269045,P,2000-10-02,4189,2,53.11,1.90,,
269046,P,2002-08-31,37257,2,4.47,2.22,,
269047,P,2002-07-11,75606,7,83.68,0.40,,
269048,P,2002-04-06,83092,4,47.37,1.02,,
269049,P,2000-08-27,36347,9,16.51,5.13,,
269050,P,2000-05-25,92594,6,4.47,1.08,,
269051,P,2001-01-18,60893,4,34.05,6.59,,
269052,P,2002-06-15,20151,1,70.46,7.95,,
269053,P,2001-09-23,26889,10,51.92,8.22,,
269054,P,2002-05-24,63192,8,39.09,4.04,,
269055,P,2001-01-28,25794,10,98.05,5.57,,
269056,P,2001-07-31,82852,6,97.55,7.34,,
269057,P,2001-11-19,25847,9,75.82,3.75,,
269058,P,2001-04-09,33617,6,5.91,3.36,,
269059,P,2001-04-04,66657,7,54.17,9.85,,
269060,P,2000-07-31,93288,8,30.83,1.39,,
269061,P,2001-06-18,60527,9,75.69,4.68,,
269062,P,2002-01-22,65236,3,14.06,3.49,,
269063,P,2002-03-08,31627,10,7.91,8.38,,
269064,P,2002-01-09,35119,2,7.33,9.10,,
269065,P,2001-04-04,96118,3,8.22,5.83,,
269066,P,2002-02-20,568,9,31.77,0.46,,
269067,P,2001-02-23,60542,2,81.51,9.09,,
269068,P,2002-05-20,82800,6,0.13,9.31,,
269069,P,2001-01-19,40026,5,51.04,3.77,,
269070,P,2000-09-08,22944,9,86.36,5.39,,
269071,P,2002-04-21,93019,2,12.28,5.24,,
269072,P,2001-05-07,44484,8,55.40,1.06,,
269073,P,2000-10-22,53054,9,93.28,8.80,,
269074,P,2000-08-05,5013,8,61.78,4.86,,
269075,P,2001-01-13,42438,2,62.09,2.45,,
269076,P,2001-06-18,54520,10,36.86,7.76,,
269077,P,2000-04-09,93063,7,91.48,0.24,,
269078,P,2000-12-17,29836,10,46.65,6.95,,
269079,P,2001-12-13,57806,7,88.84,3.04,,
269080,P,2002-09-26,15979,6,76.15,8.83,,
269081,P,2001-09-02,84630,1,46.14,2.47,,
269082,P,2002-05-25,64053,7,28.18,6.82,,
269083,P,2002-05-19,73985,4,23.86,7.96,,
269084,P,2001-01-22,44388,2,36.28,3.70,,
269085,P,2000-04-16,4561,5,48.21,3.17,,
269086,P,2000-02-26,82826,9,33.32,9.27,,
269087,P,2000-12-16,67280,1,15.87,9.12,,
269088,P,2000-04-06,42783,4,84.69,1.86,,
269089,P,2001-09-26,46227,7,75.44,8.91,,
269090,P,2001-07-13,25200,7,73.99,0.76,,
269091,P,2001-01-14,55167,7,47.28,9.05,,
269092,P,2002-06-05,64992,6,98.84,2.85,,
269093,P,2000-04-17,75973,9,72.53,1.06,,
269094,P,2001-11-26,44074,7,59.93,2.41,,
269095,P,2000-10-13,77584,8,38.17,5.05,,
269096,P,2002-07-03,13574,9,12.55,9.93,,
269097,P,2001-07-09,52628,9,3.47,9.28,,
269098,P,2002-07-07,50847,5,32.81,1.70,,
269099,P,2000-03-05,84572,1,17.62,7.48,,
269100,P,2001-12-13,59557,8,66.80,1.22,,
269101,P,2000-12-26,52407,8,37.45,6.61,,
269102,P,2000-02-06,78701,1,9.34,2.44,,
269103,P,2000-01-16,25818,10,19.83,1.09,,
269104,P,2000-09-27,65100,7,79.32,7.49,,
269105,P,2001-05-17,87350,6,36.79,2.05,,
269106,P,2001-11-13,94677,7,90.32,4.48,,
269107,P,2002-05-22,76272,3,69.90,8.21,,
269108,P,2001-04-22,6311,7,50.84,6.50,,
269109,P,2001-12-27,73177,1,56.23,5.73,,
269110,P,2000-11-26,47585,4,63.99,1.32,,
269111,P,2001-12-17,88459,1,64.03,5.78,,
269112,P,2000-06-25,62558,2,26.03,2.92,,
269113,P,2001-02-06,96410,1,42.03,1.20,,
269114,P,2001-12-05,50716,2,17.11,7.32,,
269115,P,2001-01-11,40512,1,77.10,9.44,,
269116,P,2002-05-09,47380,2,6.89,9.17,,
269117,P,2000-09-14,47313,5,77.60,9.74,,
269118,P,2001-08-01,77754,6,32.52,9.58,,
269119,P,2001-04-04,43732,3,16.40,3.31,,
269120,P,2002-07-04,47329,5,73.18,7.98,,
269121,P,2001-05-10,95990,8,80.72,0.06,,
269122,P,2002-07-07,92946,2,20.27,6.23,,
269123,P,2000-01-30,26581,8,35.51,9.54,,
269124,P,2000-08-12,35589,5,55.04,8.89,,
269125,P,2002-01-20,19659,9,48.50,2.32,,
269126,P,2002-03-31,21581,8,52.74,5.02,,
269127,P,2002-03-19,48214,1,79.15,0.57,,
269128,P,2000-05-10,66764,10,9.49,6.91,,
269129,P,2000-03-11,13927,3,7.92,1.36,,
269130,P,2000-09-09,20568,10,27.15,6.39,,
269131,P,2002-06-10,20476,7,70.91,3.00,,
269132,P,2001-08-15,56545,7,75.25,3.24,,
269133,P,2001-09-27,85388,2,18.89,3.26,,
269134,P,2000-10-10,94709,1,72.87,6.97,,
269135,P,2001-03-23,63119,5,93.57,8.26,,
269136,P,2002-08-14,33475,2,41.90,5.53,,
269137,P,2000-09-02,10527,7,58.20,4.64,,
269138,P,2001-10-25,30941,9,31.67,2.09,,
269139,P,2001-05-31,8873,8,48.89,2.13,,
269140,P,2000-02-27,48704,10,23.94,1.84,,
269141,P,2001-06-19,35453,7,36.79,2.71,,
269142,P,2001-07-07,6738,8,46.53,2.42,,
269143,P,2000-08-08,49961,2,10.53,1.53,,
269144,P,2000-08-13,9952,4,24.48,9.54,,
269145,P,2000-12-12,55028,9,83.42,5.58,,
269146,P,2000-05-10,14451,4,87.85,6.08,,
269147,P,2001-09-02,6047,3,31.76,8.30,,
269148,P,2001-11-18,27879,3,78.73,0.95,,
269149,P,2000-10-04,19980,8,72.78,7.53,,
269150,P,2000-10-01,56465,1,37.70,8.75,,
269151,P,2000-09-17,29429,3,66.61,1.86,,
269152,P,2001-09-04,39100,2,80.82,1.75,,
269153,P,2002-08-17,36726,10,84.29,1.20,,
269154,P,2002-01-20,66969,8,54.69,5.71,,
269155,P,2000-02-05,86064,9,75.48,7.02,,
269156,P,2001-07-27,41019,3,48.79,0.41,,
269157,P,2002-03-27,20393,2,7.25,4.16,,
269158,P,2000-04-20,66336,10,60.53,1.59,,
269159,P,2002-02-21,16370,4,2.21,8.00,,
269160,P,2001-03-19,95878,4,83.86,5.25,,
269161,P,2000-06-04,54048,9,49.65,3.16,,
269162,P,2000-03-04,63726,8,14.26,1.65,,
269163,P,2000-07-17,65919,3,57.40,2.70,,
269164,P,2000-05-30,80161,6,56.55,3.22,,
269165,P,2001-05-06,67791,7,57.62,6.04,,
269166,P,2002-07-09,59216,2,11.64,9.92,,
269167,P,2000-03-07,27006,6,63.93,1.96,,
269168,P,2002-06-06,56601,8,78.57,3.63,,
269169,P,2001-11-02,45524,4,68.31,1.94,,
269170,P,2001-04-08,96857,9,0.20,9.26,,
269171,P,2000-08-10,42749,7,93.51,4.50,,
269172,P,2002-08-06,46274,6,77.62,3.93,,
269173,P,2001-04-15,28113,10,60.95,5.63,,
269174,P,2001-04-05,7406,2,68.29,9.56,,
269175,P,2001-12-17,26811,3,78.97,4.80,,
269176,P,2000-01-05,3405,4,5.54,1.91,,
269177,P,2002-05-10,42789,2,48.55,3.37,,
269178,P,2000-01-29,21354,6,19.23,5.29,,
269179,P,2000-02-07,2559,4,62.01,3.50,,
269180,P,2001-05-09,64880,3,49.24,8.41,,
269181,P,2002-02-06,74013,7,98.52,4.74,,
269182,P,2001-06-02,1298,8,25.07,4.41,,
269183,P,2001-01-21,24114,3,62.80,7.98,,
269184,P,2002-09-08,56150,4,79.60,1.94,,
269185,P,2002-05-01,31397,3,61.98,8.52,,
269186,P,2000-11-11,63152,3,20.25,9.24,,
269187,P,2001-09-11,2349,8,54.37,4.52,,
269188,P,2001-03-06,28399,7,80.28,7.55,,
269189,P,2001-06-09,83095,2,2.38,5.92,,
269190,P,2000-12-03,35660,9,14.60,4.16,,
269191,P,2000-05-14,86822,5,55.24,5.65,,
269192,P,2001-03-01,13471,8,13.79,4.84,,
269193,P,2000-01-18,36096,7,94.28,9.76,,
269194,P,2000-03-20,66519,1,78.70,9.00,,
269195,P,2001-05-30,85551,5,33.14,6.49,,
269196,P,2001-03-09,74939,1,85.73,4.47,,
269197,P,2001-11-08,11583,7,12.23,4.11,,
269198,P,2000-10-28,22748,3,99.19,1.56,,
269199,P,2002-09-13,64003,6,58.79,0.05,,
269200,P,2000-07-08,25888,2,53.41,0.26,,
269201,P,2000-03-14,66918,4,62.95,7.93,,
269202,P,2000-11-28,16238,10,46.60,0.21,,
269203,P,2000-11-02,89535,2,43.32,8.45,,
269204,P,2000-01-29,45601,8,63.60,9.00,,
269205,P,2001-12-17,12096,1,94.42,6.02,,
269206,P,2000-05-25,40547,6,96.48,7.13,,
269207,P,2000-06-07,66922,3,81.27,4.68,,
269208,P,2001-01-16,52638,6,25.07,1.81,,
269209,P,2000-12-15,13137,6,90.47,3.08,,
269210,P,2002-06-02,32107,7,44.72,7.54,,
269211,P,2001-10-08,24494,10,36.76,3.85,,
269212,P,2000-03-23,71835,8,31.93,8.28,,
269213,P,2001-10-19,79323,6,95.76,8.82,,
269214,P,2000-12-15,72116,5,52.38,1.24,,
269215,P,2002-02-14,98128,1,24.29,3.33,,
269216,P,2001-11-03,94080,2,10.72,2.51,,
269217,P,2000-03-23,14505,8,65.79,0.35,,
269218,P,2002-08-23,57631,10,52.22,5.29,,
269219,P,2001-09-20,34508,2,87.93,0.77,,
269220,P,2000-10-12,57610,8,28.93,6.42,,
269221,P,2002-05-01,30373,8,9.59,7.46,,
269222,P,2000-03-18,44274,6,34.00,0.16,,
269223,P,2001-01-23,74210,2,68.62,6.35,,
269224,P,2001-01-23,97230,1,6.32,2.54,,
269225,P,2002-06-11,90044,3,76.76,2.86,,
269226,P,2001-06-22,45980,8,94.70,3.39,,
269227,P,2002-08-29,64528,10,45.00,9.06,,
269228,P,2000-10-13,65808,1,23.23,7.48,,
269229,P,2001-02-22,8810,5,86.09,5.03,,
269230,P,2000-10-14,31301,6,48.94,8.47,,
269231,P,2002-02-28,64466,3,29.78,1.15,,
269232,P,2002-04-02,40531,5,90.16,1.75,,
269233,P,2001-05-06,78993,8,56.77,6.53,,
269234,P,2001-01-12,37058,8,49.17,3.74,,
269235,P,2000-11-02,88661,6,54.35,5.20,,
269236,P,2000-09-27,56674,10,70.98,6.71,,
269237,P,2002-03-28,26910,2,87.92,3.03,,
269238,P,2002-01-08,69142,6,32.34,2.08,,
269239,P,2001-04-05,29825,3,67.91,9.33,,
269240,P,2000-05-10,12726,5,59.90,0.17,,
269241,P,2001-02-03,8870,2,24.58,8.20,,
269242,P,2002-06-24,25491,8,27.86,5.19,,
269243,P,2002-02-05,63846,9,29.96,2.79,,
269244,P,2002-03-23,31181,2,79.32,1.18,,
269245,P,2001-12-15,181,2,85.79,5.67,,
269246,P,2002-08-02,31068,6,88.47,5.32,,
269247,P,2000-08-31,95613,4,14.97,0.88,,
269248,P,2002-09-13,95047,6,70.04,7.31,,
269249,P,2002-06-01,42934,10,47.68,4.47,,
269250,P,2000-07-04,87945,4,59.76,1.97,,
269251,P,2000-01-21,79240,10,24.75,9.86,,
269252,P,2000-02-25,94855,5,26.75,4.43,,
269253,P,2000-02-02,33533,4,79.45,1.57,,
269254,P,2001-10-03,54220,4,58.24,3.79,,
269255,P,2002-09-12,94670,8,43.04,5.92,,
269256,P,2002-05-30,11377,10,53.25,8.50,,
269257,P,2001-02-19,68997,10,16.44,9.59,,
269258,P,2000-02-23,62809,8,87.25,3.64,,
269259,P,2001-05-21,35195,6,64.59,6.67,,
269260,P,2001-10-09,39854,2,33.41,6.65,,
269261,P,2000-10-28,61074,2,55.23,3.27,,
269262,P,2000-08-04,65859,8,42.36,3.72,,
269263,P,2000-10-29,671,4,58.08,6.59,,
269264,P,2002-01-05,97663,6,97.15,7.77,,
269265,P,2000-01-07,87608,3,36.92,3.61,,
269266,P,2001-01-31,53250,5,39.93,6.39,,
269267,P,2001-07-02,51475,10,93.09,5.70,,
269268,P,2000-05-25,20934,2,28.76,4.85,,
269269,P,2002-05-18,37682,8,37.32,1.75,,
269270,P,2000-06-10,65004,8,47.03,1.58,,
269271,P,2001-04-26,35685,6,37.98,4.90,,
269272,P,2000-11-20,50779,6,72.23,6.36,,
269273,P,2000-06-30,70552,6,3.75,1.76,,
269274,P,2002-02-03,24162,6,90.25,2.89,,
269275,P,2001-07-13,31210,5,58.48,6.98,,
269276,P,2000-11-19,73254,3,4.65,0.40,,
269277,P,2000-11-18,18334,8,42.14,4.02,,
269278,P,2000-02-26,71722,3,19.28,4.12,,
269279,P,2001-07-10,75852,6,98.67,9.29,,
269280,P,2000-09-12,20251,5,82.50,0.43,,
269281,P,2001-05-07,54641,8,4.56,9.60,,
269282,P,2001-11-07,33812,6,62.93,0.26,,
269283,P,2001-09-16,52192,5,44.29,8.11,,
269284,P,2000-01-19,95560,9,67.83,1.52,,
269285,P,2000-04-19,50460,1,65.41,6.80,,
269286,P,2000-08-30,19515,1,97.13,3.90,,
269287,P,2000-04-10,89426,5,96.30,1.75,,
269288,P,2000-08-14,47490,10,3.78,5.29,,
269289,P,2002-03-13,55595,1,22.83,2.03,,
269290,P,2001-07-15,41079,7,59.04,7.48,,
269291,P,2002-03-21,16313,2,31.68,6.19,,
269292,P,2001-01-11,10221,3,77.04,7.39,,
269293,P,2001-03-31,94969,8,10.24,4.73,,
269294,P,2000-05-07,71100,1,74.96,2.08,,
269295,P,2001-12-29,26203,3,5.29,4.01,,
269296,P,2000-07-07,14769,7,82.17,1.44,,
269297,P,2001-03-18,12591,5,77.25,0.33,,
269298,P,2001-11-20,25290,2,24.42,6.49,,
269299,P,2001-08-04,8612,1,3.24,6.43,,
269300,P,2001-05-20,37491,1,58.05,6.46,,
269301,P,2000-07-03,51801,9,91.41,7.24,,
269302,P,2002-04-28,9067,8,42.00,6.33,,
269303,P,2002-08-15,55929,2,97.58,9.16,,
269304,P,2000-11-08,60586,5,89.84,2.38,,
269305,P,2000-06-23,93298,2,97.06,7.26,,
269306,P,2001-06-28,57683,6,38.74,0.67,,
269307,P,2002-06-28,25524,8,94.92,3.79,,
269308,P,2002-03-02,60151,7,76.93,0.86,,
269309,P,2001-09-14,90235,3,57.72,8.59,,
269310,P,2002-02-21,39341,9,87.61,3.80,,
269311,P,2000-12-01,56408,9,32.11,2.14,,
269312,P,2000-01-22,92151,6,38.39,1.31,,
269313,P,2001-07-26,67189,5,22.95,4.23,,
269314,P,2002-02-25,91863,4,75.33,7.20,,
269315,P,2002-08-14,85185,1,75.08,8.48,,
269316,P,2002-04-21,94939,9,57.10,9.82,,
269317,P,2002-06-10,57331,9,92.71,7.37,,
269318,P,2001-07-12,34338,6,96.69,8.63,,
269319,P,2000-11-05,62498,10,34.75,9.06,,
269320,P,2000-07-19,11437,1,43.27,6.41,,
269321,P,2001-03-19,1383,8,68.50,7.63,,
269322,P,2000-06-26,72196,8,33.57,2.90,,
269323,P,2000-12-05,58323,2,91.38,6.91,,
269324,P,2001-10-20,44437,10,8.93,1.79,,
269325,P,2000-02-02,9658,9,30.31,6.59,,
269326,P,2002-05-02,52067,5,42.10,0.37,,
269327,P,2002-09-21,19748,6,30.16,9.06,,
269328,P,2002-08-14,85632,6,40.02,6.26,,
269329,P,2001-01-09,17872,2,87.31,4.83,,
269330,P,2000-06-24,27974,9,16.21,7.82,,
269331,P,2002-02-13,99536,3,6.14,1.14,,
269332,P,2002-01-09,92733,7,24.20,8.93,,
269333,P,2000-01-16,62884,1,81.33,5.21,,
269334,P,2000-10-22,42496,1,19.19,2.21,,
269335,P,2000-08-01,17845,4,23.24,2.98,,
269336,P,2002-03-25,16176,6,95.27,6.78,,
269337,P,2001-02-18,36339,1,78.54,1.22,,
269338,P,2001-08-05,80963,10,73.25,8.65,,
269339,P,2000-02-11,65807,9,78.84,6.87,,
269340,P,2001-09-13,76698,10,71.57,8.75,,
269341,P,2001-05-03,72938,10,73.87,0.04,,
269342,P,2001-09-01,10198,9,5.81,1.23,,
269343,P,2000-08-25,13550,10,59.38,5.62,,
269344,P,2001-11-08,13623,10,88.46,3.04,,
269345,P,2001-06-16,32563,4,10.49,1.97,,
269346,P,2000-10-14,27399,9,90.36,3.39,,
269347,P,2001-02-19,98091,4,34.43,1.70,,
269348,P,2001-05-08,87576,5,72.58,2.51,,
269349,P,2002-05-28,97838,7,62.91,9.00,,
269350,P,2002-04-09,35958,5,9.91,4.20,,
269351,P,2001-06-23,7462,9,50.55,7.76,,
269352,P,2001-04-07,96791,3,17.58,8.15,,
269353,P,2000-02-29,52523,9,7.30,2.01,,
269354,P,2001-12-15,26259,3,55.81,5.96,,
269355,P,2001-06-30,59835,2,91.07,3.05,,
269356,P,2002-09-15,86028,2,43.89,1.76,,
269357,P,2000-10-23,24673,4,82.67,2.46,,
269358,P,2002-09-26,99001,9,52.24,3.97,,
269359,P,2000-06-03,87681,10,33.56,7.88,,
269360,P,2001-12-17,21159,6,32.60,2.11,,
269361,P,2002-06-07,82327,10,21.17,5.28,,
269362,P,2000-01-30,12336,8,4.64,2.28,,
269363,P,2000-08-12,22760,7,89.85,2.51,,
269364,P,2000-10-19,69265,7,12.18,0.02,,
269365,P,2001-05-28,65082,1,93.59,2.49,,
269366,P,2002-04-19,15595,4,22.63,8.76,,
269367,P,2002-07-10,10553,10,40.75,7.32,,
269368,P,2001-10-30,14680,7,61.07,0.37,,
269369,P,2001-12-22,33806,6,67.25,5.55,,
269370,P,2001-05-27,25352,4,71.95,9.78,,
269371,P,2001-09-22,97430,3,26.52,9.79,,
269372,P,2001-05-10,92477,5,60.58,6.46,,
269373,P,2000-06-19,70038,2,1.15,2.68,,
269374,P,2001-10-26,46960,6,47.19,1.98,,
269375,P,2002-03-13,84811,6,94.33,5.74,,
269376,P,2001-04-25,17914,6,9.66,3.27,,
269377,P,2002-04-20,95366,9,36.97,8.52,,
269378,P,2001-07-22,51580,4,32.82,9.41,,
269379,P,2000-04-16,53933,1,5.55,2.78,,
269380,P,2002-03-15,74169,8,23.63,8.78,,
269381,P,2002-07-12,71193,1,1.30,7.60,,
269382,P,2000-01-21,22844,9,3.32,8.34,,
269383,P,2000-09-23,71474,6,70.29,8.68,,
269384,P,2000-11-13,22739,9,82.57,9.54,,
269385,P,2000-06-17,86734,4,43.64,6.00,,
269386,P,2002-07-11,39276,9,3.28,2.11,,
269387,P,2001-02-27,6846,1,54.70,8.82,,
269388,P,2001-02-02,37888,10,26.67,4.11,,
269389,P,2000-11-19,83556,6,86.92,0.95,,
269390,P,2001-01-22,20471,9,18.90,2.39,,
269391,P,2000-06-02,24345,7,79.46,1.73,,
269392,P,2000-10-23,94419,8,41.66,5.35,,
269393,P,2002-08-05,97899,8,45.10,1.58,,
269394,P,2000-03-04,16980,1,31.85,1.35,,
269395,P,2000-07-03,8343,8,40.35,0.21,,
269396,P,2001-10-08,20769,2,20.62,9.93,,
269397,P,2001-07-21,50013,5,37.05,8.07,,
269398,P,2001-08-07,1584,10,63.34,2.99,,
269399,P,2001-12-27,5083,2,47.34,3.91,,
269400,P,2000-01-20,83797,1,67.67,7.69,,
269401,P,2000-11-01,92465,10,36.85,3.29,,
269402,P,2001-10-03,58079,5,29.21,6.69,,
269403,P,2002-05-05,48170,4,80.83,6.52,,
269404,P,2000-06-21,53972,6,40.75,0.09,,
269405,P,2002-02-10,70487,2,37.70,3.13,,
269406,P,2002-08-22,42326,9,88.49,1.67,,
269407,P,2001-05-05,40766,6,63.82,4.07,,
269408,P,2000-09-30,1371,2,74.16,2.10,,
269409,P,2001-03-14,40200,1,81.41,4.57,,
269410,P,2002-01-23,43987,8,32.87,1.42,,
269411,P,2002-03-29,1595,5,16.22,2.00,,
269412,P,2000-12-31,53312,8,75.20,3.54,,
269413,P,2002-06-20,30910,2,76.33,9.34,,
269414,P,2001-11-26,80617,1,46.40,3.21,,
269415,P,2001-04-20,56607,8,34.10,7.00,,
269416,P,2001-04-08,80685,8,64.34,2.58,,
269417,P,2002-01-15,73714,3,13.79,6.38,,
269418,P,2002-05-14,31034,8,85.33,3.17,,
269419,P,2000-05-15,41988,2,11.92,7.57,,
269420,P,2001-06-12,14803,5,60.73,8.74,,
269421,P,2000-10-27,27621,3,26.66,2.05,,
269422,P,2002-07-11,28758,3,92.16,1.43,,
269423,P,2002-08-24,78768,7,67.04,7.65,,
269424,P,2000-02-04,40171,2,79.68,7.45,,
269425,P,2000-09-28,62832,4,39.12,2.79,,
269426,P,2001-01-23,40719,2,2.01,3.68,,
269427,P,2001-08-15,38792,9,71.88,0.16,,
269428,P,2001-09-03,87657,4,42.24,4.18,,
269429,P,2002-03-06,59786,3,12.54,4.39,,
269430,P,2002-01-28,16850,6,98.34,3.46,,
269431,P,2001-03-17,77545,10,73.89,8.21,,
269432,P,2002-03-23,49918,7,44.21,0.11,,
269433,P,2002-05-31,98422,4,65.49,0.54,,
269434,P,2001-12-05,29703,1,72.09,9.00,,
269435,P,2001-04-20,74622,4,37.87,4.77,,
269436,P,2002-05-05,84833,6,18.21,1.06,,
269437,P,2001-10-11,36119,10,64.25,6.30,,
269438,P,2001-06-12,16226,4,11.03,9.24,,
269439,P,2000-11-23,91580,3,52.93,9.77,,
269440,P,2002-07-02,70848,3,87.23,6.93,,
269441,P,2002-05-18,40289,1,83.06,6.27,,
269442,P,2001-11-10,75057,4,91.48,6.32,,
269443,P,2002-05-22,43921,8,37.08,9.65,,
269444,P,2001-10-09,46612,10,92.23,0.83,,
269445,P,2002-01-14,61203,4,39.85,6.01,,
269446,P,2000-05-03,64475,8,28.09,6.99,,
269447,P,2000-03-16,63297,4,2.15,0.38,,
269448,P,2001-01-09,59874,8,55.22,0.49,,
269449,P,2000-11-28,75072,3,78.14,9.94,,
269450,P,2001-11-18,78383,5,80.19,1.90,,
269451,P,2002-02-15,45641,7,63.33,8.75,,
269452,P,2000-01-09,75848,5,78.62,0.12,,
269453,P,2002-06-19,6082,2,27.52,0.75,,
269454,P,2000-08-27,55587,8,20.80,1.06,,
269455,P,2000-05-26,23157,5,15.75,7.01,,
269456,P,2002-04-03,81861,2,5.36,8.03,,
269457,P,2002-05-19,21998,6,70.34,7.50,,
269458,P,2000-05-05,49671,10,28.46,8.34,,
269459,P,2000-10-12,51207,2,25.73,1.52,,
269460,P,2000-02-06,94657,10,86.26,4.50,,
269461,P,2000-06-14,50664,1,5.23,0.89,,
269462,P,2000-05-09,80239,4,98.43,0.16,,
269463,P,2000-08-20,63525,9,45.63,5.93,,
269464,P,2001-10-17,15138,7,72.17,0.67,,
269465,P,2000-04-26,62572,10,73.70,9.47,,
269466,P,2000-11-21,34511,3,6.61,9.97,,
269467,P,2001-02-13,71462,9,74.09,1.06,,
269468,P,2002-09-08,95991,6,7.69,0.83,,
269469,P,2000-02-24,90556,7,98.23,9.29,,
269470,P,2001-04-12,45988,4,40.96,2.12,,
269471,P,2001-07-11,97949,7,53.02,4.41,,
269472,P,2000-08-15,7221,7,21.24,8.96,,
269473,P,2002-07-29,72509,1,67.90,2.69,,
269474,P,2002-02-15,90936,7,53.47,4.57,,
269475,P,2000-10-31,70225,4,47.17,8.28,,
269476,P,2001-08-14,3729,9,96.85,6.04,,
269477,P,2000-10-17,3089,10,10.53,3.16,,
269478,P,2000-08-22,96468,6,0.27,6.47,,
269479,P,2002-01-24,41553,6,21.08,2.37,,
269480,P,2002-08-31,30338,7,71.36,7.44,,
269481,P,2000-01-18,42984,5,84.07,3.82,,
269482,P,2002-01-15,26679,1,43.97,6.27,,
269483,P,2000-02-08,81923,8,6.57,1.21,,
269484,P,2002-09-07,48762,9,69.67,1.78,,
269485,P,2002-06-28,53978,1,40.00,2.25,,
269486,P,2001-01-05,38711,3,17.72,4.41,,
269487,P,2000-10-27,12689,1,9.36,1.03,,
269488,P,2002-01-13,14680,1,81.80,6.13,,
269489,P,2002-07-12,61051,9,17.11,3.19,,
269490,P,2001-02-25,82812,9,55.57,9.45,,
269491,P,2000-03-14,50801,5,17.49,9.22,,
269492,P,2001-04-18,88734,10,45.95,0.85,,
269493,P,2000-01-03,64361,6,9.52,4.10,,
269494,P,2002-01-12,64099,10,47.49,3.78,,
269495,P,2000-04-16,14747,6,1.33,7.85,,
269496,P,2001-10-04,96756,7,49.18,9.64,,
269497,P,2001-04-02,36467,2,38.68,1.05,,
269498,P,2000-08-05,63394,2,91.61,2.62,,
269499,P,2000-11-11,57011,9,26.42,5.19,,
269500,P,2002-07-06,55187,10,97.67,1.15,,
269501,P,2000-03-25,44371,5,13.49,7.60,,
269502,P,2002-08-12,95978,3,81.83,2.64,,
269503,P,2002-01-17,24039,8,34.20,5.67,,
269504,P,2000-08-23,42860,3,86.33,3.28,,
269505,P,2002-08-09,71226,8,83.34,6.45,,
269506,P,2000-11-23,70087,3,18.63,6.16,,
269507,P,2000-08-26,81282,8,27.86,7.53,,
269508,P,2002-06-08,42740,9,89.51,8.79,,
269509,P,2000-05-09,24973,4,22.63,2.06,,
269510,P,2001-05-22,15541,7,85.35,7.12,,
269511,P,2001-06-06,28243,8,82.76,5.16,,
269512,P,2000-04-24,63277,9,18.33,4.93,,
269513,P,2001-01-28,89237,2,88.15,9.91,,
269514,P,2000-10-05,89456,9,23.71,0.56,,
269515,P,2001-03-26,43235,6,15.69,4.17,,
269516,P,2000-07-04,26393,1,64.72,8.38,,
269517,P,2001-06-11,82789,4,76.77,4.72,,
269518,P,2000-01-01,93007,7,24.82,4.80,,
269519,P,2000-03-20,41445,9,69.25,9.48,,
269520,P,2001-10-31,21789,8,63.72,2.90,,
269521,P,2000-11-14,87853,2,70.51,0.18,,
269522,P,2000-03-28,92220,9,14.31,1.85,,
269523,P,2001-05-01,56889,7,21.56,2.75,,
269524,P,2001-07-30,79984,10,30.01,7.67,,
269525,P,2001-05-10,63452,10,83.67,3.77,,
269526,P,2002-01-02,25064,4,21.77,0.84,,
269527,P,2001-02-16,4015,2,38.72,6.83,,
269528,P,2001-08-06,74462,8,35.06,7.46,,
269529,P,2001-06-08,95436,9,51.57,5.78,,
269530,P,2000-01-06,27460,2,77.19,1.26,,
269531,P,2001-11-16,84434,6,54.98,2.05,,
269532,P,2002-02-06,93824,7,54.86,8.04,,
269533,P,2002-02-26,64770,8,31.68,0.70,,
269534,P,2000-11-20,28833,5,21.39,6.27,,
269535,P,2001-05-28,13695,7,69.00,8.58,,
269536,P,2002-08-22,63363,3,20.33,4.69,,
269537,P,2001-08-13,76336,2,86.45,1.06,,
269538,P,2000-02-22,66672,4,51.19,9.38,,
269539,P,2002-03-17,10628,6,0.17,3.98,,
269540,P,2001-02-16,4027,9,49.81,4.89,,
269541,P,2001-03-24,86240,1,71.15,7.69,,
269542,P,2002-04-17,73716,9,1.67,2.98,,
269543,P,2002-02-14,73752,6,55.68,6.25,,
269544,P,2001-01-15,41923,7,57.59,9.67,,
269545,P,2000-05-05,36356,5,40.87,0.77,,
269546,P,2000-06-15,83320,10,96.92,5.65,,
269547,P,2000-12-12,57448,1,4.57,8.68,,
269548,P,2001-01-19,32653,8,49.86,0.20,,
269549,P,2000-11-16,67077,2,11.43,8.76,,
269550,P,2000-03-16,13480,10,77.69,1.36,,
269551,P,2001-08-29,44340,3,4.33,5.24,,
269552,P,2002-03-16,20801,6,20.51,7.67,,
269553,P,2000-11-09,16360,7,35.29,2.44,,
269554,P,2001-07-09,94502,3,71.97,9.75,,
269555,P,2001-03-15,36629,9,76.52,0.99,,
269556,P,2000-08-25,85413,7,35.43,3.10,,
269557,P,2001-05-25,15621,4,46.04,8.06,,
269558,P,2000-06-23,29060,4,12.77,0.91,,
269559,P,2001-03-05,62323,9,99.05,8.66,,
269560,P,2001-03-13,60478,1,51.03,8.49,,
269561,P,2001-02-28,89111,4,28.35,3.89,,
269562,P,2001-06-25,91275,8,94.80,7.69,,
269563,P,2002-07-17,79654,6,37.35,5.56,,
269564,P,2001-07-30,5355,3,71.44,5.12,,
269565,P,2000-01-25,43724,6,56.20,1.11,,
269566,P,2002-08-25,64828,8,98.63,9.02,,
269567,P,2002-07-25,71993,5,64.39,4.80,,
269568,P,2001-02-21,95415,6,31.44,4.29,,
269569,P,2001-12-08,5477,9,7.64,2.85,,
269570,P,2001-12-16,2326,1,66.82,2.31,,
269571,P,2000-11-28,71794,8,47.31,6.86,,
269572,P,2002-09-13,70330,3,45.66,6.87,,
269573,P,2002-01-27,31420,5,61.73,1.06,,
269574,P,2000-07-03,23968,8,29.11,0.42,,
269575,P,2000-04-21,37726,6,29.51,3.82,,
269576,P,2000-05-11,11750,2,39.23,2.88,,
269577,P,2002-09-19,12788,9,71.51,0.16,,
269578,P,2002-07-20,77896,7,26.62,0.27,,
269579,P,2002-06-15,94405,5,30.16,9.22,,
269580,P,2002-06-03,95756,3,33.88,3.73,,
269581,P,2001-12-20,21417,5,14.51,0.31,,
269582,P,2001-12-29,1416,10,29.46,8.71,,
269583,P,2002-09-26,10718,1,76.36,7.00,,
269584,P,2002-02-23,45370,6,14.31,1.89,,
269585,P,2002-04-15,82300,8,9.57,3.58,,
269586,P,2002-08-12,62744,3,15.54,7.86,,
269587,P,2000-12-11,69505,2,78.84,9.78,,
269588,P,2001-06-16,98974,5,73.00,3.83,,
269589,P,2001-03-18,69474,2,50.25,5.42,,
269590,P,2001-01-28,64938,3,29.87,9.92,,
269591,P,2002-07-03,63206,2,96.80,3.09,,
269592,P,2000-04-25,98048,2,84.13,1.76,,
269593,P,2002-08-29,97735,2,66.43,5.02,,
269594,P,2002-07-16,69005,2,21.20,3.78,,
269595,P,2001-03-22,53271,9,45.82,9.15,,
269596,P,2001-08-18,99561,3,70.38,1.50,,
269597,P,2000-11-21,18281,2,62.87,7.88,,
269598,P,2000-06-06,95743,7,91.25,9.15,,
269599,P,2002-05-06,68364,7,10.83,4.73,,
269600,P,2000-08-11,51090,7,99.19,7.02,,
269601,P,2000-12-21,31440,8,97.75,2.96,,
269602,P,2000-04-16,27884,1,40.26,6.01,,
269603,P,2001-03-07,66743,5,36.55,8.71,,
269604,P,2000-04-21,39498,8,7.61,8.58,,
269605,P,2000-06-28,22416,7,12.07,1.64,,
269606,P,2000-11-18,90651,2,32.58,6.44,,
269607,P,2002-09-12,74409,2,54.33,0.33,,
269608,P,2000-12-28,60009,1,63.99,8.60,,
269609,P,2001-07-14,82470,5,25.24,7.35,,
269610,P,2001-07-09,31062,6,61.30,0.97,,
269611,P,2001-02-05,37613,1,43.45,4.08,,
269612,P,2002-03-18,91566,7,8.97,0.48,,
269613,P,2002-09-04,76300,10,64.41,7.42,,
269614,P,2002-04-25,19069,4,57.06,6.23,,
269615,P,2001-01-02,23420,3,49.02,2.80,,
269616,P,2001-12-22,58004,2,50.01,5.75,,
269617,P,2002-08-19,28444,4,11.76,7.00,,
269618,P,2001-03-31,45863,9,0.22,2.57,,
269619,P,2001-07-26,84712,9,62.18,5.50,,
269620,P,2001-04-28,29827,9,26.96,9.00,,
269621,P,2002-09-21,85529,8,25.64,6.73,,
269622,P,2000-08-24,2034,7,98.63,5.46,,
269623,P,2002-03-17,26463,7,41.23,6.16,,
269624,P,2000-10-16,89721,2,17.50,1.20,,
269625,P,2000-07-15,83465,1,12.91,3.01,,
269626,P,2001-04-13,70760,5,36.85,2.85,,
269627,P,2002-08-25,51104,4,67.45,3.32,,
269628,P,2002-01-23,17478,6,28.95,6.50,,
269629,P,2002-01-08,38658,1,68.42,9.68,,
269630,P,2000-01-15,30849,6,62.69,2.75,,
269631,P,2002-04-07,65051,7,79.01,5.20,,
269632,P,2001-02-13,86102,9,15.34,8.49,,
269633,P,2001-12-29,32026,10,76.12,4.89,,
269634,P,2001-08-24,15222,9,2.83,8.75,,
269635,P,2001-09-08,53249,2,89.43,5.03,,
269636,P,2001-04-27,36232,8,10.24,8.42,,
269637,P,2001-08-09,57216,1,6.56,6.80,,
269638,P,2001-11-06,17116,3,51.67,0.51,,
269639,P,2000-08-10,62058,6,41.71,4.80,,
269640,P,2000-04-22,98678,4,16.69,5.37,,
269641,P,2000-05-09,50144,5,10.61,3.51,,
269642,P,2002-08-17,85850,10,9.34,1.79,,
269643,P,2001-02-15,98068,8,69.78,7.64,,
269644,P,2001-01-15,14066,4,89.92,9.85,,
269645,P,2000-11-08,36725,4,78.35,0.33,,
269646,P,2001-11-17,45898,5,81.77,7.48,,
269647,P,2001-08-30,5666,10,4.80,2.48,,
269648,P,2002-05-08,89909,6,42.62,4.84,,
269649,P,2000-01-09,47091,10,9.62,8.05,,
269650,P,2002-01-25,4740,8,41.76,3.36,,
269651,P,2001-09-22,96943,2,60.32,6.77,,
269652,P,2002-04-17,15438,4,79.70,9.87,,
269653,P,2001-04-21,73117,10,17.82,7.71,,
269654,P,2001-06-14,70241,7,48.88,6.04,,
269655,P,2001-07-03,75249,1,29.02,8.36,,
269656,P,2000-11-30,174,8,7.70,2.09,,
269657,P,2002-03-08,17236,4,11.31,7.49,,
269658,P,2000-01-31,63705,5,16.58,1.98,,
269659,P,2002-01-14,27281,2,97.27,4.98,,
269660,P,2002-07-29,64741,1,74.68,7.42,,
269661,P,2000-03-17,76879,2,55.11,3.94,,
269662,P,2002-09-26,41997,5,71.61,3.84,,
269663,P,2002-08-04,93550,10,71.63,4.90,,
269664,P,2001-06-23,15480,4,11.10,5.20,,
269665,P,2002-07-17,80220,7,72.17,3.13,,
269666,P,2001-04-27,75906,6,21.74,7.85,,
269667,P,2002-02-07,37195,10,73.29,1.38,,
269668,P,2001-01-17,79060,8,78.92,3.89,,
269669,P,2002-02-24,70712,10,30.95,1.04,,
269670,P,2000-03-13,85344,10,15.20,2.80,,
269671,P,2000-07-06,61811,8,93.10,7.18,,
269672,P,2001-03-10,26573,4,44.47,4.40,,
269673,P,2000-04-01,43141,5,10.53,2.81,,
269674,P,2001-05-11,75389,10,72.07,1.47,,
269675,P,2001-10-01,25881,8,20.10,1.45,,
269676,P,2000-05-07,83147,9,11.63,4.73,,
269677,P,2000-12-21,12047,7,5.60,2.29,,
269678,P,2002-07-17,67426,1,84.29,8.93,,
269679,P,2001-02-21,95035,7,15.95,9.40,,
269680,P,2001-08-27,57499,7,76.87,2.78,,
269681,P,2001-04-08,77157,5,34.32,7.07,,
269682,P,2002-02-11,49098,1,9.02,0.52,,
269683,P,2001-12-07,22374,4,35.45,0.17,,
269684,P,2002-03-03,82254,4,22.69,8.79,,
269685,P,2001-01-09,74150,7,66.21,0.35,,
269686,P,2002-01-26,51470,6,42.70,8.09,,
269687,P,2001-02-05,865,8,88.29,3.01,,
269688,P,2002-08-28,49500,2,31.21,4.50,,
269689,P,2002-03-17,90960,7,37.41,8.91,,
269690,P,2001-05-03,28016,8,75.12,9.98,,
269691,P,2002-02-11,33232,1,94.98,2.03,,
269692,P,2002-01-14,27309,8,91.80,2.59,,
269693,P,2002-06-17,82106,3,26.55,1.98,,
269694,P,2002-05-10,76636,5,41.64,5.83,,
269695,P,2001-12-22,11934,2,18.78,8.20,,
269696,P,2002-04-26,32717,6,60.03,4.87,,
269697,P,2001-04-16,7459,4,45.83,3.77,,
269698,P,2000-08-01,37362,9,17.72,0.08,,
269699,P,2001-06-10,77318,8,70.01,2.14,,
269700,P,2002-06-04,51526,2,20.14,2.88,,
269701,P,2001-09-21,77378,6,9.03,9.78,,
269702,P,2001-06-16,27944,3,54.35,4.30,,
269703,P,2000-12-19,49256,5,29.20,9.08,,
269704,P,2000-03-05,30458,1,45.58,1.26,,
269705,P,2000-12-27,97368,6,89.68,7.49,,
269706,P,2002-09-20,85506,7,93.59,8.60,,
269707,P,2001-03-03,7626,4,99.70,4.43,,
269708,P,2000-01-30,59899,4,78.52,5.85,,
269709,P,2000-11-11,47055,2,18.58,9.39,,
269710,P,2002-02-15,38806,1,36.62,8.74,,
269711,P,2002-09-12,77664,2,82.35,5.33,,
269712,P,2002-07-30,33933,6,51.79,0.50,,
269713,P,2001-04-24,35156,4,13.09,5.00,,
269714,P,2002-05-11,66632,1,74.08,5.45,,
269715,P,2001-11-10,27825,7,13.56,7.16,,
269716,P,2000-09-24,15932,10,58.27,7.31,,
269717,P,2001-03-22,32473,8,85.31,0.12,,
269718,P,2000-09-08,29510,1,27.13,1.98,,
269719,P,2001-05-06,11514,5,29.44,6.31,,
269720,P,2001-02-11,90588,4,17.68,7.05,,
269721,P,2000-11-20,67601,6,53.10,4.31,,
269722,P,2001-07-31,73491,4,16.38,7.95,,
269723,P,2002-05-14,75804,3,75.03,6.92,,
269724,P,2000-02-23,18902,7,59.50,9.59,,
269725,P,2002-03-05,9817,9,31.41,9.78,,
269726,P,2002-07-10,69122,7,35.27,9.90,,
269727,P,2002-07-13,33138,3,85.29,4.75,,
269728,P,2002-05-14,29185,1,98.25,8.75,,
269729,P,2001-03-20,63198,10,97.46,9.53,,
269730,P,2001-07-11,93710,4,21.85,1.25,,
269731,P,2000-01-12,94878,1,69.16,0.79,,
269732,P,2000-10-25,70532,9,37.39,8.93,,
269733,P,2000-05-28,70217,10,95.69,9.25,,
269734,P,2001-10-05,33068,3,52.42,0.91,,
269735,P,2000-10-14,69173,5,24.98,6.88,,
269736,P,2001-09-27,8296,2,44.77,5.50,,
269737,P,2000-12-15,21899,2,51.36,6.07,,
269738,P,2001-10-04,80952,4,13.69,1.99,,
269739,P,2002-07-07,60795,10,99.31,1.71,,
269740,P,2000-02-15,14315,1,15.51,4.45,,
269741,P,2000-11-20,80779,10,45.22,5.64,,
269742,P,2000-04-04,60019,7,95.61,5.61,,
269743,P,2001-01-21,7044,4,43.69,8.00,,
269744,P,2000-11-11,79410,4,99.15,1.79,,
269745,P,2001-08-06,63533,2,75.42,7.84,,
269746,P,2002-01-19,64733,4,84.98,4.04,,
269747,P,2002-05-08,50287,4,97.40,8.24,,
269748,P,2002-02-19,19754,6,33.37,9.37,,
269749,P,2000-03-11,73291,3,66.09,7.74,,
269750,P,2002-04-22,62244,4,7.60,2.49,,
269751,P,2001-03-17,14314,10,64.02,0.55,,
269752,P,2000-11-12,69472,4,53.02,4.40,,
269753,P,2000-12-03,23566,8,44.52,9.41,,
269754,P,2001-07-05,91901,1,83.01,7.79,,
269755,P,2000-04-23,30114,9,54.37,9.32,,
269756,P,2000-12-29,47163,9,41.31,2.76,,
269757,P,2001-07-26,27631,2,52.96,6.16,,
269758,P,2000-03-21,11122,3,66.94,8.99,,
269759,P,2001-05-12,2291,7,32.21,7.72,,
269760,P,2001-11-12,99499,5,23.63,1.57,,
269761,P,2000-05-04,71412,1,88.63,4.39,,
269762,P,2002-06-12,65391,7,63.53,1.31,,
269763,P,2000-11-04,72669,1,86.98,1.76,,
269764,P,2001-02-01,2655,4,17.37,1.84,,
269765,P,2001-06-28,58859,5,7.47,2.01,,
269766,P,2002-05-26,27270,9,30.72,4.38,,
269767,P,2001-10-29,88575,7,99.65,4.11,,
269768,P,2001-07-15,52476,7,52.13,5.29,,
269769,P,2002-03-24,54071,8,77.00,3.10,,
269770,P,2001-10-16,14903,10,98.63,1.36,,
269771,P,2002-05-08,36109,2,80.38,4.42,,
269772,P,2001-05-07,88088,3,18.29,7.58,,
269773,P,2000-09-29,14232,8,10.12,8.23,,
269774,P,2002-09-09,16906,8,30.30,1.56,,
269775,P,2000-01-07,74296,7,69.74,8.82,,
269776,P,2002-02-01,68775,4,56.24,1.23,,
269777,P,2001-08-20,21131,9,29.01,3.99,,
269778,P,2000-06-09,65412,3,36.59,1.67,,
269779,P,2001-01-10,63659,1,13.18,2.61,,
269780,P,2000-06-04,70605,3,98.90,4.34,,
269781,P,2000-07-19,55824,9,13.32,0.65,,
269782,P,2000-03-15,43595,7,80.10,6.96,,
269783,P,2002-07-01,49069,9,21.72,3.94,,
269784,P,2001-12-24,94666,2,21.99,2.74,,
269785,P,2001-08-22,98538,9,30.76,6.40,,
269786,P,2001-07-23,95972,5,52.90,2.81,,
269787,P,2001-12-25,15437,10,96.50,5.31,,
269788,P,2001-01-10,36920,4,87.08,4.92,,
269789,P,2000-07-03,98764,5,60.86,2.44,,
269790,P,2001-03-14,4275,3,46.22,9.64,,
269791,P,2001-02-10,58366,1,94.99,5.47,,
269792,P,2002-09-27,58539,5,36.59,6.70,,
269793,P,2000-12-09,92210,3,24.36,3.76,,
269794,P,2000-05-19,51889,1,75.47,1.05,,
269795,P,2001-09-11,17745,10,44.88,3.65,,
269796,P,2001-06-14,68347,6,30.77,4.75,,
269797,P,2000-10-10,55338,9,70.74,6.16,,
269798,P,2002-06-05,78807,3,45.67,8.32,,
269799,P,2001-05-29,97514,10,92.48,3.76,,
269800,P,2001-12-03,23598,8,75.71,4.48,,
269801,P,2001-04-25,36477,2,72.79,8.26,,
269802,P,2000-04-14,39254,7,97.32,1.40,,
269803,P,2001-09-25,21472,4,83.74,0.15,,
269804,P,2000-02-08,4591,10,78.53,6.98,,
269805,P,2001-11-04,58676,4,4.15,4.33,,
269806,P,2001-04-17,66865,2,82.85,0.55,,
269807,P,2001-06-12,31143,8,14.33,2.56,,
269808,P,2001-09-19,68169,10,31.52,8.86,,
269809,P,2000-07-14,5823,10,74.98,0.07,,
269810,P,2002-03-27,43782,9,10.74,1.80,,
269811,P,2002-02-07,47782,10,97.69,8.94,,
269812,P,2000-02-28,71348,6,79.20,2.86,,
269813,P,2001-04-22,27020,9,61.23,2.04,,
269814,P,2000-04-28,67673,6,95.03,0.04,,
269815,P,2001-12-05,92359,9,45.28,1.81,,
269816,P,2000-05-23,83172,9,16.02,8.93,,
269817,P,2001-03-16,90358,3,14.90,4.24,,
269818,P,2000-05-17,2048,7,12.37,2.09,,
269819,P,2002-05-22,66243,1,82.88,7.56,,
269820,P,2001-03-06,22294,5,20.39,6.10,,
269821,P,2000-06-09,66910,2,70.05,3.26,,
269822,P,2001-11-15,83616,5,24.49,3.92,,
269823,P,2001-01-06,31279,10,46.03,0.66,,
269824,P,2001-02-05,62902,7,74.94,5.52,,
269825,P,2000-07-20,86989,9,95.09,4.44,,
269826,P,2000-12-09,95335,8,57.08,8.21,,
269827,P,2002-01-08,97025,3,10.99,8.65,,
269828,P,2001-03-08,7134,1,62.01,9.24,,
269829,P,2000-02-01,81472,8,44.99,3.42,,
269830,P,2001-02-10,5731,6,96.36,4.24,,
269831,P,2000-10-27,73667,4,88.76,7.94,,
269832,P,2001-11-15,36576,5,24.77,1.01,,
269833,P,2000-11-09,22787,1,77.36,7.11,,
269834,P,2000-02-09,72710,8,13.54,6.90,,
269835,P,2000-12-23,19431,6,83.47,9.54,,
269836,P,2001-06-03,82056,1,67.80,6.15,,
269837,P,2001-10-09,5585,2,48.40,5.59,,
269838,P,2000-08-18,19701,2,31.67,0.41,,
269839,P,2002-09-19,31783,8,24.03,3.02,,
269840,P,2002-05-05,48141,4,7.40,0.90,,
269841,P,2002-04-09,33108,6,81.03,0.41,,
269842,P,2000-06-12,54056,4,90.50,2.50,,
269843,P,2000-03-01,90438,2,44.18,4.02,,
269844,P,2002-09-11,96317,8,4.29,3.19,,
269845,P,2002-07-25,43192,8,59.95,0.57,,
269846,P,2000-07-17,80190,5,24.62,0.87,,
269847,P,2001-10-25,78878,3,61.58,1.58,,
269848,P,2002-01-04,39722,2,21.06,8.53,,
269849,P,2000-01-29,81374,8,55.12,0.85,,
269850,P,2000-12-09,84462,4,94.62,3.30,,
269851,P,2000-04-19,73125,6,58.85,7.21,,
269852,P,2001-03-05,39176,2,47.98,6.19,,
269853,P,2001-08-27,53961,1,57.17,2.19,,
269854,P,2002-03-02,67829,1,5.84,8.22,,
269855,P,2001-03-02,63789,4,55.16,7.80,,
269856,P,2000-02-07,26632,8,90.95,5.31,,
269857,P,2002-07-12,46802,10,71.17,7.12,,
269858,P,2001-11-02,808,8,48.29,4.81,,
269859,P,2002-02-16,9072,2,99.82,7.43,,
269860,P,2000-07-12,98304,7,96.98,5.04,,
269861,P,2001-04-04,80259,1,89.81,2.56,,
269862,P,2002-04-15,57061,10,84.32,7.09,,
269863,P,2000-06-05,6363,2,9.36,6.00,,
269864,P,2000-08-12,66103,6,15.90,3.40,,
269865,P,2002-01-05,23049,7,3.55,5.86,,
269866,P,2002-06-21,72474,2,35.07,0.38,,
269867,P,2000-05-20,46005,3,31.50,0.30,,
269868,P,2002-01-24,32262,3,83.92,9.70,,
269869,P,2002-04-18,95539,7,82.19,1.42,,
269870,P,2000-08-22,26309,9,76.83,1.46,,
269871,P,2001-05-27,70644,1,71.51,7.46,,
269872,P,2000-03-16,68961,5,37.43,1.92,,
269873,P,2001-10-19,30639,5,62.63,9.80,,
269874,P,2002-07-10,95923,7,93.69,9.63,,
269875,P,2001-06-23,25485,10,16.78,7.98,,
269876,P,2000-02-05,64270,8,75.59,6.22,,
269877,P,2001-10-22,18541,10,50.95,7.46,,
269878,P,2000-06-14,81451,4,95.21,5.00,,
269879,P,2002-07-03,47291,1,84.08,3.51,,
269880,P,2002-03-10,35637,2,77.92,7.80,,
269881,P,2001-06-27,99273,3,96.34,7.79,,
269882,P,2000-08-20,71984,7,74.62,4.20,,
269883,P,2002-04-27,70234,5,90.80,5.89,,
269884,P,2002-01-22,70093,1,14.71,9.66,,
269885,P,2002-08-31,71164,3,93.44,8.68,,
269886,P,2001-02-11,13527,3,0.62,5.92,,
269887,P,2000-07-31,99834,10,60.59,2.58,,
269888,P,2000-11-24,1900,7,56.23,7.26,,
269889,P,2002-06-29,2344,7,10.75,6.78,,
269890,P,2000-10-16,12620,9,98.55,6.16,,
269891,P,2002-07-16,55550,10,48.02,0.46,,
269892,P,2002-08-18,87235,5,76.85,7.57,,
269893,P,2000-03-19,81367,3,68.82,9.02,,
269894,P,2000-09-04,50265,6,65.72,0.39,,
269895,P,2001-08-27,69611,8,66.37,2.66,,
269896,P,2001-12-23,96307,9,92.02,7.38,,
269897,P,2001-08-04,6599,3,32.86,7.82,,
269898,P,2000-04-03,93476,8,67.56,5.34,,
269899,P,2002-02-26,65356,4,77.49,2.05,,
269900,P,2001-10-31,92056,10,22.64,7.96,,
269901,P,2000-09-01,16500,1,61.00,1.40,,
269902,P,2002-03-15,93604,2,85.90,5.17,,
269903,P,2002-06-10,32459,1,45.83,3.69,,
269904,P,2002-01-02,57438,3,67.18,5.88,,
269905,P,2002-05-03,38871,8,45.63,3.69,,
269906,P,2002-06-28,15880,8,20.46,4.60,,
269907,P,2000-07-03,97978,4,54.00,1.64,,
269908,P,2002-05-09,38856,4,63.08,7.94,,
269909,P,2000-06-27,39630,8,15.10,8.79,,
269910,P,2000-06-19,58269,10,85.59,7.81,,
269911,P,2001-04-21,76559,4,45.03,5.25,,
269912,P,2000-03-25,58382,6,26.35,3.82,,
269913,P,2000-06-12,43182,7,17.07,4.21,,
269914,P,2002-01-19,51374,3,23.43,5.94,,
269915,P,2002-07-12,46872,5,50.70,2.18,,
269916,P,2001-12-05,6663,2,63.61,8.01,,
269917,P,2000-12-13,76915,6,65.03,9.12,,
269918,P,2001-11-12,13289,10,55.32,3.70,,
269919,P,2001-12-26,93459,7,99.40,2.85,,
269920,P,2000-11-22,67643,6,81.87,4.65,,
269921,P,2001-10-26,97997,5,13.48,2.41,,
269922,P,2001-04-02,90404,10,33.47,3.77,,
269923,P,2002-05-02,56386,10,90.96,2.42,,
269924,P,2002-09-11,63171,5,57.78,0.63,,
269925,P,2000-11-07,42345,3,80.79,5.93,,
269926,P,2002-03-17,51527,6,14.96,6.05,,
269927,P,2001-03-29,68824,1,26.86,2.77,,
269928,P,2000-07-02,81141,5,58.90,2.87,,
269929,P,2002-04-07,40735,5,90.97,2.06,,
269930,P,2001-12-23,67062,4,38.94,6.56,,
269931,P,2001-08-06,61429,6,87.15,3.95,,
269932,P,2002-05-27,26286,8,17.16,5.59,,
269933,P,2001-09-29,34118,7,94.77,5.52,,
269934,P,2001-11-12,18170,8,39.45,2.20,,
269935,P,2001-02-13,26626,10,75.68,4.57,,
269936,P,2002-02-26,66379,5,3.95,2.78,,
269937,P,2002-06-10,34271,5,78.50,3.85,,
269938,P,2002-04-29,28029,2,35.03,9.02,,
269939,P,2001-02-18,16018,10,0.55,3.61,,
269940,P,2001-02-17,15562,1,39.41,0.92,,
269941,P,2001-10-03,99041,1,46.82,7.43,,
269942,P,2001-08-20,88497,2,87.67,7.36,,
269943,P,2000-12-18,70770,1,90.67,0.34,,
269944,P,2002-05-26,16353,1,71.62,7.97,,
269945,P,2002-07-09,67014,5,46.60,8.61,,
269946,P,2001-06-10,82288,2,24.56,9.15,,
269947,P,2001-04-09,55936,8,29.19,2.45,,
269948,P,2001-12-07,12042,1,84.90,4.51,,
269949,P,2000-11-01,40562,10,80.87,7.07,,
269950,P,2002-03-03,46157,3,43.08,9.68,,
269951,P,2000-07-13,94474,6,38.81,7.15,,
269952,P,2002-07-22,69222,7,87.93,4.38,,
269953,P,2002-02-23,33251,2,33.03,1.88,,
269954,P,2001-05-17,94565,7,12.68,3.23,,
269955,P,2001-05-23,30162,10,81.48,3.20,,
269956,P,2002-05-04,97564,5,18.09,9.45,,
269957,P,2002-01-06,54178,1,20.13,9.25,,
269958,P,2001-08-03,81874,7,70.89,5.08,,
269959,P,2000-02-19,42200,4,2.72,1.89,,
269960,P,2001-11-21,62697,7,9.56,3.19,,
269961,P,2001-11-30,85838,9,80.09,7.34,,
269962,P,2000-06-24,98766,7,96.58,4.07,,
269963,P,2001-08-30,27729,5,81.97,7.32,,
269964,P,2000-05-23,6640,8,41.71,5.15,,
269965,P,2002-03-08,42969,3,53.06,4.55,,
269966,P,2000-03-12,31293,6,52.89,8.98,,
269967,P,2001-10-14,7942,10,82.73,3.89,,
269968,P,2000-04-10,43834,1,57.88,6.83,,
269969,P,2002-05-13,5562,4,85.74,5.76,,
269970,P,2002-08-07,37486,2,52.16,5.01,,
269971,P,2000-07-08,40607,1,28.75,1.09,,
269972,P,2002-07-16,28804,7,7.69,9.56,,
269973,P,2001-11-28,28298,1,43.64,1.18,,
269974,P,2001-05-25,59800,6,77.23,8.43,,
269975,P,2000-01-13,64231,5,99.53,4.00,,
269976,P,2002-03-15,47947,4,87.63,4.49,,
269977,P,2002-08-31,3034,8,35.67,9.26,,
269978,P,2000-06-02,68278,3,67.77,8.44,,
269979,P,2000-04-25,71256,7,64.32,2.69,,
269980,P,2000-09-08,94507,5,57.40,8.44,,
269981,P,2001-04-15,27227,7,80.95,8.72,,
269982,P,2001-12-28,98713,9,16.55,5.84,,
269983,P,2002-07-02,83719,2,52.44,1.37,,
269984,P,2001-06-02,10174,7,54.97,8.76,,
269985,P,2000-01-20,69913,6,31.74,7.73,,
269986,P,2000-08-21,65001,10,33.04,2.84,,
269987,P,2001-02-27,31796,3,11.01,9.46,,
269988,P,2002-09-25,52932,10,20.26,2.63,,
269989,P,2001-04-24,62705,2,63.49,0.21,,
269990,P,2001-05-26,45491,7,41.26,4.95,,
269991,P,2000-05-25,14258,6,50.89,7.12,,
269992,P,2002-04-13,84259,3,69.52,7.34,,
269993,P,2000-02-05,53079,9,21.24,2.83,,
269994,P,2001-12-26,84958,3,58.96,0.22,,
269995,P,2001-08-17,81451,6,65.73,3.24,,
269996,P,2001-11-17,51781,1,27.01,7.94,,
269997,P,2000-12-27,34078,8,83.54,4.13,,
269998,P,2000-05-20,48698,3,46.14,1.43,,
269999,P,2001-09-16,6898,3,74.30,3.45,,
270000,P,2001-12-07,65533,7,9.65,2.32,,
270001,P,2002-03-18,73957,6,67.32,4.70,,
270002,P,2002-06-09,60578,3,94.38,3.25,,
270003,P,2000-03-03,93950,1,30.81,8.84,,
270004,P,2000-08-14,81359,5,78.73,3.10,,
270005,P,2002-04-24,15636,5,71.41,7.20,,
270006,P,2001-05-14,44062,10,67.03,0.99,,
270007,P,2002-06-28,2771,3,44.13,2.97,,
270008,P,2002-07-09,63567,9,40.96,1.91,,
270009,P,2002-05-04,64691,5,21.13,7.21,,
270010,P,2001-05-20,4783,10,6.86,4.92,,
270011,P,2000-02-22,70567,7,12.65,1.23,,
270012,P,2001-10-06,96510,7,27.37,3.23,,
270013,P,2001-04-27,19899,5,1.44,2.27,,
270014,P,2001-10-27,37254,4,84.07,6.43,,
270015,P,2000-07-03,64336,9,23.88,7.14,,
270016,P,2001-02-17,53792,4,97.87,3.05,,
270017,P,2000-08-29,4259,5,57.98,5.87,,
270018,P,2001-01-04,91897,9,72.52,1.89,,
270019,P,2001-03-18,83254,8,40.95,8.68,,
270020,P,2000-08-28,9787,5,9.26,3.69,,
270021,P,2002-09-22,96297,2,42.56,8.93,,
270022,P,2002-01-06,12814,6,94.46,5.00,,
270023,P,2001-01-13,69563,9,77.41,7.26,,
270024,P,2001-12-02,7205,7,19.16,4.69,,
270025,P,2000-07-22,38723,2,38.08,9.28,,
270026,P,2001-11-25,57417,1,76.90,8.38,,
270027,P,2001-08-31,89527,10,30.70,1.77,,
270028,P,2001-02-13,79109,1,75.48,4.56,,
270029,P,2000-03-06,478,2,12.99,7.39,,
270030,P,2001-04-06,50231,10,11.52,1.12,,
270031,P,2001-10-11,84864,6,40.71,7.99,,
270032,P,2002-07-20,90000,10,2.51,1.82,,
270033,P,2001-08-18,7487,3,46.55,1.09,,
270034,P,2001-12-16,11100,4,54.83,1.18,,
270035,P,2002-07-09,98669,10,72.00,4.53,,
270036,P,2002-08-28,53338,8,15.62,3.15,,
270037,P,2000-03-17,8405,1,64.77,4.44,,
270038,P,2000-01-23,92320,3,26.10,0.11,,
270039,P,2000-11-14,39579,7,52.06,4.98,,
270040,P,2000-07-25,13990,1,64.51,5.19,,
270041,P,2002-09-18,16632,3,24.83,8.51,,
270042,P,2002-06-08,34840,8,84.91,3.58,,
270043,P,2002-05-19,62517,1,18.35,2.68,,
270044,P,2000-06-13,46762,1,69.54,9.39,,
270045,P,2001-03-27,37438,2,58.09,2.40,,
270046,P,2001-12-07,32313,3,31.93,1.75,,
270047,P,2000-03-01,80804,8,99.80,6.94,,
270048,P,2002-05-05,36487,1,38.69,4.05,,
270049,P,2001-09-13,47008,6,47.57,8.46,,
270050,P,2002-04-04,44296,10,61.77,5.56,,
270051,P,2000-05-18,69826,8,73.82,9.60,,
270052,P,2000-12-17,96150,8,99.63,6.46,,
270053,P,2001-01-01,49483,2,44.42,9.85,,
270054,P,2002-08-20,10536,9,57.05,5.16,,
270055,P,2002-04-02,99418,10,65.80,7.17,,
270056,P,2001-07-10,98185,1,51.00,5.95,,
270057,P,2000-11-11,75466,10,6.49,7.12,,
270058,P,2001-03-02,52208,2,14.07,1.46,,
270059,P,2000-06-12,64614,3,47.00,7.53,,
270060,P,2001-02-21,26385,9,60.22,3.39,,
270061,P,2000-02-16,8936,7,6.96,8.31,,
270062,P,2002-04-20,58941,4,93.47,9.63,,
270063,P,2002-05-12,54787,10,84.21,7.39,,
270064,P,2001-11-09,2231,3,26.14,2.63,,
270065,P,2000-09-20,938,7,78.70,3.06,,
270066,P,2002-03-14,59835,5,46.55,9.35,,
270067,P,2001-07-28,5337,1,33.39,0.76,,
270068,P,2000-08-26,7361,3,31.14,8.29,,
270069,P,2001-04-17,57685,3,16.70,1.19,,
270070,P,2000-01-19,25024,2,77.16,4.06,,
270071,P,2001-01-16,26610,6,3.80,8.22,,
270072,P,2002-09-05,82666,4,43.87,2.39,,
270073,P,2001-01-21,35733,8,78.26,4.67,,
270074,P,2001-05-11,81868,3,74.29,9.85,,
270075,P,2001-09-09,45145,1,26.30,7.45,,
270076,P,2000-01-01,39534,9,2.36,1.89,,
270077,P,2002-06-01,30029,7,60.43,0.56,,
270078,P,2002-02-27,34680,8,95.78,4.22,,
