97566,P,2002-08-19,59637,9,74.90,0.85,,
97567,P,2002-01-03,17752,2,71.57,2.22,,
97568,P,2000-10-28,83729,2,55.56,6.34,,
97569,P,2000-08-06,48412,1,92.99,5.61,,
97570,P,2000-10-04,83614,3,85.57,8.78,,
97571,P,2001-04-16,52655,8,42.59,1.68,,
97572,P,2002-06-20,13879,1,1.13,3.03,,
97573,P,2000-05-22,63922,3,6.37,5.29,,
97574,P,2000-11-22,18273,7,12.08,3.61,,
97575,P,2002-09-27,30713,4,5.81,2.10,,
97576,P,2001-10-11,10337,5,61.68,1.86,,
97577,P,2001-02-24,74998,5,10.71,2.58,,
97578,P,2001-07-17,90532,7,21.45,2.61,,
97579,P,2000-10-23,36254,5,16.81,2.37,,
97580,P,2000-07-22,56065,6,88.86,8.37,,
97581,P,2001-06-12,99625,10,90.57,6.62,,
97582,P,2002-04-09,13564,2,55.31,5.53,,
97583,P,2001-08-23,36379,1,28.10,5.30,,
97584,P,2000-06-12,78218,8,79.66,2.84,,
97585,P,2000-01-28,23594,8,87.72,4.57,,
97586,P,2001-05-31,96356,8,0.23,3.50,,
97587,P,2000-03-28,12396,7,46.78,8.74,,
97588,P,2000-09-28,55479,2,94.18,7.93,,
97589,P,2001-06-06,70062,8,82.94,0.20,,
97590,P,2000-07-11,31024,3,8.21,8.74,,
97591,P,2002-01-02,57854,5,40.66,9.34,,
97592,P,2000-04-15,15080,1,53.79,2.38,,
97593,P,2001-06-01,19680,1,71.03,9.04,,
97594,P,2000-12-18,17522,6,29.14,9.48,,
97595,P,2000-01-08,44858,9,45.30,2.13,,
97596,P,2001-06-08,17788,1,35.43,9.48,,
97597,P,2001-05-20,16454,7,77.78,0.14,,
97598,P,2000-04-30,43995,6,30.23,3.04,,
97599,P,2001-04-27,91922,2,2.27,7.51,,
97600,P,2000-04-26,9670,9,1.61,3.14,,
97601,P,2000-10-06,91813,4,58.94,0.96,,
97602,P,2002-05-04,89186,8,24.27,1.78,,
97603,P,2002-04-13,93332,2,85.63,9.06,,
97604,P,2000-07-01,44247,6,72.23,0.96,,
97605,P,2001-05-21,26927,2,48.51,4.02,,
97606,P,2000-10-18,68038,10,20.97,3.31,,
97607,P,2000-04-26,72264,8,76.42,8.04,,
97608,P,2000-07-18,7746,2,63.63,1.50,,
97609,P,2000-11-01,10590,1,50.89,3.44,,
97610,P,2002-09-06,5964,2,29.99,5.14,,
97611,P,2002-05-31,10080,5,32.89,6.51,,
97612,P,2002-08-14,11807,2,6.19,7.99,,
97613,P,2001-10-05,56231,2,2.35,2.73,,
97614,P,2001-01-08,7931,7,54.63,2.94,,
97615,P,2002-05-28,29011,8,23.46,2.85,,
97616,P,2000-01-27,67115,1,68.85,5.30,,
97617,P,2000-10-17,88545,9,45.38,8.21,,
97618,P,2001-04-21,699,2,45.21,2.08,,
97619,P,2001-03-11,39290,9,82.60,8.91,,
97620,P,2002-07-27,33434,2,6.42,1.68,,
97621,P,2000-06-25,65350,4,30.20,3.30,,
97622,P,2002-06-11,69616,8,0.85,0.42,,
97623,P,2001-12-03,2743,10,80.79,0.83,,
97624,P,2000-06-06,79446,1,54.94,4.27,,
97625,P,2002-04-06,10072,6,70.87,0.43,,
97626,P,2001-10-15,78553,9,64.90,3.26,,
97627,P,2000-12-07,94443,3,59.41,0.55,,
97628,P,2001-03-29,78885,9,52.28,6.44,,
97629,P,2000-08-21,93263,1,25.76,3.04,,
97630,P,2002-02-04,96366,8,2.48,1.95,,
97631,P,2001-03-15,33894,7,25.31,0.29,,
97632,P,2001-11-24,62157,8,17.25,9.86,,
97633,P,2000-04-14,84555,10,19.52,4.16,,
97634,P,2001-05-06,57500,3,21.13,0.50,,
97635,P,2002-04-28,93062,9,44.81,9.45,,
97636,P,2000-01-24,5716,4,72.42,8.17,,
97637,P,2001-10-31,99829,3,67.86,6.50,,
97638,P,2001-11-14,82893,1,44.28,4.40,,
97639,P,2002-09-20,6596,8,99.97,1.65,,
97640,P,2001-04-29,36480,7,19.96,5.90,,
97641,P,2000-02-02,59570,9,92.60,6.86,,
97642,P,2001-10-22,68757,6,65.76,5.09,,
97643,P,2001-02-20,23874,6,47.05,6.23,,
97644,P,2001-04-02,26600,4,5.24,2.01,,
97645,P,2000-12-26,70021,10,36.70,7.70,,
97646,P,2000-08-11,77318,10,96.92,7.93,,
97647,P,2002-09-18,50084,3,85.58,9.62,,
97648,P,2000-01-18,77177,2,68.63,1.36,,
97649,P,2000-08-20,30016,4,56.69,1.68,,
97650,P,2000-07-09,89578,9,40.30,5.34,,
97651,P,2001-05-21,72572,2,62.66,4.95,,
97652,P,2000-12-12,44634,6,85.37,3.93,,
97653,P,2000-06-10,38538,7,61.55,4.33,,
97654,P,2000-12-01,4000,5,70.19,1.95,,
97655,P,2001-07-09,43812,6,88.50,8.39,,
97656,P,2000-04-09,19759,10,14.64,7.86,,
97657,P,2000-07-26,24231,9,69.53,9.57,,
97658,P,2000-03-21,57714,4,95.09,7.63,,
97659,P,2001-06-06,67387,5,52.27,9.42,,
97660,P,2001-10-24,53523,1,91.09,8.15,,
97661,P,2002-07-27,47596,6,73.00,7.81,,
97662,P,2001-01-11,46527,8,59.58,3.28,,
97663,P,2002-06-27,30490,1,53.84,9.22,,
97664,P,2000-05-19,74489,5,60.32,9.62,,
97665,P,2001-04-12,52088,4,49.63,9.37,,
97666,P,2000-07-08,40830,4,64.47,2.20,,
97667,P,2000-06-17,35612,1,98.85,7.32,,
97668,P,2000-01-27,41703,5,6.95,7.79,,
97669,P,2001-01-28,91239,7,71.19,2.49,,
97670,P,2001-11-29,46281,8,95.11,1.65,,
97671,P,2002-02-22,91012,2,21.10,6.23,,
97672,P,2000-01-31,22557,7,62.98,6.67,,
97673,P,2002-04-20,21874,3,57.83,4.00,,
97674,P,2000-09-22,71926,4,30.21,2.33,,
97675,P,2000-06-01,37671,6,30.24,7.10,,
97676,P,2000-09-23,97872,7,57.10,8.97,,
97677,P,2001-10-30,41847,8,71.42,3.78,,
97678,P,2001-08-18,87070,5,33.20,8.12,,
97679,P,2001-12-17,87606,3,7.93,6.11,,
97680,P,2001-06-28,98123,8,20.02,6.35,,
97681,P,2000-06-18,42910,10,28.53,2.14,,
97682,P,2000-11-23,89187,10,47.54,8.38,,
97683,P,2001-10-15,23831,4,51.77,4.20,,
97684,P,2000-02-12,61267,6,10.17,2.83,,
97685,P,2000-12-21,38649,4,98.11,6.32,,
97686,P,2002-07-12,14199,2,35.28,9.68,,
97687,P,2002-08-19,97913,5,96.28,1.57,,
97688,P,2002-09-27,94936,9,95.56,6.73,,
97689,P,2002-01-10,66183,10,73.96,3.90,,
97690,P,2001-08-09,82341,10,35.81,5.52,,
97691,P,2001-12-03,60841,8,61.30,4.86,,
97692,P,2002-09-23,92555,6,65.65,7.84,,
97693,P,2001-12-21,36139,10,73.66,1.82,,
97694,P,2002-01-21,61612,1,76.78,0.59,,
97695,P,2001-03-30,60173,9,58.43,8.19,,
97696,P,2000-10-26,26859,9,9.36,1.20,,
97697,P,2000-03-20,68839,4,11.52,2.08,,
97698,P,2001-03-05,67146,9,85.86,8.10,,
97699,P,2002-07-07,88254,5,31.45,4.06,,
97700,P,2002-09-16,13640,7,46.84,9.56,,
97701,P,2001-07-05,46782,4,47.33,2.53,,
97702,P,2000-05-07,80562,1,88.89,1.36,,
97703,P,2001-07-08,18219,4,98.40,8.36,,
97704,P,2001-03-07,13484,4,97.73,6.37,,
97705,P,2000-08-15,31749,10,20.83,0.22,,
97706,P,2001-06-19,93481,5,26.01,9.86,,
97707,P,2002-04-01,1208,8,38.73,6.47,,
97708,P,2001-03-30,3791,7,55.95,3.09,,
97709,P,2000-07-20,86818,9,96.73,9.23,,
97710,P,2000-12-07,36108,2,94.92,9.82,,
97711,P,2002-01-18,31487,2,76.59,1.81,,
97712,P,2002-04-07,47175,1,58.67,5.00,,
97713,P,2001-12-16,21089,6,47.97,0.69,,
97714,P,2002-02-05,74163,4,80.42,4.89,,
97715,P,2002-02-18,48031,2,85.02,7.39,,
97716,P,2001-07-03,76685,3,77.58,1.73,,
97717,P,2001-01-07,17625,1,92.41,7.49,,
97718,P,2002-03-19,76431,2,89.67,5.19,,
97719,P,2001-06-12,131,2,41.07,5.72,,
97720,P,2000-12-06,12485,6,5.23,1.87,,
97721,P,2001-12-23,48639,2,64.46,0.25,,
97722,P,2001-04-28,25656,10,37.03,9.68,,
97723,P,2000-02-21,29747,2,63.71,0.87,,
97724,P,2000-03-01,30977,6,7.40,3.54,,
97725,P,2001-01-19,83420,7,67.15,3.26,,
97726,P,2002-01-30,14564,8,69.41,1.49,,
97727,P,2002-09-16,27035,3,95.18,9.01,,
97728,P,2002-06-14,86148,3,85.14,0.00,,
97729,P,2001-02-05,52456,4,70.53,7.00,,
97730,P,2000-06-14,25941,2,25.34,6.15,,
97731,P,2001-08-23,49061,9,42.23,5.73,,
97732,P,2000-12-07,55469,8,73.13,0.01,,
97733,P,2001-12-14,86125,3,6.73,8.12,,
97734,P,2000-06-13,67581,4,82.63,9.92,,
97735,P,2000-04-20,87321,9,84.16,8.81,,
97736,P,2002-05-17,35016,4,84.92,5.41,,
97737,P,2000-11-23,90720,5,46.68,7.08,,
97738,P,2000-05-25,13583,8,81.31,5.82,,
97739,P,2001-04-22,51155,10,76.58,4.20,,
97740,P,2000-04-28,10010,9,19.62,8.41,,
97741,P,2002-02-26,88064,9,59.62,8.98,,
97742,P,2002-06-15,35565,6,60.63,2.92,,
97743,P,2002-07-17,16120,1,9.80,1.49,,
97744,P,2000-04-06,63779,6,56.85,6.19,,
97745,P,2001-06-27,17438,6,9.01,9.55,,
97746,P,2001-08-14,70734,8,57.45,6.31,,
97747,P,2000-06-24,4418,8,69.18,7.31,,
97748,P,2000-08-05,30717,6,92.60,2.11,,
97749,P,2001-10-01,52126,5,3.74,3.94,,
97750,P,2001-03-13,83997,9,92.61,6.37,,
97751,P,2002-02-10,22872,4,5.33,6.82,,
97752,P,2002-04-30,72337,10,56.45,2.99,,
97753,P,2001-12-26,13360,1,63.56,5.50,,
97754,P,2000-06-22,86651,9,24.57,7.81,,
97755,P,2002-06-21,23195,4,80.74,9.29,,
97756,P,2000-06-18,61095,3,91.60,1.68,,
97757,P,2000-01-31,80393,10,70.33,1.02,,
97758,P,2000-09-01,37367,8,85.32,3.36,,
97759,P,2000-01-23,38821,9,43.15,9.22,,
97760,P,2001-04-09,70613,9,5.35,7.17,,
97761,P,2000-04-15,84809,3,87.04,0.89,,
97762,P,2002-05-19,95517,8,84.16,8.46,,
97763,P,2000-06-08,77723,8,97.36,8.53,,
97764,P,2001-12-16,6072,9,22.87,6.28,,
97765,P,2002-02-28,65003,3,74.71,2.12,,
97766,P,2001-10-20,51606,1,20.99,9.35,,
97767,P,2001-11-26,77578,6,42.38,6.97,,
97768,P,2002-05-09,71601,5,1.17,1.24,,
97769,P,2002-04-15,85840,9,94.08,4.48,,
97770,P,2001-07-03,14846,4,3.68,3.27,,
97771,P,2000-03-12,55678,5,84.03,8.19,,
97772,P,2000-08-30,45993,3,44.88,4.64,,
97773,P,2002-07-08,69491,3,33.35,7.95,,
97774,P,2000-04-10,63549,2,1.07,6.93,,
97775,P,2002-04-01,3347,6,84.38,7.24,,
97776,P,2002-08-17,47516,7,83.72,1.73,,
97777,P,2000-08-03,85263,8,80.70,4.92,,
97778,P,2001-06-07,1519,4,24.56,5.65,,
97779,P,2001-11-24,39564,9,9.49,5.90,,
97780,P,2000-05-03,51318,10,36.28,8.01,,
97781,P,2000-10-16,66465,3,78.60,5.38,,
97782,P,2002-03-24,93171,2,46.86,7.14,,
97783,P,2001-01-15,11764,1,87.44,8.14,,
97784,P,2002-02-01,39312,10,23.33,5.99,,
97785,P,2002-05-14,75427,8,27.71,0.36,,
97786,P,2001-07-03,20349,4,15.81,3.96,,
97787,P,2000-02-14,86522,2,96.37,1.81,,
97788,P,2000-08-02,97916,4,9.30,7.86,,
97789,P,2001-07-23,46936,4,3.96,1.12,,
97790,P,2001-10-04,68890,1,90.91,3.72,,
97791,P,2001-02-16,55413,9,16.82,9.28,,
97792,P,2000-10-25,82081,8,81.89,7.25,,
97793,P,2001-01-05,7931,6,76.69,5.72,,
97794,P,2002-05-16,44606,10,33.58,5.38,,
97795,P,2000-11-03,10666,3,34.27,3.03,,
97796,P,2000-05-18,61055,10,30.70,3.68,,
97797,P,2000-03-15,51496,10,42.10,8.06,,
97798,P,2001-05-12,66628,6,77.15,4.48,,
97799,P,2000-09-14,40693,8,33.15,2.53,,
97800,P,2002-04-03,55656,3,18.12,4.96,,
97801,P,2001-04-16,11544,8,20.63,2.79,,
97802,P,2000-03-29,84547,7,87.94,7.47,,
97803,P,2001-11-09,75525,4,87.98,3.72,,
97804,P,2001-05-04,19487,7,13.03,7.21,,
97805,P,2001-09-02,61715,6,90.13,3.79,,
97806,P,2000-07-20,45948,8,6.45,9.49,,
97807,P,2000-02-24,45028,2,13.00,7.21,,
97808,P,2002-03-25,45400,2,8.01,9.77,,
97809,P,2002-08-31,78335,6,71.24,3.62,,
97810,P,2001-01-02,14039,7,38.55,2.85,,
97811,P,2000-12-01,53395,9,39.70,3.05,,
97812,P,2000-08-02,84921,7,34.63,2.40,,
97813,P,2000-07-27,77034,6,60.57,3.66,,
97814,P,2002-02-04,13811,3,98.98,2.93,,
97815,P,2002-02-13,79031,1,55.09,4.47,,
97816,P,2000-09-24,37033,6,68.87,9.00,,
97817,P,2000-12-18,57223,6,5.26,0.54,,
97818,P,2002-07-23,92529,4,85.48,5.25,,
97819,P,2001-04-01,50177,7,62.63,7.54,,
97820,P,2002-08-05,99315,5,25.73,5.22,,
97821,P,2001-12-05,87665,9,36.85,7.59,,
97822,P,2001-05-03,70168,2,93.92,3.57,,
97823,P,2001-08-10,41630,10,22.18,0.79,,
97824,P,2001-12-21,13931,7,39.17,8.83,,
97825,P,2001-04-18,46270,7,95.68,1.49,,
97826,P,2002-02-24,37585,7,95.73,0.27,,
97827,P,2000-12-25,77997,4,85.07,5.48,,
97828,P,2000-05-14,6791,1,93.40,7.67,,
97829,P,2002-09-16,13982,3,19.80,8.99,,
97830,P,2001-11-23,37240,5,30.94,8.02,,
97831,P,2001-05-22,14343,9,41.46,3.39,,
97832,P,2002-09-07,66366,7,23.65,0.79,,
97833,P,2001-12-12,27995,6,88.53,6.00,,
97834,P,2002-02-03,30719,9,15.25,1.19,,
97835,P,2002-02-23,16728,10,79.01,3.50,,
97836,P,2000-02-28,49110,1,46.25,8.33,,
97837,P,2000-03-12,54225,6,33.16,4.57,,
97838,P,2001-12-27,52468,5,13.97,2.99,,
97839,P,2001-04-25,6204,10,92.14,8.37,,
97840,P,2001-03-16,75307,4,64.84,3.75,,
97841,P,2000-12-11,99591,4,6.85,9.07,,
97842,P,2001-08-10,47131,5,95.31,0.77,,
97843,P,2002-02-12,37095,6,71.13,6.63,,
97844,P,2001-02-19,729,4,53.61,5.44,,
97845,P,2001-05-23,65530,9,70.78,0.28,,
97846,P,2000-01-09,70963,3,80.22,7.96,,
97847,P,2001-11-17,71080,1,98.64,3.19,,
97848,P,2000-07-03,80898,4,95.49,5.62,,
97849,P,2000-07-25,1721,9,82.30,1.20,,
97850,P,2002-08-19,75791,5,9.20,5.97,,
97851,P,2001-06-14,78131,5,35.16,1.14,,
97852,P,2001-03-14,11794,8,60.43,2.73,,
97853,P,2001-04-03,63427,3,22.73,7.45,,
97854,P,2001-02-16,32185,9,80.31,9.64,,
97855,P,2001-02-09,83522,9,61.66,7.83,,
97856,P,2000-01-29,64499,3,42.01,4.09,,
97857,P,2000-02-09,68377,9,3.97,9.52,,
97858,P,2001-01-28,15786,10,27.58,3.65,,
97859,P,2001-01-07,97487,7,3.19,8.39,,
97860,P,2000-06-23,83386,9,22.87,3.27,,
97861,P,2001-09-30,44324,6,43.27,7.97,,
97862,P,2002-03-10,93979,8,59.64,9.59,,
97863,P,2000-06-10,7162,4,12.68,6.53,,
97864,P,2000-12-14,3062,4,28.36,8.93,,
97865,P,2001-07-21,47056,7,28.93,9.56,,
97866,P,2001-05-10,99406,10,50.43,9.74,,
97867,P,2000-10-07,96172,4,19.70,9.03,,
97868,P,2002-02-13,18124,5,99.43,6.60,,
97869,P,2002-04-03,68463,6,24.04,5.86,,
97870,P,2001-09-25,98681,4,4.71,4.92,,
97871,P,2002-03-23,47370,3,24.22,3.95,,
97872,P,2001-09-21,10125,1,56.38,7.68,,
97873,P,2001-02-23,40080,7,34.27,1.06,,
97874,P,2000-01-09,74820,5,22.03,6.18,,
97875,P,2000-11-12,77139,2,40.46,4.81,,
97876,P,2000-09-14,59792,2,96.83,6.84,,
97877,P,2001-10-03,4695,5,69.84,6.02,,
97878,P,2002-01-12,13052,10,94.22,7.47,,
97879,P,2000-09-04,99186,5,9.93,1.83,,
97880,P,2001-11-03,53036,4,30.48,3.75,,
97881,P,2001-07-29,19406,4,31.59,4.50,,
97882,P,2002-05-17,61582,3,14.53,9.21,,
97883,P,2001-09-13,37723,10,18.76,8.84,,
97884,P,2000-04-23,73210,10,23.14,9.92,,
97885,P,2001-11-12,5197,8,26.69,1.82,,
97886,P,2002-03-19,18743,1,93.14,5.18,,
97887,P,2001-08-21,5130,3,70.91,4.53,,
97888,P,2002-09-20,90650,1,69.30,4.96,,
97889,P,2000-11-20,99875,1,5.69,6.92,,
97890,P,2002-05-13,78261,2,92.85,3.02,,
97891,P,2001-11-29,54776,1,83.59,2.83,,
97892,P,2001-04-15,92920,8,93.69,2.28,,
97893,P,2001-08-25,25163,2,71.35,7.45,,
97894,P,2002-03-03,5038,7,85.07,9.15,,
97895,P,2001-07-29,5574,3,65.36,9.49,,
97896,P,2001-02-21,12721,9,36.05,6.00,,
97897,P,2000-02-15,85052,5,95.02,3.73,,
97898,P,2001-07-07,80184,3,32.36,6.35,,
97899,P,2001-10-14,92013,1,95.32,4.25,,
97900,P,2000-06-09,69483,4,50.12,2.71,,
97901,P,2000-01-01,71142,9,50.11,8.94,,
97902,P,2001-01-12,19852,8,13.15,5.51,,
97903,P,2001-09-07,99615,4,63.64,1.44,,
97904,P,2000-08-13,83433,6,90.13,1.95,,
97905,P,2000-04-20,97073,9,85.80,7.71,,
97906,P,2000-05-07,67550,2,41.41,9.39,,
97907,P,2002-08-11,30600,1,90.17,8.92,,
97908,P,2000-01-21,68940,4,55.37,2.74,,
97909,P,2001-06-17,16536,4,36.11,3.15,,
97910,P,2002-02-07,46073,5,5.98,3.36,,
97911,P,2000-12-30,47510,4,53.04,8.72,,
97912,P,2002-04-19,55715,5,94.80,7.17,,
97913,P,2001-09-19,43681,7,72.40,1.17,,
97914,P,2001-05-06,70900,8,85.14,2.50,,
97915,P,2002-09-01,92687,5,84.81,6.03,,
97916,P,2000-12-15,61284,10,98.00,5.04,,
97917,P,2001-04-01,30399,6,55.66,6.14,,
97918,P,2001-09-13,1874,2,89.01,4.43,,
97919,P,2001-09-10,58682,8,22.36,7.93,,
97920,P,2001-09-20,64585,5,1.07,7.03,,
97921,P,2000-08-20,36068,8,61.20,3.53,,
97922,P,2000-09-21,33801,8,72.05,2.46,,
97923,P,2000-07-03,5623,7,75.70,7.52,,
97924,P,2000-07-01,35232,10,99.88,2.28,,
97925,P,2001-03-24,65496,1,20.32,3.34,,
97926,P,2001-05-10,20815,3,2.99,6.99,,
97927,P,2000-11-06,28407,10,56.70,2.75,,
97928,P,2001-07-28,88381,1,72.71,1.86,,
97929,P,2001-05-08,79547,5,8.27,5.88,,
97930,P,2000-06-30,35896,4,48.04,5.53,,
97931,P,2001-12-01,20486,5,80.75,1.87,,
97932,P,2002-09-14,83598,10,27.13,3.65,,
97933,P,2002-05-12,24793,6,52.61,9.98,,
97934,P,2001-07-27,71281,2,49.64,0.39,,
97935,P,2000-07-20,38405,9,88.65,9.82,,
97936,P,2002-03-01,71369,10,7.87,1.32,,
97937,P,2000-09-02,24155,9,9.77,8.68,,
97938,P,2002-05-14,92745,6,89.81,9.74,,
97939,P,2002-07-07,16270,9,97.50,6.34,,
97940,P,2001-03-27,87127,10,75.26,5.60,,
97941,P,2001-01-24,44832,3,78.45,9.31,,
97942,P,2002-02-22,46550,2,35.47,5.72,,
97943,P,2000-03-16,9182,5,70.59,1.91,,
97944,P,2001-01-04,46312,4,75.40,4.58,,
97945,P,2001-01-22,71290,2,16.88,1.86,,
97946,P,2001-06-25,2198,4,53.31,6.38,,
97947,P,2001-11-08,24962,2,68.57,0.55,,
97948,P,2002-09-17,47711,4,50.65,5.26,,
97949,P,2000-01-22,27655,8,79.80,7.12,,
97950,P,2002-05-01,39501,3,5.62,9.29,,
97951,P,2002-08-20,80466,2,33.63,4.96,,
97952,P,2000-07-11,12156,9,41.64,7.47,,
97953,P,2000-11-17,77154,9,24.00,2.18,,
97954,P,2001-03-13,7196,1,18.23,7.26,,
97955,P,2001-10-29,39713,8,78.86,6.55,,
97956,P,2002-09-11,90507,4,52.11,6.86,,
97957,P,2000-06-09,21921,1,63.77,0.33,,
97958,P,2002-02-20,13327,3,18.52,0.22,,
97959,P,2001-08-09,64101,2,94.91,3.19,,
97960,P,2002-03-08,8867,4,71.10,6.90,,
97961,P,2001-04-27,39470,6,91.53,0.30,,
97962,P,2001-07-22,89598,4,73.87,6.63,,
97963,P,2001-08-16,27080,9,32.13,8.58,,
97964,P,2002-02-27,96177,2,30.60,8.81,,
97965,P,2001-07-03,13135,6,83.20,1.79,,
97966,P,2001-11-24,5156,1,76.25,8.70,,
97967,P,2001-01-05,72396,5,67.58,7.23,,
97968,P,2002-08-10,52978,1,77.67,6.75,,
97969,P,2001-08-03,76808,3,36.57,4.45,,
97970,P,2002-08-14,89907,7,83.39,7.54,,
97971,P,2000-01-04,56449,6,27.92,4.81,,
97972,P,2002-06-25,76848,3,53.03,3.32,,
97973,P,2001-01-17,98690,8,70.80,8.44,,
97974,P,2000-07-22,43538,8,39.56,1.90,,
97975,P,2002-01-23,71492,4,47.83,6.98,,
97976,P,2000-01-20,94456,10,48.10,7.90,,
97977,P,2000-04-12,59700,3,25.23,6.69,,
97978,P,2001-09-27,71182,1,93.69,8.67,,
97979,P,2002-03-27,5673,7,24.49,7.95,,
97980,P,2000-02-27,85154,5,49.66,3.04,,
97981,P,2000-05-26,72249,4,92.55,5.09,,
97982,P,2002-07-06,12728,2,15.67,1.81,,
97983,P,2000-02-22,85031,3,49.57,3.36,,
97984,P,2001-03-27,86218,5,29.48,6.41,,
97985,P,2001-04-29,34891,10,28.68,3.93,,
97986,P,2000-01-26,87313,6,56.11,3.77,,
97987,P,2001-08-15,52081,10,71.07,9.26,,
97988,P,2001-02-06,20501,9,75.93,1.38,,
97989,P,2000-09-27,35177,7,26.11,5.76,,
97990,P,2000-10-18,62440,10,16.68,4.48,,
97991,P,2002-03-19,87333,3,71.21,7.12,,
97992,P,2001-02-03,70231,9,59.86,9.48,,
97993,P,2000-04-22,69104,1,98.25,7.78,,
97994,P,2000-01-09,77581,10,56.11,3.69,,
97995,P,2002-09-05,56283,9,57.59,7.38,,
97996,P,2002-03-14,25795,3,57.98,9.88,,
97997,P,2000-03-27,48044,6,37.60,0.77,,
97998,P,2001-12-09,9736,5,47.20,9.63,,
97999,P,2000-11-05,98318,8,78.70,5.52,,
98000,P,2001-06-07,30863,1,44.34,2.56,,
98001,P,2000-10-16,59916,10,66.23,3.96,,
98002,P,2001-11-08,30566,3,82.44,0.32,,
98003,P,2002-01-01,26778,6,42.20,6.30,,
98004,P,2001-09-02,50557,8,30.93,0.34,,
98005,P,2002-02-07,75767,10,72.89,7.33,,
98006,P,2000-04-22,36811,1,1.99,1.78,,
98007,P,2002-03-26,47556,7,77.62,6.34,,
98008,P,2002-08-21,84683,3,0.17,4.82,,
98009,P,2000-07-10,15366,10,93.21,5.32,,
98010,P,2000-11-13,120,1,84.21,5.83,,
98011,P,2001-06-21,16430,4,48.52,1.74,,
98012,P,2000-06-06,73310,6,39.63,4.96,,
98013,P,2002-02-16,33491,8,46.50,5.30,,
98014,P,2000-05-01,33849,3,10.22,6.69,,
98015,P,2000-11-08,20967,1,61.88,7.70,,
98016,P,2002-01-14,29435,9,5.70,5.30,,
98017,P,2002-04-25,8878,5,19.71,6.04,,
98018,P,2000-06-22,17609,9,47.35,7.17,,
98019,P,2001-09-20,15508,1,3.91,7.65,,
98020,P,2001-07-01,75612,2,81.22,7.16,,
98021,P,2001-01-25,83580,8,21.84,8.33,,
98022,P,2002-03-08,62663,9,75.73,5.32,,
98023,P,2001-06-01,15960,3,53.89,3.78,,
98024,P,2000-02-04,14846,7,18.90,5.95,,
98025,P,2000-02-14,88750,4,55.86,2.92,,
98026,P,2002-01-28,59577,8,51.05,2.33,,
98027,P,2002-04-01,8284,8,66.01,7.46,,
98028,P,2000-10-22,72328,9,16.29,2.55,,
98029,P,2000-11-18,26130,7,77.84,2.23,,
98030,P,2000-01-20,59244,3,40.20,2.40,,
98031,P,2001-12-19,66548,9,83.43,3.00,,
98032,P,2000-11-15,71965,4,52.33,3.31,,
98033,P,2001-06-05,44696,4,42.02,2.87,,
98034,P,2002-01-30,17170,6,32.65,4.91,,
98035,P,2000-07-25,79614,6,84.10,0.88,,
98036,P,2000-10-07,51380,3,71.99,1.93,,
98037,P,2002-07-29,88833,7,63.41,8.00,,
98038,P,2000-11-24,39297,6,38.97,2.48,,
98039,P,2002-06-21,62738,4,37.47,4.73,,
98040,P,2001-07-24,87028,5,39.19,0.33,,
98041,P,2000-01-24,53080,10,53.09,5.85,,
98042,P,2002-09-02,13102,7,29.93,2.99,,
98043,P,2000-09-11,31107,9,81.48,5.79,,
98044,P,2002-08-19,62932,3,59.33,4.48,,
98045,P,2001-06-06,2457,6,63.67,5.32,,
98046,P,2001-03-14,56714,5,11.11,1.42,,
98047,P,2001-01-21,41607,7,52.90,3.11,,
98048,P,2001-08-18,51501,8,99.42,4.68,,
98049,P,2000-11-25,68587,8,5.00,5.57,,
98050,P,2001-11-04,3353,7,49.67,3.19,,
98051,P,2001-09-15,95496,9,2.61,3.64,,
98052,P,2001-05-20,23534,4,56.56,1.22,,
98053,P,2001-07-30,81028,2,36.97,4.00,,
98054,P,2000-04-02,45928,4,21.36,6.31,,
98055,P,2000-12-25,72708,8,52.12,8.51,,
98056,P,2000-04-20,52061,4,43.91,0.22,,
98057,P,2000-05-03,69463,10,62.64,6.14,,
98058,P,2002-04-04,15838,2,56.94,2.14,,
98059,P,2001-07-16,31871,3,56.30,0.56,,
98060,P,2002-05-15,56184,1,8.77,6.93,,
98061,P,2000-09-01,70590,2,69.40,4.08,,
98062,P,2000-09-28,99324,2,13.96,1.36,,
98063,P,2000-09-18,43819,7,59.12,2.07,,
98064,P,2001-01-17,34174,9,47.57,9.16,,
98065,P,2002-07-19,54739,7,0.93,6.79,,
98066,P,2002-09-19,1652,9,54.58,5.21,,
98067,P,2000-01-13,85193,5,66.60,4.05,,
98068,P,2001-08-13,12046,10,5.90,3.79,,
98069,P,2000-02-03,12958,5,19.26,2.52,,
98070,P,2000-07-19,12396,4,35.92,4.86,,
98071,P,2001-12-30,75198,2,0.28,4.20,,
98072,P,2002-05-31,80306,6,35.05,9.54,,
98073,P,2001-08-18,61151,2,86.10,1.86,,
98074,P,2000-10-06,60517,2,73.56,0.47,,
98075,P,2001-10-14,82135,5,83.38,7.38,,
98076,P,2000-08-21,29223,7,0.57,6.18,,
98077,P,2000-05-30,6099,3,4.56,5.26,,
98078,P,2000-11-10,61423,1,98.34,8.36,,
98079,P,2002-06-11,474,9,5.99,9.83,,
98080,P,2001-06-18,74828,6,22.57,2.04,,
98081,P,2000-08-11,32970,3,63.69,8.51,,
98082,P,2001-02-14,67501,10,66.44,8.44,,
98083,P,2001-06-12,50433,9,35.43,3.76,,
98084,P,2002-06-03,91568,3,80.70,0.13,,
98085,P,2001-08-30,44049,5,47.15,8.72,,
98086,P,2000-10-30,7680,4,12.38,4.66,,
98087,P,2002-08-06,99851,5,8.74,3.11,,
98088,P,2002-04-28,79254,8,41.52,6.46,,
98089,P,2002-08-05,71362,7,79.59,2.71,,
98090,P,2000-08-29,15889,5,31.66,1.59,,
98091,P,2002-06-12,25388,4,55.95,7.58,,
98092,P,2001-06-23,90004,8,83.26,9.00,,
98093,P,2000-12-22,81199,1,96.90,9.92,,
98094,P,2002-08-27,88725,9,52.65,0.64,,
98095,P,2001-02-17,60870,5,29.75,9.40,,
98096,P,2002-04-30,20328,9,81.73,0.44,,
98097,P,2000-05-14,12054,2,21.16,8.15,,
98098,P,2000-04-22,11608,2,51.11,5.72,,
98099,P,2002-03-21,86515,10,47.10,9.73,,
98100,P,2000-07-04,32912,10,92.62,8.70,,
98101,P,2000-12-24,52664,6,0.82,1.09,,
98102,P,2001-04-15,49553,5,66.73,1.90,,
98103,P,2000-10-28,50657,9,50.20,1.21,,
98104,P,2000-05-25,61116,10,90.40,5.06,,
98105,P,2002-07-22,99618,9,68.68,2.72,,
98106,P,2001-05-18,11820,8,83.33,9.21,,
98107,P,2000-01-06,88549,5,71.62,4.16,,
98108,P,2000-08-12,39382,4,89.65,2.42,,
98109,P,2000-01-16,71647,3,9.67,4.59,,
98110,P,2002-03-14,78907,6,65.33,9.85,,
98111,P,2002-02-11,76668,3,56.83,3.18,,
98112,P,2000-03-09,72359,2,13.32,2.88,,
98113,P,2000-02-20,75007,9,27.43,3.65,,
98114,P,2000-02-12,22605,5,21.00,4.49,,
98115,P,2000-02-18,43480,3,61.94,3.90,,
98116,P,2001-07-20,97763,8,12.86,7.14,,
98117,P,2000-07-19,45988,9,27.00,9.92,,
98118,P,2001-02-05,4790,8,90.70,0.90,,
98119,P,2001-07-15,58341,6,15.49,7.15,,
98120,P,2002-03-26,38517,6,67.90,7.81,,
98121,P,2001-12-26,23601,4,63.66,5.77,,
98122,P,2001-11-02,74006,8,18.04,0.69,,
98123,P,2002-05-11,40223,2,43.39,1.02,,
98124,P,2001-04-27,70630,8,10.15,8.62,,
98125,P,2001-01-21,84555,9,89.48,6.02,,
98126,P,2002-09-14,60655,10,93.71,6.83,,
98127,P,2000-04-01,70066,7,32.16,7.61,,
98128,P,2000-12-27,84094,7,35.69,6.44,,
98129,P,2000-10-21,65924,2,19.33,7.64,,
98130,P,2002-05-14,81334,3,41.85,8.91,,
98131,P,2002-03-19,82209,5,98.54,2.52,,
98132,P,2001-12-04,83002,3,60.09,1.53,,
98133,P,2002-08-16,74681,8,53.01,1.29,,
98134,P,2000-05-30,33871,5,54.02,2.31,,
98135,P,2001-05-22,9133,5,50.80,7.70,,
98136,P,2001-09-20,63430,2,77.71,1.21,,
98137,P,2001-06-16,26343,1,38.44,9.26,,
98138,P,2000-04-13,60470,9,43.17,8.43,,
98139,P,2002-09-17,52212,2,90.75,0.89,,
98140,P,2000-09-16,89717,6,59.24,1.56,,
98141,P,2000-04-15,27995,5,31.61,8.78,,
98142,P,2000-04-26,49406,2,93.74,3.73,,
98143,P,2000-08-01,89005,2,78.31,5.32,,
98144,P,2000-05-03,40372,8,16.37,8.39,,
98145,P,2001-03-31,92185,10,1.35,2.27,,
98146,P,2001-05-15,51915,4,32.32,7.08,,
98147,P,2001-03-24,78762,4,69.84,4.86,,
98148,P,2001-11-12,74421,6,84.32,7.19,,
98149,P,2000-08-19,12095,1,83.45,9.76,,
98150,P,2002-07-20,52667,3,75.40,4.81,,
98151,P,2000-02-27,35650,1,38.38,4.68,,
98152,P,2000-07-27,45699,8,61.46,4.84,,
98153,P,2001-02-23,86926,2,87.99,7.89,,
98154,P,2000-07-19,70011,6,17.22,5.46,,
98155,P,2000-12-15,28660,6,87.34,6.79,,
98156,P,2001-11-04,3419,7,92.69,7.34,,
98157,P,2001-04-25,43665,7,35.81,1.85,,
98158,P,2001-04-22,4668,5,65.93,3.99,,
98159,P,2001-01-08,2929,8,50.01,3.58,,
98160,P,2000-03-11,74867,1,72.71,5.53,,
98161,P,2000-04-15,21465,4,82.94,6.75,,
98162,P,2000-03-16,18448,1,40.97,4.38,,
98163,P,2001-02-23,23290,1,40.63,7.51,,
98164,P,2000-10-18,92535,5,20.91,8.30,,
98165,P,2000-09-03,85554,8,86.60,8.94,,
98166,P,2001-07-22,7618,8,25.62,2.87,,
98167,P,2001-01-09,79601,3,58.09,9.79,,
98168,P,2002-08-24,49019,3,95.49,1.76,,
98169,P,2002-03-25,43960,2,35.54,7.64,,
98170,P,2000-12-19,58400,1,60.55,3.90,,
98171,P,2000-10-29,29719,2,44.09,0.12,,
98172,P,2000-08-03,22511,4,22.47,2.67,,
98173,P,2002-03-14,69269,9,97.25,8.17,,
98174,P,2001-05-14,75801,2,53.34,0.68,,
98175,P,2000-09-08,48514,8,98.54,1.44,,
98176,P,2001-03-20,88044,4,57.05,7.58,,
98177,P,2002-01-28,39601,8,50.46,8.01,,
98178,P,2001-06-25,46123,8,23.18,9.23,,
98179,P,2002-01-15,70088,9,71.22,2.63,,
98180,P,2001-08-13,57273,5,21.87,3.06,,
98181,P,2000-10-20,98858,7,5.26,6.24,,
98182,P,2000-07-04,39577,8,57.52,3.86,,
98183,P,2001-10-14,26851,2,6.66,0.16,,
98184,P,2002-02-24,45811,8,68.72,4.19,,
98185,P,2002-01-31,42356,3,25.26,8.75,,
98186,P,2001-07-28,52968,7,43.04,0.50,,
98187,P,2002-03-26,79992,8,49.95,1.44,,
98188,P,2001-04-18,23779,10,5.42,5.23,,
98189,P,2000-12-02,73523,4,8.19,3.03,,
98190,P,2000-06-04,43267,9,75.74,9.16,,
98191,P,2002-02-26,53118,9,47.02,7.99,,
98192,P,2000-12-24,19287,8,83.42,5.42,,
98193,P,2001-10-28,27261,3,26.15,5.24,,
98194,P,2001-10-14,2509,8,40.09,9.25,,
98195,P,2001-01-27,59968,10,24.80,9.93,,
98196,P,2000-08-03,93308,5,8.99,2.14,,
98197,P,2002-03-17,65219,2,60.67,6.84,,
98198,P,2002-08-04,8696,2,54.54,4.29,,
98199,P,2000-12-30,31330,2,51.91,0.59,,
98200,P,2001-09-08,75564,7,55.74,4.60,,
98201,P,2000-03-20,6860,2,75.63,0.26,,
98202,P,2001-05-21,87970,5,23.85,2.23,,
98203,P,2000-02-20,52657,1,26.69,2.55,,
98204,P,2002-06-20,35236,7,16.96,3.69,,
98205,P,2001-11-08,3214,7,17.48,2.27,,
98206,P,2001-06-29,28250,9,85.78,5.65,,
98207,P,2000-04-12,86711,1,52.23,7.29,,
98208,P,2002-02-03,63537,1,31.37,8.57,,
98209,P,2001-09-25,39777,10,7.61,3.53,,
98210,P,2002-05-17,69028,1,86.30,8.97,,
98211,P,2002-07-13,74938,8,98.77,3.75,,
98212,P,2001-07-21,82766,2,48.53,3.25,,
98213,P,2002-08-05,80899,8,31.70,5.97,,
98214,P,2001-08-03,55230,4,48.87,5.48,,
98215,P,2001-08-17,60579,4,19.00,1.88,,
98216,P,2001-11-27,80279,2,53.00,7.55,,
98217,P,2001-03-15,44207,3,5.57,7.36,,
98218,P,2001-10-17,32563,3,47.49,3.24,,
98219,P,2002-01-06,60037,9,52.29,7.45,,
98220,P,2001-08-04,29870,3,14.07,5.22,,
98221,P,2002-05-26,42619,9,44.26,8.84,,
98222,P,2001-07-27,39643,5,10.65,1.01,,
98223,P,2000-11-21,73638,2,38.21,5.48,,
98224,P,2000-11-18,30690,3,4.17,5.77,,
98225,P,2000-07-07,85334,4,89.33,2.47,,
98226,P,2001-12-18,38167,10,11.05,6.50,,
98227,P,2001-11-21,8226,8,90.18,3.25,,
98228,P,2001-03-12,24284,6,31.16,8.54,,
98229,P,2000-06-24,48352,4,9.73,4.72,,
98230,P,2000-10-25,58489,4,95.35,7.31,,
98231,P,2000-09-21,51588,2,51.66,1.56,,
98232,P,2001-01-15,13902,2,9.47,2.20,,
98233,P,2000-10-30,69201,8,57.05,0.23,,
98234,P,2000-03-16,15759,10,71.63,6.24,,
98235,P,2001-04-18,92399,4,31.74,3.63,,
98236,P,2002-05-01,75301,8,26.65,6.81,,
98237,P,2001-11-21,9551,5,70.90,6.32,,
98238,P,2002-04-17,64120,5,64.48,6.07,,
98239,P,2000-03-08,70669,1,49.45,2.68,,
98240,P,2002-07-08,29908,10,76.32,0.83,,
98241,P,2000-02-18,36611,7,94.36,1.84,,
98242,P,2002-05-30,50144,8,81.16,4.36,,
98243,P,2002-04-16,70751,5,63.29,4.83,,
98244,P,2000-07-16,95036,8,97.87,8.60,,
98245,P,2001-08-24,16999,2,35.16,0.50,,
98246,P,2002-05-31,61099,7,30.39,1.63,,
98247,P,2002-08-03,96265,6,43.07,9.93,,
98248,P,2002-03-17,37898,6,58.47,6.83,,
98249,P,2000-05-13,69388,7,95.25,0.94,,
98250,P,2000-06-30,19868,1,7.83,2.80,,
98251,P,2000-02-19,66508,7,28.64,5.77,,
98252,P,2000-12-11,56738,9,47.70,9.88,,
98253,P,2001-07-23,50420,10,96.97,6.09,,
98254,P,2000-11-26,4229,4,83.87,2.80,,
98255,P,2001-09-16,61487,1,56.02,0.50,,
98256,P,2000-11-13,81149,5,99.65,5.93,,
98257,P,2001-04-24,11295,5,5.73,7.74,,
98258,P,2001-06-06,62877,6,23.10,8.85,,
98259,P,2001-11-21,78197,1,49.08,5.12,,
98260,P,2002-02-26,69881,1,53.18,5.13,,
98261,P,2001-06-08,11191,3,9.71,5.20,,
98262,P,2001-09-02,34245,5,86.33,2.18,,
98263,P,2002-03-19,13719,9,16.37,3.17,,
98264,P,2000-12-05,25399,10,70.18,8.77,,
98265,P,2001-02-13,77475,7,54.34,8.02,,
98266,P,2001-02-06,56440,3,88.95,7.60,,
98267,P,2000-12-21,28198,8,50.46,8.62,,
98268,P,2000-08-07,95117,1,85.72,5.95,,
98269,P,2000-12-16,80464,2,55.87,9.84,,
98270,P,2000-05-08,29136,4,14.04,0.16,,
98271,P,2000-03-22,66044,3,92.43,9.89,,
98272,P,2001-08-17,17966,8,85.15,4.29,,
98273,P,2001-01-20,59739,9,6.20,4.76,,
98274,P,2001-02-18,62495,4,50.60,9.22,,
98275,P,2002-05-10,67828,8,44.22,8.33,,
98276,P,2000-03-07,77130,1,37.82,6.01,,
98277,P,2000-05-23,23131,6,35.94,6.24,,
98278,P,2001-04-04,24665,2,98.37,4.84,,
98279,P,2000-12-08,9523,9,8.09,8.55,,
98280,P,2001-01-17,8236,4,27.58,3.31,,
98281,P,2000-05-13,15978,4,98.60,3.84,,
98282,P,2001-12-23,3634,4,46.30,7.49,,
98283,P,2000-07-12,83472,7,15.00,3.48,,
98284,P,2002-07-07,41820,1,25.41,5.38,,
98285,P,2002-04-19,67663,9,59.65,3.08,,
98286,P,2001-07-07,51614,9,98.22,9.91,,
98287,P,2000-03-18,15254,3,25.88,8.94,,
98288,P,2002-07-02,37088,7,97.87,0.49,,
98289,P,2002-01-03,7795,3,12.58,0.76,,
98290,P,2000-07-27,55113,1,68.61,4.15,,
98291,P,2002-07-09,17017,1,79.29,3.23,,
98292,P,2001-06-21,84601,10,4.40,7.68,,
98293,P,2000-01-31,34179,9,88.74,6.99,,
98294,P,2000-02-22,92388,4,64.66,8.00,,
98295,P,2001-12-16,31152,7,82.37,2.99,,
98296,P,2002-09-22,34949,6,34.13,5.37,,
98297,P,2001-01-08,63359,5,9.80,0.25,,
98298,P,2000-10-16,51774,6,43.53,5.56,,
98299,P,2000-11-22,76969,4,10.93,9.65,,
98300,P,2001-01-18,62657,5,60.72,1.88,,
98301,P,2000-12-24,48762,10,28.01,0.58,,
98302,P,2002-07-15,36253,10,10.91,2.06,,
98303,P,2001-11-06,93558,5,54.13,5.03,,
98304,P,2000-06-02,9266,4,90.97,2.72,,
98305,P,2002-02-18,40545,10,38.76,6.10,,
98306,P,2000-03-24,43764,2,48.10,3.89,,
98307,P,2001-12-10,3864,1,83.99,7.89,,
98308,P,2000-08-08,37472,4,61.89,0.40,,
98309,P,2000-12-05,99311,10,48.73,1.96,,
98310,P,2000-01-06,62590,2,8.67,5.22,,
98311,P,2000-11-04,80446,8,90.86,3.77,,
98312,P,2001-12-09,7790,8,58.05,6.52,,
98313,P,2002-03-28,47668,5,93.03,1.63,,
98314,P,2000-01-24,23705,10,49.92,6.91,,
98315,P,2001-07-11,3779,2,76.16,7.14,,
98316,P,2001-12-24,65231,7,4.10,6.01,,
98317,P,2000-12-08,39133,8,5.99,4.49,,
98318,P,2001-08-17,50387,10,18.99,2.06,,
98319,P,2002-07-11,25419,9,38.34,8.90,,
98320,P,2001-02-28,85418,4,54.90,4.38,,
98321,P,2001-09-20,74797,5,43.90,0.06,,
98322,P,2000-06-12,70743,5,67.90,4.50,,
98323,P,2000-08-17,23548,4,12.21,6.18,,
98324,P,2001-08-18,81966,4,98.47,4.67,,
98325,P,2000-07-25,64239,3,51.86,3.73,,
98326,P,2000-05-27,71649,3,50.82,7.61,,
98327,P,2002-01-14,35546,7,71.60,8.06,,
98328,P,2001-11-06,50082,5,64.96,8.05,,
98329,P,2001-05-24,67700,5,7.23,9.45,,
98330,P,2002-04-14,78275,3,52.86,9.66,,
98331,P,2001-07-21,7389,2,20.16,2.14,,
98332,P,2000-01-25,80787,6,19.94,9.44,,
98333,P,2000-04-14,5499,3,69.53,0.51,,
98334,P,2001-10-05,82395,4,1.99,8.82,,
98335,P,2001-08-10,57824,5,9.95,2.49,,
98336,P,2000-12-16,29448,2,16.96,3.44,,
98337,P,2000-03-14,55776,3,53.79,9.06,,
98338,P,2000-03-09,50162,1,63.19,8.26,,
98339,P,2001-07-25,70306,7,14.22,4.99,,
98340,P,2001-02-10,90504,2,73.16,3.37,,
98341,P,2000-07-13,68142,9,79.37,3.84,,
98342,P,2001-03-25,29376,7,96.76,2.03,,
98343,P,2002-08-21,36346,10,99.94,9.65,,
98344,P,2002-08-09,25124,1,42.51,2.55,,
98345,P,2000-04-17,91506,3,66.82,4.26,,
98346,P,2000-08-24,34906,8,45.51,1.52,,
98347,P,2002-02-25,38832,1,47.12,2.07,,
98348,P,2000-12-24,4575,7,48.08,0.11,,
98349,P,2000-04-22,52940,7,93.80,8.78,,
98350,P,2001-10-24,23594,9,45.88,9.67,,
98351,P,2000-03-17,11522,9,34.97,8.99,,
98352,P,2001-06-29,26071,8,98.19,9.18,,
98353,P,2002-06-12,5000,2,48.93,5.17,,
98354,P,2002-05-01,30439,6,96.88,6.23,,
98355,P,2002-07-09,49783,1,2.10,1.48,,
98356,P,2000-09-19,35482,2,65.64,9.71,,
98357,P,2000-07-10,47217,9,26.88,6.34,,
98358,P,2001-02-27,97357,8,24.90,3.16,,
98359,P,2001-05-25,23237,6,21.12,0.09,,
98360,P,2001-11-05,32790,10,11.57,3.46,,
98361,P,2002-08-14,92852,8,87.33,6.46,,
98362,P,2002-02-01,24659,6,5.47,3.75,,
98363,P,2001-10-03,12012,8,72.27,8.75,,
98364,P,2001-10-08,23012,10,84.77,3.16,,
98365,P,2001-01-21,5943,10,6.59,5.61,,
98366,P,2001-06-17,36028,8,73.49,5.96,,
98367,P,2002-06-27,70617,8,7.85,7.03,,
98368,P,2000-07-31,58657,2,31.72,4.46,,
98369,P,2001-04-07,3183,7,54.60,4.50,,
98370,P,2001-08-23,10441,2,6.97,6.39,,
98371,P,2000-08-18,14965,7,73.45,5.95,,
98372,P,2002-04-18,47142,8,65.69,9.62,,
98373,P,2002-03-18,61634,5,4.66,9.69,,
98374,P,2000-08-01,89755,5,6.58,0.51,,
98375,P,2001-11-19,54724,8,42.21,5.13,,
98376,P,2000-11-21,68602,9,57.26,9.31,,
98377,P,2001-12-26,54189,1,14.32,7.25,,
98378,P,2002-04-19,33557,9,88.32,0.98,,
98379,P,2002-08-16,55711,6,63.98,1.61,,
98380,P,2001-05-17,58403,8,30.14,9.78,,
98381,P,2001-06-07,16799,1,98.38,5.27,,
98382,P,2001-04-21,16244,6,30.75,6.09,,
98383,P,2002-03-25,85039,1,54.95,5.23,,
98384,P,2002-02-16,230,4,0.06,6.39,,
98385,P,2000-01-19,43678,6,14.21,9.65,,
98386,P,2001-01-08,67507,7,17.95,2.99,,
98387,P,2001-02-19,13529,8,39.24,5.26,,
98388,P,2000-06-03,64879,5,87.83,1.98,,
98389,P,2002-07-15,1468,3,21.58,4.24,,
98390,P,2000-09-11,62212,2,14.02,3.96,,
98391,P,2001-03-04,21744,10,23.22,5.91,,
98392,P,2002-07-19,16688,7,34.54,6.93,,
98393,P,2000-10-04,99018,10,20.46,9.96,,
98394,P,2001-09-17,45782,5,16.36,0.15,,
98395,P,2000-01-31,19620,9,13.24,9.82,,
98396,P,2000-01-31,58091,1,89.71,7.71,,
98397,P,2000-07-10,56568,6,55.11,8.00,,
98398,P,2001-08-23,26595,5,28.76,0.49,,
98399,P,2001-08-31,60949,1,59.80,7.69,,
98400,P,2000-09-05,35325,3,1.39,1.96,,
98401,P,2001-03-04,31564,9,86.05,4.29,,
98402,P,2002-07-04,38573,3,35.68,6.57,,
98403,P,2002-01-05,11319,8,25.30,7.84,,
98404,P,2001-03-31,99149,4,46.92,7.52,,
98405,P,2000-01-01,64027,4,89.01,3.33,,
98406,P,2001-03-09,40796,4,48.25,0.71,,
98407,P,2002-08-27,96207,1,96.45,7.90,,
98408,P,2001-02-22,40508,6,42.72,1.04,,
98409,P,2002-03-13,46049,5,99.45,3.58,,
98410,P,2002-07-07,84159,5,57.50,0.49,,
98411,P,2001-11-19,13475,3,81.03,9.03,,
98412,P,2001-06-11,82877,9,99.76,8.30,,
98413,P,2002-09-10,77494,1,31.84,9.16,,
98414,P,2000-11-03,9835,4,73.02,9.75,,
98415,P,2000-07-19,84846,4,12.83,0.77,,
98416,P,2002-02-28,29138,2,52.92,5.26,,
98417,P,2001-04-05,98867,10,6.75,6.41,,
98418,P,2002-03-20,81780,8,57.69,9.54,,
98419,P,2000-06-05,5337,4,2.31,0.97,,
98420,P,2000-06-19,10765,8,48.00,6.77,,
98421,P,2000-06-01,4275,2,75.35,8.63,,
98422,P,2001-12-15,29839,8,6.35,0.49,,
98423,P,2000-12-11,48185,4,28.51,3.07,,
98424,P,2000-10-08,19318,10,11.30,0.95,,
98425,P,2001-10-22,27223,10,91.66,7.81,,
98426,P,2002-04-12,62813,6,60.15,9.94,,
98427,P,2001-11-22,92042,5,66.27,6.64,,
98428,P,2002-02-08,99647,2,66.47,5.66,,
98429,P,2000-12-16,97358,9,31.86,7.15,,
98430,P,2001-01-21,33055,6,59.73,2.48,,
98431,P,2000-10-13,49257,2,6.07,2.08,,
98432,P,2001-08-05,31287,4,39.51,9.34,,
98433,P,2002-05-14,56859,2,99.98,2.18,,
98434,P,2002-03-18,21057,1,42.55,5.47,,
98435,P,2001-01-20,31737,10,73.32,6.10,,
98436,P,2001-02-07,30772,2,55.70,0.26,,
98437,P,2001-05-20,43251,5,25.36,0.95,,
98438,P,2000-06-12,1117,1,27.00,7.92,,
98439,P,2000-02-01,72723,4,73.88,7.96,,
98440,P,2002-08-30,80971,6,41.80,0.07,,
98441,P,2002-02-10,7878,8,84.18,7.42,,
98442,P,2002-07-09,99869,7,23.99,6.22,,
98443,P,2000-11-22,55186,2,84.62,7.97,,
98444,P,2000-09-13,14128,1,44.32,3.04,,
98445,P,2000-04-20,78146,2,38.77,0.05,,
98446,P,2000-11-13,43964,10,85.94,9.76,,
98447,P,2001-04-26,299,3,16.23,1.36,,
98448,P,2002-08-20,85563,2,42.93,2.74,,
98449,P,2001-05-28,90085,10,29.79,0.17,,
98450,P,2001-11-10,33076,4,91.78,1.20,,
98451,P,2002-08-18,54022,2,94.53,4.75,,
98452,P,2000-10-09,88393,4,73.39,7.49,,
98453,P,2000-08-20,79623,7,29.79,9.65,,
98454,P,2001-03-24,26041,9,43.17,6.12,,
98455,P,2001-04-09,63308,6,16.77,4.28,,
98456,P,2001-01-12,72696,8,32.61,5.28,,
98457,P,2001-05-07,23399,3,90.88,8.90,,
98458,P,2002-01-16,12092,9,63.27,7.33,,
98459,P,2001-07-29,78856,1,91.49,7.07,,
98460,P,2000-04-05,18850,2,92.98,6.30,,
98461,P,2002-09-17,40037,3,54.47,9.15,,
98462,P,2000-04-17,19609,7,37.18,7.54,,
98463,P,2000-08-25,99071,2,59.68,7.35,,
98464,P,2001-08-02,38504,9,45.32,2.24,,
98465,P,2000-02-15,64831,10,83.32,5.97,,
98466,P,2001-10-07,28758,7,89.90,8.46,,
98467,P,2000-02-07,41457,5,5.76,9.74,,
98468,P,2001-08-20,70530,1,35.40,7.36,,
98469,P,2001-03-17,55013,9,60.11,3.36,,
98470,P,2001-04-03,85690,9,75.66,1.77,,
98471,P,2001-04-20,52536,10,84.77,0.80,,
98472,P,2002-03-24,58434,6,44.24,7.72,,
98473,P,2001-01-23,59622,2,96.00,2.49,,
98474,P,2001-10-03,82408,3,22.85,7.60,,
98475,P,2001-03-24,26286,2,69.75,3.61,,
98476,P,2001-06-25,10541,7,55.30,5.93,,
98477,P,2000-03-16,15683,6,55.88,2.32,,
98478,P,2001-08-03,98035,7,72.35,4.72,,
98479,P,2001-02-16,7421,10,84.57,4.12,,
98480,P,2001-04-30,27929,2,1.93,3.19,,
98481,P,2000-02-20,8730,4,20.90,7.61,,
98482,P,2000-05-26,59876,1,55.38,8.69,,
98483,P,2000-09-27,96507,4,99.13,7.18,,
98484,P,2000-07-04,51788,9,88.64,2.64,,
98485,P,2002-04-29,63393,8,98.99,2.94,,
98486,P,2000-05-24,80388,8,52.29,2.00,,
98487,P,2001-07-13,71331,6,35.31,5.57,,
98488,P,2001-08-02,7572,7,31.51,7.87,,
98489,P,2002-07-21,54372,2,97.40,8.68,,
98490,P,2000-02-22,88795,1,20.74,8.04,,
98491,P,2002-03-02,94803,8,97.37,2.07,,
98492,P,2002-05-10,61268,2,16.06,9.73,,
98493,P,2001-08-30,27422,4,81.59,7.39,,
98494,P,2001-01-13,47695,2,64.70,8.56,,
98495,P,2002-04-16,69525,9,27.97,5.01,,
98496,P,2001-02-12,4652,9,9.23,5.81,,
98497,P,2000-02-18,13984,9,7.25,4.66,,
98498,P,2001-07-16,65284,1,1.06,9.16,,
98499,P,2002-09-23,13919,9,89.52,4.63,,
98500,P,2000-02-09,16262,4,45.66,1.85,,
98501,P,2000-11-04,92199,6,40.71,3.59,,
98502,P,2002-04-27,69613,10,2.40,7.62,,
98503,P,2002-08-07,79701,4,85.31,9.73,,
98504,P,2002-01-04,89514,2,35.40,2.90,,
98505,P,2001-06-23,97112,3,60.67,5.05,,
98506,P,2001-08-19,21911,7,34.49,1.67,,
98507,P,2001-03-23,49823,1,87.93,1.94,,
98508,P,2002-01-14,54872,7,15.05,0.79,,
98509,P,2001-07-07,34567,7,25.34,5.11,,
98510,P,2002-06-09,53990,1,12.14,3.46,,
98511,P,2000-05-29,72737,3,59.81,3.25,,
98512,P,2002-08-25,74855,5,14.01,1.01,,
98513,P,2001-12-21,28168,8,30.16,7.80,,
98514,P,2001-05-26,96461,2,22.86,8.47,,
98515,P,2001-09-30,67991,2,90.29,0.50,,
98516,P,2001-10-01,12750,1,17.81,2.28,,
98517,P,2000-05-04,18283,2,22.47,5.47,,
98518,P,2001-09-04,89050,8,14.33,5.93,,
98519,P,2000-12-31,27861,9,47.94,2.46,,
98520,P,2000-01-18,69996,4,74.67,7.83,,
98521,P,2001-12-06,20016,9,42.63,6.03,,
98522,P,2000-02-03,12168,9,14.27,1.50,,
98523,P,2000-06-29,11893,3,74.91,6.74,,
98524,P,2000-09-01,21044,10,14.50,9.02,,
98525,P,2002-01-07,83891,3,71.92,3.20,,
98526,P,2000-05-01,74865,8,66.06,9.37,,
98527,P,2001-11-22,4729,5,38.17,8.42,,
98528,P,2000-05-07,97262,6,46.22,8.47,,
98529,P,2000-06-22,6040,3,28.76,1.80,,
98530,P,2002-03-03,83869,3,0.39,8.59,,
98531,P,2000-07-19,5278,10,58.91,6.43,,
98532,P,2002-05-06,10437,7,9.38,2.01,,
98533,P,2001-01-28,29432,5,72.19,9.70,,
98534,P,2002-01-30,12172,10,56.53,4.64,,
98535,P,2000-04-18,42329,7,54.41,4.42,,
98536,P,2002-04-05,9777,8,46.55,4.45,,
98537,P,2001-01-25,51894,9,45.07,0.91,,
98538,P,2001-08-06,77535,8,29.76,6.95,,
98539,P,2000-03-15,50768,7,49.10,4.51,,
98540,P,2000-05-09,97084,10,22.75,9.86,,
98541,P,2001-11-21,845,6,63.14,1.20,,
98542,P,2001-04-30,46685,3,30.51,2.25,,
98543,P,2000-06-10,31978,9,23.08,8.37,,
98544,P,2000-01-22,15764,7,10.51,5.11,,
98545,P,2002-02-08,40467,8,27.46,6.68,,
98546,P,2001-08-24,99850,4,28.47,1.43,,
98547,P,2000-09-18,81803,6,55.10,6.43,,
98548,P,2002-02-21,67884,1,66.02,4.40,,
98549,P,2000-01-07,16515,4,73.28,3.88,,
98550,P,2000-02-17,71842,6,44.27,3.14,,
98551,P,2000-05-06,88353,4,98.99,6.50,,
98552,P,2000-09-26,86901,6,3.23,5.57,,
98553,P,2001-04-18,50860,6,77.71,6.93,,
98554,P,2002-04-23,81075,2,87.23,8.04,,
98555,P,2001-10-08,46870,8,83.00,3.28,,
98556,P,2001-03-03,86675,2,61.58,9.88,,
98557,P,2000-04-21,90520,8,45.90,2.10,,
98558,P,2000-12-27,79374,2,12.06,2.64,,
98559,P,2000-01-30,17779,1,40.39,9.98,,
98560,P,2001-12-09,99073,3,44.54,4.98,,
98561,P,2002-08-31,21188,5,81.51,8.20,,
98562,P,2001-04-02,62561,8,27.99,9.47,,
98563,P,2001-08-29,14210,7,81.24,2.10,,
98564,P,2001-04-19,60703,5,62.88,9.70,,
98565,P,2001-03-01,37350,7,35.21,9.69,,
98566,P,2001-03-22,522,6,44.94,6.29,,
98567,P,2002-03-27,45554,1,98.72,2.68,,
98568,P,2001-10-29,30510,2,97.48,0.43,,
98569,P,2002-02-24,34356,7,4.34,1.49,,
98570,P,2000-12-23,20782,4,23.20,3.23,,
98571,P,2001-07-20,55611,4,69.95,1.79,,
98572,P,2002-09-09,8214,3,56.04,1.63,,
98573,P,2000-05-29,45120,6,21.98,3.78,,
98574,P,2000-12-05,60955,1,5.87,0.75,,
98575,P,2002-06-11,42379,7,18.92,0.79,,
98576,P,2000-03-20,25851,4,69.78,2.41,,
98577,P,2000-10-21,99270,9,14.00,1.32,,
98578,P,2000-12-16,38966,1,17.79,9.25,,
98579,P,2000-05-17,8904,2,17.51,5.70,,
98580,P,2000-07-14,98919,6,80.37,4.62,,
98581,P,2001-08-12,61149,5,19.33,0.78,,
98582,P,2001-07-24,6180,7,2.65,7.52,,
98583,P,2001-01-30,34759,2,90.84,2.96,,
98584,P,2000-02-06,46009,4,18.38,6.73,,
98585,P,2001-11-08,89014,10,63.20,2.95,,
98586,P,2002-05-02,81594,1,34.53,4.57,,
98587,P,2000-07-30,79467,1,19.61,7.24,,
98588,P,2000-06-14,64220,8,98.01,1.47,,
98589,P,2001-05-25,75396,5,69.08,1.13,,
98590,P,2001-08-08,62981,2,39.18,5.20,,
98591,P,2002-06-11,60578,7,23.59,4.97,,
98592,P,2000-12-29,91677,1,55.17,4.18,,
98593,P,2000-10-18,21647,6,55.30,4.83,,
98594,P,2000-09-12,22271,1,26.70,0.22,,
98595,P,2002-08-19,50397,6,86.94,1.77,,
98596,P,2002-07-03,93018,10,2.69,8.90,,
98597,P,2000-01-22,41407,9,3.22,5.66,,
98598,P,2002-09-08,65315,1,66.88,8.90,,
98599,P,2001-01-10,45047,5,17.80,6.39,,
98600,P,2001-08-15,64164,4,93.76,4.74,,
98601,P,2002-08-15,727,8,43.54,0.48,,
98602,P,2002-05-15,83489,3,51.82,4.76,,
98603,P,2001-03-04,98706,10,94.52,9.99,,
98604,P,2000-09-16,78065,2,47.31,7.33,,
98605,P,2000-02-05,54186,6,62.59,3.63,,
98606,P,2001-12-23,56437,5,0.90,4.25,,
98607,P,2000-07-31,6637,2,85.18,1.82,,
98608,P,2001-03-23,78530,8,93.38,0.86,,
98609,P,2001-09-05,67884,9,29.11,9.65,,
98610,P,2001-01-29,82905,5,3.31,9.54,,
98611,P,2000-06-30,44011,10,99.60,8.51,,
98612,P,2002-07-16,38071,4,81.63,5.92,,
98613,P,2000-02-19,31107,6,38.52,0.37,,
98614,P,2001-11-23,81052,3,70.74,1.87,,
98615,P,2001-12-24,15199,5,60.34,8.91,,
98616,P,2002-07-29,68657,9,95.82,8.15,,
98617,P,2000-12-13,74621,7,88.34,5.01,,
98618,P,2000-02-11,6638,9,90.85,2.21,,
98619,P,2000-09-07,98672,10,96.13,6.40,,
98620,P,2000-03-22,29085,2,88.12,6.10,,
98621,P,2000-04-08,63153,5,3.17,9.01,,
98622,P,2002-07-28,13321,7,26.46,6.70,,
98623,P,2001-11-25,7491,10,91.92,6.43,,
98624,P,2001-06-25,92691,4,51.46,2.62,,
98625,P,2002-04-12,44000,3,17.91,0.35,,
98626,P,2002-05-16,46654,4,75.85,1.87,,
98627,P,2001-08-16,4900,2,49.24,8.88,,
98628,P,2000-09-03,62620,10,70.61,3.48,,
98629,P,2002-01-12,98003,9,6.18,1.90,,
98630,P,2000-12-04,15220,10,34.11,8.27,,
98631,P,2001-11-17,32077,7,80.92,9.77,,
98632,P,2000-06-09,4136,2,30.53,9.78,,
98633,P,2000-03-23,4630,3,23.78,2.71,,
98634,P,2000-08-11,34582,7,31.39,8.17,,
98635,P,2000-04-07,8576,6,0.55,0.50,,
98636,P,2000-12-22,42512,6,74.05,3.31,,
98637,P,2002-02-17,71497,9,71.16,2.63,,
98638,P,2001-04-18,588,8,58.03,1.59,,
98639,P,2001-12-18,36766,5,46.44,7.66,,
98640,P,2000-10-12,82452,6,5.26,1.65,,
98641,P,2000-06-16,56602,8,9.50,4.11,,
98642,P,2000-11-02,5626,6,93.77,6.15,,
98643,P,2001-10-31,82760,2,2.21,4.67,,
98644,P,2002-07-12,48517,1,99.12,9.29,,
98645,P,2000-08-28,9723,9,34.32,9.78,,
98646,P,2002-08-25,80087,8,98.15,3.30,,
98647,P,2001-07-12,88595,1,79.16,8.96,,
98648,P,2000-06-16,58141,1,19.06,6.88,,
98649,P,2000-02-11,79915,5,64.59,2.38,,
98650,P,2002-05-27,63993,9,11.84,1.62,,
98651,P,2000-10-26,74824,5,74.06,0.49,,
98652,P,2001-08-17,80576,3,54.05,3.46,,
98653,P,2002-07-08,98090,7,16.72,3.40,,
98654,P,2000-02-17,53887,6,10.37,8.43,,
98655,P,2001-09-28,17641,4,24.32,5.56,,
98656,P,2000-09-15,76591,6,22.84,9.30,,
98657,P,2000-04-03,22957,10,18.35,1.85,,
98658,P,2000-08-31,94104,9,11.28,8.12,,
98659,P,2002-06-24,63648,8,30.34,5.19,,
98660,P,2000-03-28,80638,8,19.83,1.20,,
98661,P,2000-05-18,76440,8,31.75,0.25,,
98662,P,2000-05-22,64569,2,98.68,2.01,,
98663,P,2001-02-13,64023,9,84.74,0.70,,
98664,P,2002-06-01,37014,6,93.64,5.14,,
98665,P,2001-04-04,57945,7,93.18,1.62,,
98666,P,2000-09-28,20975,8,65.43,3.60,,
98667,P,2000-07-03,31349,6,94.56,8.75,,
98668,P,2001-11-20,35513,8,62.82,3.10,,
98669,P,2000-03-08,8354,6,77.62,6.61,,
98670,P,2000-05-06,88710,10,85.40,8.29,,
98671,P,2002-02-21,82433,8,3.77,1.98,,
98672,P,2001-01-08,49302,1,93.46,8.68,,
98673,P,2002-01-01,24176,5,32.59,5.25,,
98674,P,2002-06-07,89255,8,3.95,3.21,,
98675,P,2000-10-30,14905,2,31.46,1.39,,
98676,P,2000-03-06,55445,5,7.37,4.19,,
98677,P,2001-10-19,2302,1,40.07,6.43,,
98678,P,2000-12-10,12733,5,42.43,8.00,,
98679,P,2000-05-05,51926,2,5.57,9.68,,
98680,P,2000-04-04,14724,1,73.47,4.08,,
98681,P,2000-02-05,71560,3,43.52,7.60,,
98682,P,2001-08-01,94936,9,46.60,0.40,,
98683,P,2000-08-14,18505,3,81.21,2.43,,
98684,P,2002-03-08,50380,7,42.08,3.77,,
98685,P,2001-12-04,4364,10,48.59,7.85,,
98686,P,2002-05-08,87082,3,28.09,1.04,,
98687,P,2001-02-12,95048,8,68.24,1.58,,
98688,P,2001-05-14,66072,10,1.10,4.28,,
98689,P,2001-09-02,43430,4,77.54,5.62,,
98690,P,2001-09-11,42289,6,18.66,9.02,,
98691,P,2000-01-18,19753,5,19.07,2.33,,
98692,P,2000-12-29,3205,3,32.61,5.79,,
98693,P,2002-06-06,6975,6,80.13,8.80,,
98694,P,2002-02-15,57509,3,91.33,0.47,,
98695,P,2000-09-30,35780,6,4.54,0.88,,
98696,P,2001-07-24,21651,6,51.42,3.54,,
98697,P,2002-04-07,3561,2,40.41,2.34,,
98698,P,2001-01-08,97400,1,48.65,6.18,,
98699,P,2001-07-17,22582,4,88.98,4.41,,
98700,P,2000-02-22,19939,1,54.75,9.83,,
98701,P,2002-08-15,51772,8,31.82,5.24,,
98702,P,2001-06-16,36310,4,91.01,9.70,,
98703,P,2000-08-04,84626,5,3.12,2.55,,
98704,P,2000-05-18,9480,2,26.38,3.55,,
98705,P,2000-09-17,86620,8,73.60,6.14,,
98706,P,2000-11-03,1304,8,65.44,8.93,,
98707,P,2000-10-22,92462,7,89.76,8.98,,
98708,P,2001-07-08,11133,10,40.72,6.57,,
98709,P,2000-12-14,19492,2,49.63,7.30,,
98710,P,2002-07-25,10541,7,85.00,7.91,,
98711,P,2001-06-18,98716,2,16.42,5.52,,
98712,P,2002-04-05,90808,4,68.28,1.34,,
98713,P,2001-06-19,89816,9,69.45,3.75,,
98714,P,2002-03-14,40987,2,38.02,9.21,,
98715,P,2002-03-20,19196,8,58.58,2.99,,
98716,P,2001-06-16,23239,6,64.45,8.88,,
98717,P,2002-05-24,10586,10,27.33,9.13,,
98718,P,2001-04-22,28417,4,74.99,8.59,,
98719,P,2001-10-23,61657,1,68.77,5.57,,
98720,P,2000-10-29,18657,7,48.95,5.59,,
98721,P,2002-05-27,30780,8,68.32,4.30,,
98722,P,2001-11-16,48417,1,51.18,4.38,,
98723,P,2000-05-02,50635,8,29.04,3.44,,
98724,P,2000-07-24,71458,2,80.79,5.84,,
98725,P,2000-07-27,91588,6,52.84,6.23,,
98726,P,2002-04-08,76126,9,84.29,0.26,,
98727,P,2000-10-07,60541,3,77.18,0.26,,
98728,P,2001-11-07,39397,7,96.74,4.68,,
98729,P,2001-05-28,15621,9,59.45,5.16,,
98730,P,2000-03-14,29698,1,46.44,3.44,,
98731,P,2001-06-05,68418,8,36.07,6.45,,
98732,P,2002-08-31,48334,3,2.67,1.40,,
98733,P,2000-08-24,6504,2,40.57,0.08,,
98734,P,2001-10-09,63672,7,58.34,0.46,,
98735,P,2001-04-04,39350,2,97.73,9.67,,
98736,P,2001-10-04,11868,5,76.95,3.43,,
98737,P,2000-07-20,15526,7,41.66,3.43,,
98738,P,2001-12-24,38386,2,7.27,3.26,,
98739,P,2001-07-21,76388,8,63.89,7.46,,
98740,P,2001-04-14,98151,10,40.94,2.30,,
98741,P,2002-07-12,8422,5,64.13,1.85,,
98742,P,2002-02-01,21698,3,30.47,5.41,,
98743,P,2000-09-04,32327,4,77.69,4.95,,
98744,P,2000-08-07,53858,2,67.52,9.41,,
98745,P,2001-05-29,36537,7,89.94,8.12,,
98746,P,2000-10-31,72428,10,9.51,3.03,,
98747,P,2002-09-16,99010,5,45.10,5.51,,
98748,P,2001-01-21,90331,5,93.46,0.07,,
98749,P,2001-04-12,8915,4,88.79,3.44,,
98750,P,2002-02-23,30948,10,99.44,0.76,,
98751,P,2002-04-17,29541,7,47.34,2.43,,
98752,P,2001-07-31,3866,10,75.50,9.86,,
98753,P,2000-09-06,86332,8,68.75,7.56,,
98754,P,2000-04-07,58236,2,73.44,8.86,,
98755,P,2000-01-08,38186,6,13.86,4.15,,
98756,P,2002-07-28,21188,2,73.90,8.94,,
98757,P,2001-01-17,58692,7,72.37,5.23,,
98758,P,2001-04-12,90831,6,93.41,9.18,,
98759,P,2001-08-19,29160,8,27.75,4.29,,
98760,P,2001-12-15,70448,7,53.17,1.48,,
98761,P,2000-05-18,73451,5,92.04,7.12,,
98762,P,2000-09-24,40261,7,82.74,3.05,,
98763,P,2002-06-11,29138,9,98.83,0.55,,
98764,P,2001-01-02,25367,7,68.99,7.94,,
98765,P,2000-04-10,28180,4,48.15,5.20,,
98766,P,2002-07-14,18895,5,80.79,1.16,,
98767,P,2002-06-05,300,4,60.78,7.10,,
98768,P,2000-08-06,85515,10,75.95,6.24,,
98769,P,2001-04-26,19331,6,20.60,1.83,,
98770,P,2000-12-06,4546,4,27.01,2.00,,
98771,P,2002-08-26,10130,9,45.37,3.97,,
98772,P,2001-08-17,49846,9,66.55,6.83,,
98773,P,2002-03-05,50743,10,41.70,9.21,,
98774,P,2000-05-04,27526,1,58.11,4.95,,
98775,P,2000-05-29,60480,1,11.79,4.19,,
98776,P,2000-02-11,30938,6,48.48,6.89,,
98777,P,2000-07-06,16809,6,60.71,9.59,,
98778,P,2000-07-23,90125,3,36.31,2.73,,
98779,P,2001-06-17,60519,8,63.89,3.48,,
98780,P,2001-01-18,74068,9,43.54,1.91,,
98781,P,2000-11-13,48310,5,8.96,5.68,,
98782,P,2002-06-30,88466,5,14.83,4.06,,
98783,P,2000-04-11,92687,9,45.57,8.20,,
98784,P,2001-12-01,43524,5,48.56,6.42,,
98785,P,2002-01-27,80809,3,76.07,2.67,,
98786,P,2000-09-02,5334,4,57.31,7.64,,
98787,P,2002-01-26,16891,9,96.86,1.71,,
98788,P,2001-03-18,83683,7,55.98,1.75,,
98789,P,2001-09-01,12,5,62.48,1.50,,
98790,P,2001-05-10,85085,9,12.13,7.42,,
98791,P,2000-09-06,78102,6,4.77,4.34,,
98792,P,2002-06-01,86582,4,38.69,7.65,,
98793,P,2002-08-02,24706,6,41.02,2.38,,
98794,P,2001-11-08,8063,3,64.29,8.91,,
98795,P,2002-06-29,18154,5,78.48,1.26,,
98796,P,2002-08-06,84535,6,87.84,6.51,,
98797,P,2002-08-24,93907,8,2.10,5.58,,
98798,P,2000-09-08,13467,3,62.65,6.01,,
98799,P,2000-04-04,15347,2,40.18,9.42,,
98800,P,2002-07-06,37837,5,27.71,3.35,,
98801,P,2000-02-10,55913,4,5.21,9.74,,
98802,P,2001-03-07,59535,1,91.32,0.24,,
98803,P,2002-04-05,83349,1,91.97,1.86,,
98804,P,2001-12-07,65622,8,47.82,0.16,,
98805,P,2001-07-15,90116,10,14.17,8.98,,
98806,P,2002-08-15,43381,7,58.39,2.43,,
98807,P,2000-05-03,15786,6,87.41,6.27,,
98808,P,2000-05-27,93666,6,61.28,1.72,,
98809,P,2002-08-29,71770,7,96.11,6.84,,
98810,P,2002-04-05,892,6,85.84,2.24,,
98811,P,2000-05-28,91825,8,12.09,2.89,,
98812,P,2001-08-11,49285,1,68.78,9.48,,
98813,P,2002-08-27,98720,3,49.79,8.67,,
98814,P,2002-06-14,32089,3,31.10,6.25,,
98815,P,2002-04-27,95014,10,37.98,4.00,,
98816,P,2001-10-21,49817,8,73.34,3.38,,
98817,P,2000-11-23,40552,6,3.35,6.82,,
98818,P,2001-05-24,71139,9,45.82,4.26,,
98819,P,2002-04-09,96029,9,78.65,9.62,,
98820,P,2002-01-05,90847,3,95.05,3.64,,
98821,P,2001-03-16,5729,2,52.19,1.64,,
98822,P,2000-10-19,36503,7,68.30,8.72,,
98823,P,2001-09-14,21304,10,72.56,3.70,,
98824,P,2001-08-16,19812,4,58.37,4.30,,
98825,P,2001-03-09,16506,2,31.96,1.87,,
98826,P,2002-01-12,21543,2,62.27,7.30,,
98827,P,2001-07-22,92203,10,99.39,3.01,,
98828,P,2000-09-15,8835,7,92.69,2.67,,
98829,P,2001-10-27,56640,10,89.07,4.41,,
98830,P,2002-01-03,63432,10,56.41,2.75,,
98831,P,2002-07-26,27684,9,5.31,0.84,,
98832,P,2001-11-01,62547,1,32.02,9.72,,
98833,P,2002-07-29,29916,9,24.14,1.92,,
98834,P,2001-11-20,18791,4,69.83,1.99,,
98835,P,2002-01-20,12277,6,20.93,9.06,,
98836,P,2002-03-07,22013,2,22.24,4.56,,
98837,P,2002-08-20,2104,2,32.57,5.98,,
98838,P,2001-03-16,15995,8,46.32,1.12,,
98839,P,2000-08-28,93748,5,94.75,0.26,,
98840,P,2002-04-28,22186,9,5.75,7.03,,
98841,P,2000-10-06,25390,10,77.73,2.12,,
98842,P,2000-06-06,60974,9,57.77,1.85,,
98843,P,2000-02-04,5145,1,58.19,0.91,,
98844,P,2000-08-05,90534,5,92.82,9.70,,
98845,P,2001-01-31,5045,6,52.90,2.94,,
98846,P,2000-01-02,77068,7,76.62,8.42,,
98847,P,2000-11-18,18024,9,74.28,4.17,,
98848,P,2001-07-31,75250,7,42.98,9.45,,
98849,P,2002-01-06,41123,8,41.72,7.52,,
98850,P,2001-02-08,47339,6,36.07,7.24,,
98851,P,2001-06-29,85793,7,14.64,8.44,,
98852,P,2002-05-12,34007,7,75.38,9.32,,
98853,P,2001-01-23,53090,8,92.63,0.26,,
98854,P,2001-02-15,64135,7,29.05,8.50,,
98855,P,2001-08-03,40435,8,90.38,9.26,,
98856,P,2000-09-27,7226,8,83.70,6.11,,
98857,P,2002-09-13,1667,6,32.08,2.37,,
98858,P,2001-03-30,82782,5,60.64,9.75,,
98859,P,2001-09-07,9287,10,29.70,9.76,,
98860,P,2001-06-03,5029,3,9.55,7.18,,
98861,P,2000-05-13,42060,8,45.67,3.73,,
98862,P,2001-12-11,32127,1,58.17,6.32,,
98863,P,2001-11-04,66478,5,18.04,4.28,,
98864,P,2001-02-25,32527,7,55.53,5.11,,
98865,P,2000-01-09,71769,1,43.18,7.14,,
98866,P,2001-10-19,54682,1,51.58,6.86,,
98867,P,2000-10-09,43102,3,53.17,0.58,,
98868,P,2002-04-04,79734,1,85.14,3.31,,
98869,P,2002-08-12,35433,10,51.62,2.40,,
98870,P,2002-04-14,43096,8,7.96,9.80,,
98871,P,2000-03-15,6260,6,78.02,7.61,,
98872,P,2002-03-01,77730,2,49.65,3.35,,
98873,P,2001-12-17,23906,9,52.34,1.23,,
98874,P,2001-10-06,5358,2,82.14,9.29,,
98875,P,2002-04-01,21467,9,60.37,2.50,,
98876,P,2002-05-14,75674,7,95.69,8.74,,
98877,P,2002-05-30,3053,6,83.67,3.78,,
98878,P,2002-09-25,65421,10,89.35,6.04,,
98879,P,2001-05-04,96275,3,6.12,2.41,,
98880,P,2000-04-29,57141,5,7.25,7.50,,
98881,P,2000-03-31,97077,7,3.05,9.30,,
98882,P,2000-08-15,62487,3,27.67,2.66,,
98883,P,2000-09-08,55706,10,43.81,5.22,,
98884,P,2000-03-26,73069,8,98.66,2.06,,
98885,P,2002-06-05,68014,8,65.46,2.93,,
98886,P,2000-11-29,28357,4,5.86,7.35,,
98887,P,2002-03-06,25742,5,73.48,0.67,,
98888,P,2002-03-03,18506,1,52.40,3.38,,
98889,P,2002-08-19,5314,9,99.49,9.31,,
98890,P,2000-12-05,41138,9,25.08,3.00,,
98891,P,2002-05-05,71958,6,3.63,2.88,,
98892,P,2002-07-05,38431,5,89.04,0.92,,
98893,P,2002-04-10,61582,5,61.38,3.01,,
98894,P,2002-04-08,92660,2,16.29,9.20,,
98895,P,2002-09-16,84636,1,77.23,1.70,,
98896,P,2002-03-17,28380,9,25.24,1.00,,
98897,P,2001-08-08,71281,9,20.86,7.14,,
98898,P,2002-02-23,71007,8,87.05,2.17,,
98899,P,2000-03-06,42878,7,61.63,3.42,,
98900,P,2000-01-17,84137,8,74.76,4.39,,
98901,P,2002-01-10,92925,3,42.10,8.44,,
98902,P,2002-08-02,99194,10,63.76,1.07,,
98903,P,2002-01-10,60420,3,84.23,9.52,,
98904,P,2002-01-30,46467,6,77.04,6.15,,
98905,P,2000-04-20,27462,8,44.17,1.56,,
98906,P,2000-03-22,56542,9,60.46,3.34,,
98907,P,2000-11-22,21366,6,57.28,3.31,,
98908,P,2002-07-13,52153,5,44.15,9.44,,
98909,P,2001-12-16,37098,1,44.38,2.47,,
98910,P,2001-12-05,94976,3,24.43,0.29,,
98911,P,2000-06-20,808,9,26.91,9.44,,
98912,P,2001-08-12,61550,7,1.87,6.61,,
98913,P,2002-04-01,39866,4,3.07,2.42,,
98914,P,2002-03-29,57111,1,51.22,3.74,,
98915,P,2000-10-03,36320,7,76.47,1.54,,
98916,P,2000-01-27,29430,10,56.57,0.13,,
98917,P,2000-02-17,91100,10,28.60,6.96,,
98918,P,2000-01-21,61243,2,86.89,6.54,,
98919,P,2000-09-13,20880,2,84.25,9.50,,
98920,P,2001-03-02,76879,9,99.67,6.26,,
98921,P,2000-05-30,74135,7,1.24,7.53,,
98922,P,2001-03-20,23926,3,51.48,5.58,,
98923,P,2001-09-15,98901,5,35.97,7.14,,
98924,P,2002-03-19,1349,8,29.12,3.93,,
98925,P,2001-09-08,90364,9,14.68,3.62,,
98926,P,2000-12-09,84567,7,50.83,6.61,,
98927,P,2002-01-30,94441,6,55.46,5.63,,
98928,P,2001-11-15,34036,6,36.09,1.74,,
98929,P,2000-05-09,53548,6,65.88,6.43,,
98930,P,2001-11-16,6905,5,76.98,4.61,,
98931,P,2000-07-07,29531,7,90.32,2.77,,
98932,P,2001-08-24,50013,4,91.49,0.52,,
98933,P,2000-03-02,95008,10,80.82,2.94,,
98934,P,2001-07-07,61143,7,66.26,2.69,,
98935,P,2000-12-07,75967,9,5.34,4.10,,
98936,P,2000-05-05,2052,7,51.61,4.11,,
98937,P,2001-09-07,10881,6,50.05,2.81,,
98938,P,2002-05-10,64110,9,73.16,8.11,,
98939,P,2001-10-30,56106,4,54.51,0.66,,
98940,P,2000-08-15,92689,6,9.96,5.85,,
98941,P,2001-12-30,92201,2,27.59,6.65,,
98942,P,2000-11-02,68102,2,72.91,0.23,,
98943,P,2002-01-04,24471,4,1.20,7.92,,
98944,P,2002-09-18,90317,6,77.29,8.82,,
98945,P,2000-04-07,84366,10,24.85,0.89,,
98946,P,2001-01-27,13422,2,64.08,0.96,,
98947,P,2001-01-16,59417,2,94.39,8.85,,
98948,P,2002-01-26,37469,8,16.07,0.22,,
98949,P,2002-02-01,16644,5,8.28,7.39,,
98950,P,2001-02-28,64627,1,41.14,6.80,,
98951,P,2001-08-19,76776,5,25.56,6.46,,
98952,P,2001-10-10,88118,4,33.80,8.26,,
98953,P,2002-03-16,40007,3,8.73,4.42,,
98954,P,2000-06-27,60816,7,73.08,7.67,,
98955,P,2001-12-29,84101,2,84.65,6.13,,
98956,P,2001-09-22,54725,8,45.75,8.31,,
98957,P,2002-07-13,27888,6,55.22,0.69,,
98958,P,2001-08-05,90668,5,9.13,4.40,,
98959,P,2001-03-17,59883,6,41.12,4.85,,
98960,P,2000-03-05,16427,7,66.40,9.01,,
98961,P,2000-09-14,33589,2,27.29,9.21,,
98962,P,2001-09-15,94266,7,68.91,2.35,,
98963,P,2001-09-17,59719,2,62.15,9.97,,
98964,P,2000-05-16,34780,6,60.83,2.17,,
98965,P,2000-08-06,49979,6,6.66,6.29,,
98966,P,2001-10-19,16561,7,23.69,4.77,,
98967,P,2002-04-21,82238,4,76.04,8.82,,
98968,P,2001-01-09,14542,2,90.91,5.91,,
98969,P,2001-10-06,44089,8,49.54,3.35,,
98970,P,2000-11-21,89756,2,12.74,2.29,,
98971,P,2002-06-25,95470,10,61.77,2.10,,
98972,P,2002-07-23,22345,5,43.75,7.87,,
98973,P,2000-06-24,86454,3,2.35,3.60,,
98974,P,2001-10-20,21516,2,25.17,2.29,,
98975,P,2001-08-24,5122,9,4.30,0.06,,
98976,P,2002-09-13,91103,7,70.67,8.51,,
98977,P,2002-01-22,24673,5,39.97,5.58,,
98978,P,2000-03-26,63849,10,46.39,0.34,,
98979,P,2000-08-11,25763,3,45.94,6.50,,
98980,P,2002-06-30,79521,3,86.75,7.08,,
98981,P,2002-08-02,6107,2,15.11,7.65,,
98982,P,2000-03-11,39630,7,62.05,7.22,,
98983,P,2001-03-14,27582,4,15.81,2.71,,
98984,P,2000-06-24,42940,3,21.12,0.95,,
98985,P,2001-12-07,39699,10,96.16,5.37,,
98986,P,2001-09-12,22441,8,54.06,3.70,,
98987,P,2002-02-10,17867,4,87.33,7.50,,
98988,P,2000-04-18,73295,9,84.93,1.16,,
98989,P,2002-08-27,42455,10,19.88,9.69,,
98990,P,2001-10-29,51046,7,55.32,4.47,,
98991,P,2000-08-17,53282,5,91.18,9.90,,
98992,P,2001-07-23,55927,3,21.78,1.23,,
98993,P,2001-11-06,30249,9,6.41,7.47,,
98994,P,2002-07-30,19348,1,99.16,2.73,,
98995,P,2001-03-21,30545,1,1.99,4.56,,
98996,P,2001-02-27,32891,7,36.47,0.97,,
98997,P,2001-08-03,27608,8,64.93,3.79,,
98998,P,2002-07-30,36736,6,92.48,7.94,,
98999,P,2001-01-21,22465,8,81.50,4.73,,
99000,P,2001-08-20,77405,1,44.48,6.37,,
99001,P,2002-04-03,60766,1,6.40,4.13,,
99002,P,2001-12-10,91772,4,30.31,3.24,,
99003,P,2000-05-12,86401,4,73.50,0.51,,
99004,P,2000-08-05,54103,10,38.95,5.07,,
99005,P,2001-06-01,51496,3,87.24,3.66,,
99006,P,2000-10-23,20967,4,45.65,6.30,,
99007,P,2001-05-05,52074,10,18.20,2.12,,
99008,P,2002-07-05,28862,5,6.42,3.90,,
99009,P,2001-01-22,61431,4,97.59,6.06,,
99010,P,2002-01-14,70963,4,30.80,5.93,,
99011,P,2001-09-05,6059,10,50.45,4.81,,
99012,P,2001-06-07,40599,1,66.11,8.11,,
99013,P,2001-08-27,76539,9,28.71,4.79,,
99014,P,2001-08-27,5075,8,14.83,7.96,,
99015,P,2002-06-28,11470,4,25.86,7.16,,
99016,P,2001-12-07,46522,2,19.61,1.21,,
99017,P,2000-11-03,78536,7,91.86,7.31,,
99018,P,2001-10-10,98766,2,40.34,4.64,,
99019,P,2000-05-06,4653,4,91.45,7.61,,
99020,P,2002-05-28,85558,9,74.79,4.44,,
99021,P,2000-06-06,95355,7,61.64,3.37,,
99022,P,2000-04-14,90040,8,78.55,1.17,,
99023,P,2002-09-06,87809,10,37.82,1.23,,
99024,P,2001-03-21,48104,5,72.28,7.97,,
99025,P,2001-09-26,36932,1,58.20,4.32,,
99026,P,2000-01-08,76240,4,61.38,0.59,,
99027,P,2002-01-17,54571,8,3.03,5.88,,
99028,P,2000-07-16,8256,4,17.56,9.64,,
99029,P,2002-04-21,26547,1,82.66,9.13,,
99030,P,2000-05-11,83711,6,73.64,3.17,,
99031,P,2000-10-07,9006,7,38.70,4.57,,
99032,P,2001-10-30,87547,4,68.59,3.54,,
99033,P,2000-12-13,36917,10,83.80,8.06,,
99034,P,2001-12-11,65113,7,65.86,1.55,,
99035,P,2001-12-02,32532,4,55.24,9.80,,
99036,P,2001-11-27,9010,7,46.50,8.49,,
99037,P,2001-06-10,36591,9,43.66,8.95,,
99038,P,2000-03-22,55260,3,77.73,2.65,,
99039,P,2001-09-01,1857,7,15.21,9.13,,
99040,P,2000-06-29,27825,4,25.69,0.79,,
99041,P,2001-11-03,77813,1,61.74,2.00,,
99042,P,2002-05-29,51462,10,78.45,2.82,,
99043,P,2001-04-19,23961,8,96.04,6.19,,
99044,P,2002-09-17,82951,2,44.43,7.15,,
99045,P,2002-06-03,49921,5,89.06,3.10,,
99046,P,2000-11-14,38011,3,26.66,5.52,,
99047,P,2001-03-11,95566,8,2.94,2.40,,
99048,P,2002-02-16,29749,8,87.64,5.81,,
99049,P,2001-03-11,29396,9,47.76,1.67,,
99050,P,2001-03-05,1143,4,27.90,7.91,,
99051,P,2000-08-21,85307,9,0.07,8.51,,
99052,P,2002-05-19,8190,8,37.88,6.77,,
99053,P,2001-03-23,96836,10,27.83,3.62,,
99054,P,2001-10-01,88768,7,46.96,6.17,,
99055,P,2000-07-30,79900,3,74.46,3.01,,
99056,P,2002-08-29,49545,5,98.77,2.74,,
99057,P,2000-04-26,48573,2,98.77,9.34,,
99058,P,2001-04-28,30289,7,4.33,8.37,,
99059,P,2001-01-01,15823,9,31.60,9.32,,
99060,P,2000-02-04,68271,7,21.11,4.10,,
99061,P,2000-05-24,43361,5,32.72,6.19,,
99062,P,2000-01-14,81519,3,97.53,9.03,,
99063,P,2000-06-05,54227,4,48.10,2.42,,
99064,P,2000-08-21,20251,3,39.23,8.06,,
