52142,P,2001-09-13,64781,6,41.48,2.49,,
52143,P,2001-08-29,4359,7,66.27,7.59,,
52144,P,2000-08-19,54106,8,9.40,2.74,,
52145,P,2000-07-17,61905,7,77.39,5.22,,
52146,P,2001-06-22,78297,6,22.38,2.94,,
52147,P,2002-02-01,67190,2,30.88,4.23,,
52148,P,2000-12-16,85066,9,19.41,2.47,,
52149,P,2001-01-10,30174,1,70.07,7.91,,
52150,P,2001-06-11,665,3,53.78,2.16,,
52151,P,2000-11-26,20728,1,30.39,1.18,,
52152,P,2001-05-13,81369,2,22.45,2.36,,
52153,P,2002-05-25,82964,9,67.62,6.27,,
52154,P,2000-10-02,93100,6,15.05,1.46,,
52155,P,2001-12-16,24758,3,34.18,5.32,,
52156,P,2000-10-18,84524,2,4.77,8.41,,
52157,P,2002-06-29,83953,3,51.66,2.61,,
52158,P,2000-07-29,112,5,63.18,9.55,,
52159,P,2001-11-24,21554,8,52.47,9.49,,
52160,P,2001-04-20,50096,2,70.33,2.43,,
52161,P,2002-09-12,86117,8,85.28,1.80,,
52162,P,2002-09-24,63534,2,25.37,6.89,,
52163,P,2000-02-23,40160,8,84.91,0.05,,
52164,P,2001-07-11,71649,2,25.81,7.83,,
52165,P,2002-05-21,81790,3,38.09,1.79,,
52166,P,2001-03-28,22725,8,68.15,5.39,,
52167,P,2000-03-01,15441,8,31.62,0.57,,
52168,P,2002-09-19,11922,6,48.19,7.70,,
52169,P,2001-08-09,39098,4,95.67,2.89,,
52170,P,2002-04-27,88834,4,63.09,7.23,,
52171,P,2002-08-07,44962,4,47.42,1.36,,
52172,P,2000-12-12,16104,7,96.20,5.06,,
52173,P,2002-08-11,3707,4,64.25,3.15,,
52174,P,2002-05-07,99220,4,83.76,9.90,,
52175,P,2001-12-22,92954,5,79.83,6.98,,
52176,P,2001-07-20,2758,1,69.98,6.34,,
52177,P,2000-01-19,88935,1,27.78,6.84,,
52178,P,2001-07-21,59737,7,95.92,0.26,,
52179,P,2002-01-22,64854,10,84.47,6.56,,
52180,P,2001-02-02,32669,7,32.90,5.57,,
52181,P,2000-09-04,97678,3,43.13,8.52,,
52182,P,2000-03-27,85020,4,10.91,9.16,,
52183,P,2001-07-23,97664,10,89.17,8.79,,
52184,P,2001-07-10,23565,4,65.50,2.26,,
52185,P,2001-10-05,41109,8,1.41,1.30,,
52186,P,2002-08-13,76629,7,72.22,6.89,,
52187,P,2001-10-14,70397,10,18.70,6.48,,
52188,P,2001-10-04,97970,6,96.91,6.51,,
52189,P,2002-07-02,26560,6,63.53,9.11,,
52190,P,2001-12-26,14043,4,90.61,2.39,,
52191,P,2000-10-16,76123,1,79.05,5.56,,
52192,P,2001-03-11,59096,10,84.64,8.74,,
52193,P,2001-01-19,31953,10,17.29,1.15,,
52194,P,2000-07-08,9320,8,10.06,3.36,,
52195,P,2002-06-15,57102,6,84.06,2.53,,
52196,P,2002-05-04,48439,9,19.07,1.66,,
52197,P,2001-07-16,38664,9,61.21,4.18,,
52198,P,2001-09-10,51007,9,67.23,2.40,,
52199,P,2000-03-20,91131,2,61.01,2.08,,
52200,P,2001-10-10,8814,9,58.59,7.59,,
52201,P,2000-02-15,15701,3,38.11,7.01,,
52202,P,2000-06-19,47508,4,21.19,8.37,,
52203,P,2000-01-05,99480,1,94.60,3.09,,
52204,P,2001-12-24,32800,7,58.79,3.73,,
52205,P,2000-07-23,44632,4,32.78,4.80,,
52206,P,2000-01-09,86842,1,28.25,5.60,,
52207,P,2002-03-30,14812,2,17.41,5.26,,
52208,P,2001-05-14,30590,3,13.61,6.84,,
52209,P,2001-06-21,92380,10,5.21,2.44,,
52210,P,2002-09-13,44642,7,28.06,2.76,,
52211,P,2001-07-14,92480,6,0.77,7.51,,
52212,P,2002-05-20,30144,8,76.29,9.29,,
52213,P,2001-09-18,74090,4,55.19,6.59,,
52214,P,2000-07-29,2954,5,19.18,7.75,,
52215,P,2001-03-29,83226,5,22.89,9.78,,
52216,P,2002-06-18,44906,3,39.26,4.59,,
52217,P,2001-04-13,27804,2,48.68,4.75,,
52218,P,2001-04-15,41183,8,46.46,3.16,,
52219,P,2000-04-30,60922,3,69.60,7.58,,
52220,P,2001-03-31,96396,7,24.75,9.14,,
52221,P,2002-04-27,21164,4,69.95,1.38,,
52222,P,2000-11-18,98750,8,91.58,9.97,,
52223,P,2002-04-30,83085,10,29.84,3.16,,
52224,P,2001-12-21,79016,3,79.95,7.77,,
52225,P,2002-05-06,32453,9,54.84,8.28,,
52226,P,2002-05-01,45403,3,98.77,9.71,,
52227,P,2001-09-22,3458,8,25.19,6.97,,
52228,P,2001-02-18,83847,3,75.07,6.43,,
52229,P,2002-02-12,90925,2,94.18,5.44,,
52230,P,2001-08-14,18914,8,42.78,1.40,,
52231,P,2001-04-26,31865,2,95.88,3.65,,
52232,P,2000-08-03,67739,4,57.32,3.11,,
52233,P,2000-12-23,94073,4,53.11,6.24,,
52234,P,2002-01-30,87052,9,93.16,6.59,,
52235,P,2001-03-29,87917,3,73.54,4.30,,
52236,P,2002-08-24,9795,10,94.43,9.39,,
52237,P,2002-08-20,6564,2,53.44,2.03,,
52238,P,2001-03-22,78347,8,79.68,2.10,,
52239,P,2000-04-12,98196,3,82.64,2.10,,
52240,P,2001-09-04,50029,7,32.02,7.97,,
52241,P,2000-08-20,74835,3,88.95,2.11,,
52242,P,2000-08-02,33077,6,21.89,8.86,,
52243,P,2000-08-05,45239,7,30.02,0.94,,
52244,P,2002-03-23,48174,4,36.62,7.29,,
52245,P,2002-04-05,99000,1,19.07,1.36,,
52246,P,2002-07-30,56076,7,69.63,1.41,,
52247,P,2000-04-14,1968,5,15.35,9.48,,
52248,P,2002-07-18,78491,5,17.87,0.58,,
52249,P,2000-07-08,75897,8,71.88,9.23,,
52250,P,2000-12-17,24195,2,45.68,0.93,,
52251,P,2001-04-05,25818,4,14.94,4.16,,
52252,P,2002-05-16,94846,2,58.07,0.53,,
52253,P,2002-09-19,38961,2,2.81,7.81,,
52254,P,2000-04-11,67528,8,26.29,0.42,,
52255,P,2001-08-06,52815,7,78.04,2.76,,
52256,P,2001-04-21,95454,9,81.81,7.29,,
52257,P,2000-05-09,20043,9,6.13,2.61,,
52258,P,2002-08-07,5608,4,97.78,5.92,,
52259,P,2000-07-30,79603,10,10.19,3.86,,
52260,P,2002-07-05,45697,2,33.17,7.20,,
52261,P,2001-09-06,80260,6,18.18,4.40,,
52262,P,2000-07-17,86576,4,4.72,2.14,,
52263,P,2002-06-20,25767,8,5.24,5.13,,
52264,P,2001-05-22,54809,1,26.47,5.92,,
52265,P,2002-05-04,69084,6,29.97,9.99,,
52266,P,2000-04-25,76354,4,39.16,5.70,,
52267,P,2002-07-27,1592,9,4.39,0.92,,
52268,P,2002-04-13,78344,8,47.37,8.74,,
52269,P,2001-08-24,86581,2,83.63,2.36,,
52270,P,2000-12-21,96375,9,75.30,2.14,,
52271,P,2000-10-14,73346,9,14.61,9.65,,
52272,P,2001-03-10,14296,6,64.69,2.55,,
52273,P,2001-07-02,98093,1,42.37,2.11,,
52274,P,2000-08-30,13422,4,37.34,0.65,,
52275,P,2001-03-09,32196,4,97.60,7.42,,
52276,P,2000-02-18,54333,10,0.87,4.09,,
52277,P,2000-08-17,27681,2,61.10,7.39,,
52278,P,2000-01-07,66075,10,39.17,2.19,,
52279,P,2001-11-15,16902,2,48.04,9.04,,
52280,P,2001-04-29,33668,8,62.64,4.31,,
52281,P,2000-07-20,15063,3,3.54,1.99,,
52282,P,2001-08-18,7854,9,21.31,0.95,,
52283,P,2001-10-29,28639,9,39.82,0.78,,
52284,P,2000-03-01,96472,9,3.80,6.71,,
52285,P,2002-07-01,49366,9,13.46,5.54,,
52286,P,2002-07-05,28361,1,14.52,0.65,,
52287,P,2002-06-08,33600,6,32.79,0.62,,
52288,P,2000-10-26,95604,3,30.87,6.89,,
52289,P,2001-09-09,85903,10,74.82,7.76,,
52290,P,2000-05-01,9920,1,95.29,2.03,,
52291,P,2002-08-19,88730,4,47.97,6.80,,
52292,P,2001-07-15,53030,10,88.73,4.38,,
52293,P,2001-02-24,62397,1,38.84,5.47,,
52294,P,2000-01-24,29956,3,12.22,3.65,,
52295,P,2002-04-05,19141,6,36.08,6.37,,
52296,P,2001-05-02,86273,6,60.24,5.78,,
52297,P,2000-10-05,54151,4,91.76,4.70,,
52298,P,2001-01-03,79487,7,64.91,8.14,,
52299,P,2001-11-20,11040,9,79.94,3.52,,
52300,P,2002-05-03,77720,7,73.25,5.12,,
52301,P,2001-12-27,55345,9,75.91,9.60,,
52302,P,2000-08-14,34451,5,15.32,2.21,,
52303,P,2002-08-31,23297,8,42.46,3.17,,
52304,P,2000-01-19,14488,3,37.55,1.16,,
52305,P,2000-06-15,98665,6,9.22,5.51,,
52306,P,2000-09-02,75171,8,83.70,8.08,,
52307,P,2001-01-06,26615,2,34.71,3.69,,
52308,P,2001-12-08,78280,5,92.96,5.12,,
52309,P,2001-06-03,49204,5,85.05,2.11,,
52310,P,2000-12-15,46300,6,53.69,3.52,,
52311,P,2002-06-29,63882,1,41.56,7.72,,
52312,P,2002-07-19,54215,3,9.01,0.71,,
52313,P,2001-04-28,98161,2,63.94,9.35,,
52314,P,2000-02-21,55026,10,79.18,7.24,,
52315,P,2001-01-13,24636,9,27.19,3.93,,
52316,P,2000-03-26,77693,8,54.57,9.07,,
52317,P,2002-02-17,40483,10,3.68,6.50,,
52318,P,2001-11-29,75567,10,85.87,7.32,,
52319,P,2002-08-03,65490,5,91.35,9.36,,
52320,P,2000-06-22,61844,9,30.69,1.24,,
52321,P,2001-02-16,97916,4,48.03,7.22,,
52322,P,2000-06-30,78498,4,91.07,4.89,,
52323,P,2002-06-23,72137,6,5.18,6.34,,
52324,P,2002-06-07,62051,7,42.30,6.34,,
52325,P,2001-03-29,36461,4,64.07,5.72,,
52326,P,2001-09-07,71942,8,45.55,4.38,,
52327,P,2000-10-13,33245,10,49.17,2.08,,
52328,P,2001-06-06,79608,1,44.81,8.42,,
52329,P,2001-02-18,38205,10,29.88,8.06,,
52330,P,2000-03-25,17735,10,31.13,6.77,,
52331,P,2002-09-18,32458,2,99.77,0.26,,
52332,P,2001-08-27,31936,3,91.03,2.64,,
52333,P,2000-07-02,3453,5,65.09,4.59,,
52334,P,2001-07-19,15983,7,10.05,1.20,,
52335,P,2000-03-07,93906,4,44.14,6.07,,
52336,P,2001-11-15,12217,8,53.24,5.25,,
52337,P,2001-04-11,14340,10,7.47,2.19,,
52338,P,2002-05-14,7225,9,19.17,8.31,,
52339,P,2002-05-19,30432,10,72.73,8.04,,
52340,P,2000-01-10,38759,6,62.98,3.29,,
52341,P,2001-09-27,45267,2,65.49,9.91,,
52342,P,2001-06-30,50137,1,30.15,6.86,,
52343,P,2001-05-21,51939,9,60.86,3.85,,
52344,P,2000-05-19,38372,8,38.51,8.52,,
52345,P,2001-02-06,54868,2,95.64,0.79,,
52346,P,2002-06-06,95792,4,68.31,4.80,,
52347,P,2000-07-11,82939,7,4.70,2.52,,
52348,P,2000-08-14,69611,9,76.66,6.04,,
52349,P,2002-05-21,53657,1,59.40,7.21,,
52350,P,2000-04-27,94029,3,27.38,6.14,,
52351,P,2001-09-03,28093,1,13.56,5.47,,
52352,P,2001-04-01,95395,8,27.89,2.82,,
52353,P,2001-10-13,70693,6,37.96,5.99,,
52354,P,2001-05-04,60339,4,96.60,1.63,,
52355,P,2000-07-12,90573,9,15.85,8.12,,
52356,P,2000-12-09,66451,9,18.67,9.83,,
52357,P,2000-07-22,36375,8,88.49,4.93,,
52358,P,2002-01-13,70270,5,0.44,7.39,,
52359,P,2001-07-01,15780,8,62.78,1.34,,
52360,P,2000-12-16,89106,10,87.28,4.04,,
52361,P,2000-01-17,92830,8,5.02,8.37,,
52362,P,2001-08-23,94992,6,43.80,2.94,,
52363,P,2000-02-03,66439,8,4.40,4.34,,
52364,P,2001-06-22,71673,7,18.99,2.27,,
52365,P,2001-09-02,60055,9,38.57,5.21,,
52366,P,2002-01-26,95297,2,77.49,8.63,,
52367,P,2000-08-29,12424,4,71.65,9.77,,
52368,P,2000-08-03,93917,6,45.55,2.99,,
52369,P,2002-02-14,16828,8,54.77,3.08,,
52370,P,2001-08-11,30194,8,17.41,6.32,,
52371,P,2000-12-14,79315,10,70.42,8.88,,
52372,P,2001-08-06,11463,7,80.00,7.65,,
52373,P,2000-04-23,6764,4,97.60,6.57,,
52374,P,2002-02-02,84152,4,16.29,2.37,,
52375,P,2001-11-18,38146,9,3.32,9.09,,
52376,P,2001-04-08,3334,10,60.41,7.41,,
52377,P,2000-03-18,63655,6,7.07,4.50,,
52378,P,2000-01-10,62400,1,4.27,9.76,,
52379,P,2000-03-18,48839,5,25.15,1.75,,
52380,P,2000-01-31,83870,2,41.80,9.97,,
52381,P,2002-04-27,96932,8,52.23,0.28,,
52382,P,2002-08-28,28358,2,47.12,1.00,,
52383,P,2002-08-25,88847,7,89.77,9.64,,
52384,P,2001-01-05,20063,4,23.23,3.95,,
52385,P,2002-01-21,31804,6,63.79,6.70,,
52386,P,2000-11-30,48838,4,90.20,8.20,,
52387,P,2002-05-26,49940,2,98.58,5.65,,
52388,P,2002-03-07,39250,7,50.53,3.00,,
52389,P,2001-08-11,68090,9,73.23,7.40,,
52390,P,2001-06-19,45329,7,21.11,6.70,,
52391,P,2000-11-25,14205,6,40.43,1.44,,
52392,P,2000-04-21,91694,1,3.21,0.72,,
52393,P,2000-03-01,64306,4,61.00,1.98,,
52394,P,2001-02-03,71938,5,9.29,5.76,,
52395,P,2000-07-15,49293,6,0.39,3.86,,
52396,P,2000-03-30,61432,9,55.30,2.96,,
52397,P,2002-05-04,97130,5,25.38,3.35,,
52398,P,2001-07-28,24735,1,66.53,2.78,,
52399,P,2001-10-09,17852,9,68.97,9.45,,
52400,P,2002-09-19,62809,7,29.75,6.91,,
52401,P,2000-04-11,47523,1,28.66,8.52,,
52402,P,2001-07-09,94553,8,94.80,1.18,,
52403,P,2002-02-10,68516,5,86.02,0.07,,
52404,P,2000-11-25,29648,2,55.78,7.44,,
52405,P,2001-05-01,14046,6,60.59,4.52,,
52406,P,2002-08-17,87765,9,41.97,4.55,,
52407,P,2000-04-17,99571,9,25.78,2.88,,
52408,P,2001-12-07,40660,5,66.47,8.07,,
52409,P,2002-08-08,35734,7,16.91,3.15,,
52410,P,2000-07-16,75954,3,13.35,1.62,,
52411,P,2000-12-26,69024,6,50.50,8.97,,
52412,P,2001-03-13,82561,9,57.90,8.57,,
52413,P,2002-08-02,21114,7,52.60,0.49,,
52414,P,2000-07-21,23244,4,29.83,1.70,,
52415,P,2000-06-19,55749,10,93.44,6.97,,
52416,P,2002-03-27,16294,2,18.04,3.86,,
52417,P,2000-01-24,97,2,38.20,5.83,,
52418,P,2001-07-14,411,7,71.83,7.78,,
52419,P,2001-08-01,59161,10,33.48,1.58,,
52420,P,2001-06-02,46532,6,71.66,3.27,,
52421,P,2001-05-28,80286,9,41.44,5.65,,
52422,P,2000-11-20,58680,3,71.43,2.57,,
52423,P,2001-10-03,87274,2,85.57,2.53,,
52424,P,2002-01-04,16060,4,23.57,0.74,,
52425,P,2000-10-01,51457,3,30.53,8.59,,
52426,P,2000-10-25,20203,1,47.28,2.28,,
52427,P,2001-12-01,44224,4,72.84,8.45,,
52428,P,2002-08-15,4711,5,3.83,7.50,,
52429,P,2001-06-02,43198,6,62.21,1.15,,
52430,P,2002-03-28,11286,10,43.43,2.39,,
52431,P,2000-05-26,37049,10,21.37,5.98,,
52432,P,2002-07-11,57171,1,90.42,8.45,,
52433,P,2000-05-29,19799,4,98.55,5.84,,
52434,P,2000-09-25,22037,8,1.35,4.71,,
52435,P,2002-05-19,16198,10,77.85,2.04,,
52436,P,2000-10-25,59303,6,44.24,7.72,,
52437,P,2002-07-22,14741,7,18.60,0.66,,
52438,P,2001-03-29,23575,5,91.50,3.07,,
52439,P,2000-05-15,54436,3,30.33,8.54,,
52440,P,2000-03-05,45587,3,89.69,7.49,,
52441,P,2001-12-10,89564,8,76.78,8.47,,
52442,P,2001-01-29,21161,9,55.98,5.20,,
52443,P,2001-11-08,74454,3,33.38,5.71,,
52444,P,2000-03-09,79400,4,38.19,0.23,,
52445,P,2002-06-03,22846,6,10.01,0.23,,
52446,P,2001-10-03,32752,9,38.08,7.23,,
52447,P,2001-10-27,19149,6,22.26,7.97,,
52448,P,2000-03-31,36594,6,63.68,6.53,,
52449,P,2000-03-09,85526,2,60.86,9.30,,
52450,P,2000-04-02,9569,7,25.21,6.87,,
52451,P,2002-08-08,19288,3,2.25,1.15,,
52452,P,2001-06-18,74105,4,61.22,6.96,,
52453,P,2000-08-17,21900,1,62.00,6.01,,
52454,P,2000-06-16,14072,1,17.33,9.83,,
52455,P,2001-04-07,86732,4,80.40,6.20,,
52456,P,2002-01-07,92187,9,54.84,5.33,,
52457,P,2000-11-17,95993,3,13.93,9.70,,
52458,P,2002-09-22,41146,2,85.28,9.93,,
52459,P,2000-05-09,56836,8,77.93,9.87,,
52460,P,2002-09-16,74543,6,71.66,6.31,,
52461,P,2001-11-08,51529,8,69.08,5.24,,
52462,P,2002-06-11,62800,1,23.23,4.77,,
52463,P,2000-08-25,43088,9,91.91,0.37,,
52464,P,2002-06-18,69408,9,4.99,9.38,,
52465,P,2001-08-25,68476,5,14.39,1.58,,
52466,P,2001-12-09,19722,9,0.35,3.85,,
52467,P,2000-08-25,14568,7,70.14,7.81,,
52468,P,2001-02-20,46748,6,65.49,5.57,,
52469,P,2001-01-28,26152,9,73.29,5.39,,
52470,P,2000-01-23,1798,5,81.70,7.85,,
52471,P,2002-06-15,62212,10,14.90,2.35,,
52472,P,2001-10-07,94554,2,1.63,3.67,,
52473,P,2002-06-10,24477,10,58.30,3.86,,
52474,P,2000-06-10,18516,9,88.72,3.61,,
52475,P,2002-02-15,42095,4,77.88,0.44,,
52476,P,2000-10-16,85207,2,66.69,2.98,,
52477,P,2002-06-05,76394,6,31.95,3.08,,
52478,P,2000-10-13,59045,10,59.79,2.85,,
52479,P,2002-04-26,49239,8,30.66,3.47,,
52480,P,2001-03-19,49554,3,68.12,4.39,,
52481,P,2001-02-20,62699,6,78.44,9.00,,
52482,P,2002-01-29,71443,2,31.37,5.71,,
52483,P,2001-04-17,87962,7,83.10,2.86,,
52484,P,2000-02-16,90005,4,40.01,0.22,,
52485,P,2001-05-20,70149,10,6.19,8.06,,
52486,P,2001-04-08,59425,10,50.73,3.04,,
52487,P,2000-09-26,18355,9,70.15,0.96,,
52488,P,2001-06-02,59289,3,65.23,6.14,,
52489,P,2000-06-01,81823,5,9.44,1.06,,
52490,P,2000-11-13,76007,8,64.46,8.30,,
52491,P,2001-10-28,75724,2,8.85,4.61,,
52492,P,2000-08-24,60101,10,13.77,4.56,,
52493,P,2001-03-26,71677,2,44.24,3.42,,
52494,P,2001-09-10,97694,6,73.66,4.88,,
52495,P,2002-09-09,95736,9,88.10,3.32,,
52496,P,2000-07-04,31670,3,49.35,9.70,,
52497,P,2001-07-24,34878,5,76.09,3.39,,
52498,P,2001-05-16,50973,4,23.08,2.60,,
52499,P,2002-08-12,47250,1,13.40,3.28,,
52500,P,2001-06-25,27569,9,81.47,7.65,,
52501,P,2002-08-28,70157,4,9.56,7.18,,
52502,P,2002-02-13,18017,8,4.78,3.05,,
52503,P,2002-01-20,50470,7,90.71,0.92,,
52504,P,2002-02-10,67934,8,88.15,5.89,,
52505,P,2000-03-11,78124,10,62.80,4.23,,
52506,P,2002-05-28,95257,1,61.84,6.54,,
52507,P,2000-09-27,20641,9,99.73,5.97,,
52508,P,2002-05-08,49274,6,5.74,2.77,,
52509,P,2000-10-27,84200,5,41.15,1.46,,
52510,P,2002-08-16,58567,2,1.49,0.11,,
52511,P,2001-10-17,59038,7,65.87,4.68,,
52512,P,2001-12-11,78832,6,52.32,0.59,,
52513,P,2001-04-18,8792,7,34.04,6.14,,
52514,P,2002-04-06,81855,2,55.89,4.54,,
52515,P,2001-06-28,78772,9,41.53,3.61,,
52516,P,2000-01-16,75659,1,11.15,6.87,,
52517,P,2001-04-19,89942,3,30.09,5.26,,
52518,P,2001-04-08,61183,2,59.11,7.26,,
52519,P,2000-05-31,43492,2,94.24,3.07,,
52520,P,2000-04-04,98071,5,24.86,2.01,,
52521,P,2002-02-23,76524,8,44.93,1.26,,
52522,P,2001-06-15,129,5,81.21,3.91,,
52523,P,2001-12-24,70359,2,30.33,1.74,,
52524,P,2001-11-07,67747,3,99.62,5.23,,
52525,P,2002-03-23,52247,10,33.12,7.84,,
52526,P,2000-03-23,74474,4,84.02,5.17,,
52527,P,2001-03-24,67559,9,67.23,7.22,,
52528,P,2000-09-10,45938,10,50.18,9.50,,
52529,P,2002-09-25,14140,10,20.78,0.56,,
52530,P,2001-07-08,64682,3,28.71,2.38,,
52531,P,2001-02-26,26267,2,5.55,2.50,,
52532,P,2001-01-26,11552,8,23.24,0.44,,
52533,P,2000-01-31,44005,7,5.20,3.95,,
52534,P,2000-08-04,7584,10,33.06,1.54,,
52535,P,2002-06-16,99092,2,94.62,0.88,,
52536,P,2002-07-13,30897,10,73.89,2.28,,
52537,P,2001-11-11,1117,2,11.19,2.03,,
52538,P,2000-04-11,72627,7,74.55,3.66,,
52539,P,2001-03-26,84490,8,40.10,5.86,,
52540,P,2001-08-14,94598,4,14.11,6.63,,
52541,P,2000-05-08,18168,7,99.79,6.14,,
52542,P,2000-05-01,11785,8,35.78,7.81,,
52543,P,2000-08-30,85907,8,1.42,5.22,,
52544,P,2000-02-04,46308,10,37.71,2.44,,
52545,P,2000-08-07,72045,10,91.39,3.21,,
52546,P,2002-08-06,53041,2,80.62,6.58,,
52547,P,2001-09-06,29508,10,58.20,8.70,,
52548,P,2001-11-01,98579,3,87.55,7.29,,
52549,P,2001-08-30,67366,7,71.48,2.65,,
52550,P,2000-09-12,3501,4,17.51,3.61,,
52551,P,2001-04-15,70046,5,89.16,4.37,,
52552,P,2001-08-13,10723,7,48.97,5.58,,
52553,P,2002-09-13,58140,8,70.99,8.72,,
52554,P,2000-11-08,67444,6,94.73,1.89,,
52555,P,2001-05-25,36001,5,67.97,4.37,,
52556,P,2002-01-03,33804,6,66.01,4.27,,
52557,P,2000-04-09,2970,10,72.04,9.17,,
52558,P,2000-10-12,27034,3,32.58,9.81,,
52559,P,2001-02-20,8432,9,92.20,4.04,,
52560,P,2001-04-13,3009,10,39.38,9.42,,
52561,P,2002-05-14,91533,6,61.61,6.18,,
52562,P,2001-10-21,9909,1,20.71,6.30,,
52563,P,2000-06-17,92554,9,73.12,0.01,,
52564,P,2001-06-11,2808,3,82.87,8.12,,
52565,P,2001-10-18,5913,10,41.64,2.92,,
52566,P,2000-12-07,51325,1,37.39,4.44,,
52567,P,2001-08-16,71345,2,81.62,7.90,,
52568,P,2000-10-18,19762,4,99.94,7.88,,
52569,P,2001-11-21,30032,1,8.24,2.80,,
52570,P,2000-12-06,91930,5,1.03,6.19,,
52571,P,2000-10-04,52080,4,60.00,4.21,,
52572,P,2002-06-13,3567,4,98.40,0.04,,
52573,P,2002-06-16,41417,10,49.79,2.33,,
52574,P,2001-11-19,31665,4,97.35,5.86,,
52575,P,2000-10-07,89654,4,12.83,5.43,,
52576,P,2002-02-05,56284,1,79.61,8.33,,
52577,P,2001-12-03,90447,4,67.74,3.45,,
52578,P,2001-04-17,36383,7,37.42,9.59,,
52579,P,2001-12-18,30379,6,25.04,1.72,,
52580,P,2002-05-01,53626,4,46.02,2.96,,
52581,P,2002-07-17,14425,3,28.45,3.68,,
52582,P,2000-12-16,41630,9,92.71,2.90,,
52583,P,2001-08-15,54953,5,68.66,4.60,,
52584,P,2001-11-07,66634,7,46.67,3.49,,
52585,P,2002-05-22,13383,10,0.18,2.58,,
52586,P,2002-06-29,11337,3,35.73,7.75,,
52587,P,2000-08-26,56843,6,37.79,7.80,,
52588,P,2000-03-30,95363,3,87.48,3.27,,
52589,P,2001-04-21,48664,5,67.41,4.16,,
52590,P,2000-10-17,23052,7,42.17,1.76,,
52591,P,2001-12-20,1440,5,49.08,1.46,,
52592,P,2000-01-27,63172,5,60.55,5.70,,
52593,P,2002-08-08,17920,1,7.27,8.88,,
52594,P,2001-04-01,79306,2,56.41,5.84,,
52595,P,2002-02-25,16781,3,32.46,5.45,,
52596,P,2002-02-22,46910,4,82.02,2.95,,
52597,P,2001-11-13,66233,8,97.15,7.17,,
52598,P,2002-09-08,10010,5,99.63,3.08,,
52599,P,2001-09-17,79818,9,94.25,1.24,,
52600,P,2001-10-05,43446,7,80.29,1.22,,
52601,P,2002-03-02,34266,4,56.72,0.15,,
52602,P,2002-02-08,29362,10,99.42,9.55,,
52603,P,2001-10-28,21774,2,53.69,8.19,,
52604,P,2000-08-13,66982,7,79.93,7.29,,
52605,P,2000-03-24,79259,4,70.20,8.20,,
52606,P,2000-03-04,52240,10,83.36,9.18,,
52607,P,2002-01-15,40223,8,49.16,5.72,,
52608,P,2000-08-29,47118,7,84.29,9.58,,
52609,P,2000-03-30,79893,10,7.46,0.97,,
52610,P,2000-05-27,38667,4,94.50,6.20,,
52611,P,2000-11-24,76840,8,60.52,9.67,,
52612,P,2002-06-24,79544,1,40.46,9.72,,
52613,P,2001-12-20,99776,1,56.48,1.59,,
52614,P,2001-04-14,32039,7,4.66,1.14,,
52615,P,2000-08-04,62507,6,82.37,9.27,,
52616,P,2001-12-09,75455,10,33.86,8.06,,
52617,P,2000-08-05,7834,4,79.78,1.92,,
52618,P,2001-11-22,54026,9,9.86,6.58,,
52619,P,2000-12-04,25792,10,15.53,4.92,,
52620,P,2002-09-04,67460,3,52.31,5.82,,
52621,P,2001-04-23,51373,1,25.24,0.20,,
52622,P,2000-12-03,86947,7,65.82,7.54,,
52623,P,2002-02-12,35385,4,92.91,8.49,,
52624,P,2002-08-25,5908,10,73.34,7.86,,
52625,P,2001-08-09,82786,1,54.33,6.41,,
52626,P,2002-06-23,41921,8,40.03,8.92,,
52627,P,2002-07-11,70147,7,94.79,2.66,,
52628,P,2001-05-13,44937,3,12.05,1.54,,
52629,P,2002-02-10,63096,7,11.37,9.80,,
52630,P,2002-06-12,80648,3,15.58,7.00,,
52631,P,2001-12-10,87527,4,56.28,0.30,,
52632,P,2002-02-06,24075,4,11.21,2.90,,
52633,P,2002-05-08,7889,1,90.96,2.84,,
52634,P,2002-05-07,43847,4,76.47,0.01,,
52635,P,2001-09-06,83287,7,34.83,6.89,,
52636,P,2001-10-15,3272,7,76.24,9.28,,
52637,P,2001-05-08,74620,1,58.12,2.10,,
52638,P,2000-04-11,53873,10,7.33,9.79,,
52639,P,2002-07-16,6110,8,80.90,6.54,,
52640,P,2001-08-10,78437,10,44.69,9.35,,
52641,P,2000-10-28,76612,8,11.38,7.35,,
52642,P,2001-10-11,43840,9,8.04,6.72,,
52643,P,2001-08-22,96566,10,18.62,4.03,,
52644,P,2000-03-10,41208,10,37.88,9.88,,
52645,P,2000-07-06,78528,10,62.06,4.06,,
52646,P,2000-12-27,75030,6,1.54,4.98,,
52647,P,2002-09-08,34502,2,44.97,2.08,,
52648,P,2001-03-18,12418,7,64.24,8.87,,
52649,P,2002-07-01,94855,7,37.36,4.30,,
52650,P,2002-07-10,75335,10,55.08,1.59,,
52651,P,2000-02-17,54122,5,62.67,4.43,,
52652,P,2002-06-21,937,2,39.11,6.72,,
52653,P,2002-04-08,35812,10,37.25,1.05,,
52654,P,2001-02-24,3288,9,93.59,9.33,,
52655,P,2000-03-14,45346,10,54.57,4.43,,
52656,P,2000-06-26,41979,10,95.35,8.99,,
52657,P,2000-07-29,79384,2,10.94,9.01,,
52658,P,2001-01-03,94415,6,32.04,3.02,,
52659,P,2002-07-29,68117,3,11.40,3.36,,
52660,P,2002-03-03,49246,1,55.52,9.03,,
52661,P,2002-04-18,26476,9,77.33,2.29,,
52662,P,2002-09-18,40087,7,59.25,6.69,,
52663,P,2002-04-28,19667,3,2.38,4.05,,
52664,P,2001-07-15,21948,3,70.98,5.66,,
52665,P,2002-03-21,8016,10,68.91,6.88,,
52666,P,2000-06-11,88160,5,51.38,4.44,,
52667,P,2000-01-12,34734,2,72.05,2.86,,
52668,P,2002-03-07,99707,2,27.72,3.41,,
52669,P,2001-09-28,73721,4,67.75,1.63,,
52670,P,2000-07-22,51473,10,49.83,4.04,,
52671,P,2000-05-02,30740,1,4.59,8.75,,
52672,P,2000-07-30,54024,8,77.40,9.54,,
52673,P,2001-06-25,8783,10,14.47,1.10,,
52674,P,2000-11-25,76957,3,31.01,0.93,,
52675,P,2001-01-22,85766,2,44.40,2.29,,
52676,P,2000-01-21,20129,5,78.25,1.57,,
52677,P,2000-06-20,80274,1,55.11,0.49,,
52678,P,2000-11-25,21869,7,21.09,7.46,,
52679,P,2001-01-17,23301,6,72.40,6.93,,
52680,P,2000-03-14,39232,2,82.42,1.28,,
52681,P,2000-06-25,60722,6,22.72,5.71,,
52682,P,2000-06-27,77450,9,15.20,3.69,,
52683,P,2000-03-13,61913,8,39.67,8.49,,
52684,P,2002-09-16,6701,5,83.61,9.05,,
52685,P,2001-10-20,7571,8,73.53,8.82,,
52686,P,2000-01-02,9748,6,78.99,3.30,,
52687,P,2002-06-21,76070,9,65.15,8.19,,
52688,P,2001-08-13,69354,1,99.89,8.13,,
52689,P,2002-09-19,58933,3,56.85,3.92,,
52690,P,2002-01-05,75381,6,85.35,4.93,,
52691,P,2001-04-13,49564,9,76.50,6.96,,
52692,P,2000-01-03,80353,2,51.24,1.05,,
52693,P,2001-08-23,25993,4,35.27,3.31,,
52694,P,2001-08-22,24373,10,61.71,3.11,,
52695,P,2001-12-30,52911,1,4.09,8.83,,
52696,P,2001-04-05,84082,2,76.46,8.44,,
52697,P,2001-11-13,11823,1,17.16,0.76,,
52698,P,2001-04-25,11385,9,12.53,5.93,,
52699,P,2000-05-15,29259,3,74.60,3.29,,
52700,P,2002-09-23,47675,5,31.00,5.50,,
52701,P,2000-01-30,10753,3,67.85,9.83,,
52702,P,2000-06-26,21449,2,69.67,5.23,,
52703,P,2001-01-24,54504,7,77.43,6.74,,
52704,P,2001-06-21,41928,1,19.39,3.47,,
52705,P,2000-07-07,20808,4,18.32,7.16,,
52706,P,2001-03-21,23885,3,5.88,0.18,,
52707,P,2000-07-21,31488,2,88.09,4.91,,
52708,P,2002-02-26,58609,10,91.47,5.26,,
52709,P,2000-10-31,64430,10,8.59,8.63,,
52710,P,2000-03-30,66735,6,81.93,1.50,,
52711,P,2000-08-29,83866,5,39.34,3.47,,
52712,P,2000-12-23,24736,9,38.51,2.06,,
52713,P,2000-06-09,54457,5,94.07,3.33,,
52714,P,2000-08-01,97859,4,65.20,5.02,,
52715,P,2000-07-21,97930,5,26.83,5.79,,
52716,P,2000-03-04,61722,3,86.85,2.79,,
52717,P,2000-11-12,62042,8,15.87,3.98,,
52718,P,2001-02-27,95178,1,45.26,6.07,,
52719,P,2000-11-24,57794,9,88.19,4.13,,
52720,P,2002-04-01,68115,7,27.14,9.00,,
52721,P,2000-07-18,47740,3,20.81,1.29,,
52722,P,2000-07-14,65599,4,68.03,1.60,,
52723,P,2002-06-24,90140,5,1.95,5.77,,
52724,P,2002-07-11,95255,3,24.58,5.71,,
52725,P,2000-03-16,82046,2,77.11,9.76,,
52726,P,2001-10-05,77847,7,76.05,7.87,,
52727,P,2001-05-04,38846,7,92.57,2.69,,
52728,P,2001-08-16,19389,4,95.20,3.18,,
52729,P,2001-07-08,55963,6,66.96,4.54,,
52730,P,2001-10-26,43560,7,90.84,5.22,,
52731,P,2001-09-20,9143,9,9.02,1.59,,
52732,P,2002-08-02,40404,2,2.71,6.64,,
52733,P,2002-03-06,46323,8,93.31,6.33,,
52734,P,2000-01-23,73020,5,15.23,8.37,,
52735,P,2001-12-10,76511,9,60.55,3.50,,
52736,P,2001-04-30,30900,1,77.49,6.54,,
52737,P,2000-02-23,39370,3,38.24,0.99,,
52738,P,2000-10-08,61346,8,21.63,4.53,,
52739,P,2002-09-19,59091,7,91.65,1.65,,
52740,P,2001-08-02,2824,7,89.34,7.02,,
52741,P,2001-01-07,65077,4,10.22,4.58,,
52742,P,2002-06-21,17183,7,51.03,1.45,,
52743,P,2002-09-12,17450,4,73.86,3.39,,
52744,P,2000-10-23,71136,3,93.10,1.77,,
52745,P,2000-04-11,28820,2,81.89,1.74,,
52746,P,2002-07-14,65410,9,66.74,8.24,,
52747,P,2002-08-26,27582,10,85.04,5.37,,
52748,P,2002-06-05,2327,8,58.56,5.96,,
52749,P,2001-08-29,71717,9,99.66,7.26,,
52750,P,2001-08-23,87136,1,28.63,8.59,,
52751,P,2001-04-05,99795,1,46.01,9.93,,
52752,P,2002-09-13,98179,8,24.90,2.99,,
52753,P,2000-01-06,52692,6,84.66,2.38,,
52754,P,2000-10-15,47389,2,80.77,1.87,,
52755,P,2000-01-30,49207,1,71.90,7.85,,
52756,P,2001-10-31,60845,3,27.35,0.04,,
52757,P,2000-12-08,3034,8,58.11,6.23,,
52758,P,2002-04-01,6277,7,61.57,9.24,,
52759,P,2000-04-29,28599,10,76.77,8.33,,
52760,P,2000-04-07,50001,9,65.21,1.20,,
52761,P,2000-02-16,13228,6,93.04,1.81,,
52762,P,2000-07-29,62897,5,94.32,9.24,,
52763,P,2000-04-25,27779,8,42.64,5.28,,
52764,P,2001-12-17,92160,3,6.30,0.50,,
52765,P,2000-03-04,39504,8,72.40,0.19,,
52766,P,2002-05-01,59713,9,81.28,4.22,,
52767,P,2000-08-21,54207,7,79.81,4.99,,
52768,P,2001-10-20,60126,9,60.86,1.05,,
52769,P,2001-10-04,32119,6,63.00,9.74,,
52770,P,2000-08-12,50011,2,22.39,9.20,,
52771,P,2001-07-24,24053,9,39.02,3.91,,
52772,P,2000-12-09,80709,1,80.14,6.37,,
52773,P,2001-02-06,96908,3,77.04,0.76,,
52774,P,2001-12-09,31832,8,85.94,4.80,,
52775,P,2002-01-17,75006,8,58.85,7.91,,
52776,P,2000-05-05,3082,6,63.12,9.57,,
52777,P,2001-12-25,19328,7,69.66,0.19,,
52778,P,2000-01-03,6746,1,81.29,3.84,,
52779,P,2002-07-26,76118,6,44.80,7.39,,
52780,P,2000-01-10,51166,3,92.49,9.48,,
52781,P,2000-05-24,27449,8,8.07,7.17,,
52782,P,2001-05-24,17498,10,5.51,4.66,,
52783,P,2001-07-26,32910,7,61.98,2.14,,
52784,P,2000-12-22,51639,2,31.41,4.28,,
52785,P,2002-04-03,40247,2,20.69,4.52,,
52786,P,2002-06-27,79350,3,97.69,5.11,,
52787,P,2002-04-24,62036,4,73.97,2.00,,
52788,P,2000-07-11,72447,4,63.23,0.54,,
52789,P,2002-07-25,56466,9,89.66,3.44,,
52790,P,2002-02-11,18174,10,55.73,0.62,,
52791,P,2002-02-18,14549,6,79.17,1.66,,
52792,P,2001-08-18,99772,5,45.74,3.19,,
52793,P,2001-07-21,25315,9,63.99,4.10,,
52794,P,2002-01-27,67725,7,67.29,6.61,,
52795,P,2001-10-26,74330,7,66.60,2.41,,
52796,P,2001-07-27,34302,7,10.71,0.47,,
52797,P,2000-12-02,20267,2,33.17,0.50,,
52798,P,2001-11-08,46140,6,70.06,4.65,,
52799,P,2001-05-23,58876,7,57.05,1.38,,
52800,P,2000-01-03,73048,1,40.58,5.58,,
52801,P,2000-08-17,75189,9,86.07,6.03,,
52802,P,2000-08-20,57083,7,87.89,6.81,,
52803,P,2000-11-23,56087,6,33.78,9.11,,
52804,P,2002-06-06,52306,2,90.18,8.51,,
52805,P,2000-01-27,13056,6,47.27,4.73,,
52806,P,2001-11-28,92815,1,19.14,3.22,,
52807,P,2001-09-03,29436,9,80.61,6.37,,
52808,P,2001-10-27,21085,2,59.23,0.90,,
52809,P,2001-12-15,61254,5,8.39,5.83,,
52810,P,2000-04-19,10486,9,43.39,4.93,,
52811,P,2000-05-22,36863,8,85.57,1.33,,
52812,P,2000-04-18,87363,1,70.28,4.65,,
52813,P,2000-10-23,76678,7,73.26,0.87,,
52814,P,2001-05-12,9685,5,39.01,5.23,,
52815,P,2002-01-11,66911,7,56.30,6.92,,
52816,P,2001-01-30,44467,6,85.85,9.83,,
52817,P,2000-08-30,99756,5,79.96,1.20,,
52818,P,2002-06-27,34080,7,4.45,8.25,,
52819,P,2002-04-01,99512,5,66.17,7.23,,
52820,P,2000-12-20,3753,9,44.95,5.78,,
52821,P,2000-08-17,94713,1,36.66,9.34,,
52822,P,2000-08-19,2590,7,52.14,5.96,,
52823,P,2000-07-27,78401,2,90.39,2.51,,
52824,P,2001-06-30,87932,5,95.08,2.23,,
52825,P,2000-12-18,96365,2,78.49,1.53,,
52826,P,2002-04-17,59755,3,66.42,8.90,,
52827,P,2001-08-06,49010,5,54.55,1.96,,
52828,P,2002-01-13,60740,6,40.06,5.38,,
52829,P,2000-09-11,55065,10,27.01,8.96,,
52830,P,2000-07-30,92777,9,88.95,5.91,,
52831,P,2001-11-01,10573,8,9.72,7.81,,
52832,P,2001-12-10,47282,5,17.19,9.38,,
52833,P,2000-04-15,26545,10,98.28,9.41,,
52834,P,2000-03-31,48445,1,58.60,9.87,,
52835,P,2000-10-01,36947,5,8.64,6.25,,
52836,P,2000-11-10,66538,5,20.42,2.81,,
52837,P,2000-02-12,46054,7,61.49,3.88,,
52838,P,2001-10-28,63637,4,83.50,7.49,,
52839,P,2000-08-31,46707,7,53.88,6.63,,
52840,P,2000-09-20,43761,5,85.05,0.01,,
52841,P,2000-12-11,61231,5,33.77,4.69,,
52842,P,2000-04-14,64902,4,46.89,0.07,,
52843,P,2000-12-17,82162,8,24.66,0.94,,
52844,P,2000-08-22,9325,9,39.57,2.27,,
52845,P,2001-11-13,62490,4,43.87,6.87,,
52846,P,2002-02-24,20442,3,21.08,4.13,,
52847,P,2001-10-31,8523,10,15.48,8.56,,
52848,P,2002-08-04,95448,5,2.95,2.27,,
52849,P,2002-02-22,55989,9,27.57,7.84,,
52850,P,2002-09-01,77509,5,47.29,9.15,,
52851,P,2000-05-17,45823,5,77.63,3.64,,
52852,P,2002-04-17,54704,8,61.68,8.22,,
52853,P,2001-02-06,71731,7,0.98,9.06,,
52854,P,2000-06-30,76871,10,68.38,0.95,,
52855,P,2000-05-16,47144,5,46.77,4.34,,
52856,P,2001-07-23,40378,2,58.59,9.66,,
52857,P,2000-10-25,86631,1,60.96,0.50,,
52858,P,2001-09-30,88743,5,97.00,2.89,,
52859,P,2001-10-14,87278,1,3.84,9.85,,
52860,P,2001-09-18,76870,9,92.85,2.41,,
52861,P,2001-01-29,3004,5,46.45,2.10,,
52862,P,2000-01-05,75640,9,48.46,0.71,,
52863,P,2000-01-09,71318,1,36.99,7.71,,
52864,P,2002-02-01,62836,3,98.72,5.17,,
52865,P,2002-04-09,98591,6,28.75,9.47,,
52866,P,2002-06-02,25581,9,83.79,0.27,,
52867,P,2002-03-24,20048,2,52.56,9.05,,
52868,P,2000-01-02,50175,7,28.93,1.93,,
52869,P,2001-03-01,65193,3,82.06,0.25,,
52870,P,2002-02-16,64119,7,78.37,2.76,,
52871,P,2002-09-04,5489,1,48.07,5.87,,
52872,P,2001-02-05,17176,1,45.28,8.42,,
52873,P,2001-09-09,5204,10,58.10,8.36,,
52874,P,2000-08-12,63510,5,37.60,1.88,,
52875,P,2000-04-20,98543,9,30.30,9.21,,
52876,P,2000-04-02,57197,9,93.97,3.32,,
52877,P,2001-07-13,50692,1,81.07,7.91,,
52878,P,2000-01-08,32952,1,95.32,5.51,,
52879,P,2001-07-13,18659,8,90.11,4.34,,
52880,P,2000-04-05,17065,2,29.77,8.85,,
52881,P,2001-02-02,37039,5,35.93,8.41,,
52882,P,2002-03-01,99734,8,19.71,9.89,,
52883,P,2001-06-13,55899,6,97.73,7.40,,
52884,P,2000-02-09,81032,10,54.41,9.77,,
52885,P,2002-05-04,51235,8,11.64,3.74,,
52886,P,2002-03-02,83430,3,66.44,6.06,,
52887,P,2001-10-06,54399,7,44.17,4.73,,
52888,P,2000-01-27,9392,9,85.19,2.41,,
52889,P,2001-09-29,10747,5,56.94,9.31,,
52890,P,2000-06-29,75467,3,97.84,6.73,,
52891,P,2001-01-30,62413,5,18.81,3.44,,
52892,P,2000-09-20,48949,4,39.02,8.98,,
52893,P,2000-10-02,72827,4,1.68,3.84,,
52894,P,2002-04-07,71482,3,70.60,1.78,,
52895,P,2000-05-21,84450,3,34.41,3.66,,
52896,P,2000-10-09,27643,6,56.14,6.62,,
52897,P,2001-05-31,33095,6,50.82,0.43,,
52898,P,2002-05-05,53422,5,9.10,7.17,,
52899,P,2000-02-07,88757,4,38.13,9.27,,
52900,P,2002-06-14,63105,9,90.97,2.91,,
52901,P,2001-10-07,42916,1,14.17,8.82,,
52902,P,2000-01-24,7303,3,69.98,0.51,,
52903,P,2001-05-15,59097,6,31.18,5.46,,
52904,P,2000-07-11,24867,6,48.30,6.90,,
52905,P,2001-06-03,51877,5,16.23,2.53,,
52906,P,2000-09-27,82665,7,16.69,4.66,,
52907,P,2000-08-06,3141,3,58.80,2.80,,
52908,P,2000-05-22,97090,5,35.56,1.39,,
52909,P,2001-11-07,25075,5,70.46,6.63,,
52910,P,2001-04-29,48642,2,91.47,1.22,,
52911,P,2000-01-23,88941,6,61.91,1.22,,
52912,P,2000-05-09,51103,7,52.17,6.00,,
52913,P,2000-12-02,38072,5,8.40,7.71,,
52914,P,2001-06-10,48046,6,75.60,7.68,,
52915,P,2000-12-02,85805,6,81.84,6.52,,
52916,P,2002-07-21,97079,7,98.66,8.93,,
52917,P,2001-11-09,51281,9,2.15,3.82,,
52918,P,2001-11-30,96674,3,3.02,8.74,,
52919,P,2002-01-15,32868,7,7.95,3.40,,
52920,P,2002-07-26,66752,2,39.77,6.06,,
52921,P,2002-09-04,18151,6,42.72,9.33,,
52922,P,2001-11-16,97216,10,10.83,2.29,,
52923,P,2000-11-12,45821,5,33.87,1.44,,
52924,P,2001-06-12,63438,7,5.32,3.85,,
52925,P,2002-07-20,30898,10,20.50,0.55,,
52926,P,2000-12-30,7783,6,50.14,4.45,,
52927,P,2002-03-17,51402,1,49.79,8.12,,
52928,P,2000-08-09,56268,8,14.62,7.60,,
52929,P,2002-09-22,92221,8,39.73,5.82,,
52930,P,2000-09-08,51692,2,50.70,9.30,,
52931,P,2002-04-10,90477,1,57.16,7.72,,
52932,P,2001-12-23,8574,6,99.32,6.68,,
52933,P,2002-03-26,29428,4,48.45,0.54,,
52934,P,2001-08-05,39147,6,34.42,9.44,,
52935,P,2000-05-31,15684,10,37.04,2.63,,
52936,P,2001-03-05,73509,10,37.17,2.08,,
52937,P,2000-03-25,5150,7,96.95,9.66,,
52938,P,2001-04-06,4012,4,44.52,4.18,,
52939,P,2001-01-22,26996,3,50.98,0.10,,
52940,P,2000-04-10,8596,3,80.47,8.17,,
52941,P,2001-02-22,94217,2,48.14,6.21,,
52942,P,2001-11-06,19560,5,32.94,2.68,,
52943,P,2000-08-31,76880,4,5.28,1.78,,
52944,P,2001-03-30,74323,4,36.22,1.18,,
52945,P,2002-01-17,13680,3,85.02,9.01,,
52946,P,2001-09-28,53064,8,32.81,3.40,,
52947,P,2001-02-02,17565,4,33.01,7.29,,
52948,P,2000-06-12,4472,9,21.26,9.42,,
52949,P,2001-12-05,16875,9,39.82,1.82,,
52950,P,2000-05-14,34053,2,40.33,5.23,,
52951,P,2000-03-28,3083,7,23.80,7.55,,
52952,P,2001-12-10,97340,10,53.48,1.66,,
52953,P,2001-09-10,92567,9,23.70,5.74,,
52954,P,2002-04-19,47757,4,92.73,7.34,,
52955,P,2001-06-13,71083,10,25.24,3.98,,
52956,P,2002-04-02,64864,1,34.53,5.77,,
52957,P,2000-10-21,86926,9,53.70,4.45,,
52958,P,2002-04-03,20447,1,50.93,4.58,,
52959,P,2000-07-03,29586,4,19.15,9.60,,
52960,P,2002-08-15,25456,3,27.16,0.21,,
52961,P,2001-03-27,96697,7,39.86,7.04,,
52962,P,2000-10-24,52022,5,33.35,4.80,,
52963,P,2000-11-01,45484,9,53.28,1.88,,
52964,P,2000-09-13,36019,1,22.09,3.81,,
52965,P,2002-02-19,31208,9,52.91,1.40,,
52966,P,2002-07-12,56036,10,33.40,0.78,,
52967,P,2000-03-26,36747,6,46.01,7.55,,
52968,P,2000-01-22,51950,7,27.20,5.46,,
52969,P,2000-04-06,19347,8,95.29,0.23,,
52970,P,2000-02-26,12337,5,37.33,3.53,,
52971,P,2001-01-14,20336,9,31.62,1.35,,
52972,P,2000-06-27,84147,10,41.84,7.04,,
52973,P,2001-08-07,7092,8,70.63,2.63,,
52974,P,2000-11-09,97085,2,46.02,7.80,,
52975,P,2000-04-29,45341,1,75.04,4.59,,
52976,P,2002-05-22,68451,10,76.01,1.45,,
52977,P,2001-12-17,8816,8,15.91,6.33,,
52978,P,2001-05-31,54226,9,87.56,9.12,,
52979,P,2002-09-23,36434,4,24.60,3.94,,
52980,P,2001-01-08,21958,5,19.12,3.22,,
52981,P,2001-01-30,6926,4,70.03,8.60,,
52982,P,2000-02-17,14283,4,70.29,1.21,,
52983,P,2002-06-20,43319,10,39.87,8.07,,
52984,P,2000-03-28,19878,10,38.46,4.49,,
52985,P,2000-07-08,98682,3,29.67,4.93,,
52986,P,2001-04-24,7363,10,36.82,2.63,,
52987,P,2000-06-19,68545,6,4.70,1.39,,
52988,P,2002-01-24,42628,1,81.81,5.67,,
52989,P,2001-02-28,17582,4,13.92,5.55,,
52990,P,2002-01-28,72789,1,0.76,8.51,,
52991,P,2000-07-04,68713,4,93.72,1.04,,
52992,P,2001-12-03,59030,7,76.55,8.72,,
52993,P,2001-10-11,75685,5,0.36,3.33,,
52994,P,2002-05-05,53206,7,90.76,2.77,,
52995,P,2000-04-13,45310,5,84.00,6.58,,
52996,P,2001-10-01,12458,3,35.18,2.99,,
52997,P,2002-03-26,73282,4,18.06,9.05,,
52998,P,2001-08-19,86386,6,14.19,3.42,,
52999,P,2001-05-12,57275,5,16.56,6.68,,
53000,P,2000-07-07,39027,10,4.41,9.26,,
53001,P,2002-07-15,86287,7,93.34,8.48,,
53002,P,2000-11-15,50103,7,33.75,1.78,,
53003,P,2000-10-21,29747,4,65.47,9.03,,
53004,P,2001-07-01,52032,9,0.39,0.19,,
53005,P,2002-01-08,17683,3,95.75,9.39,,
53006,P,2001-05-06,33280,7,18.45,5.25,,
53007,P,2000-02-05,81216,10,53.09,4.11,,
53008,P,2000-08-03,99336,7,47.34,2.08,,
53009,P,2002-07-01,40318,4,0.16,7.12,,
53010,P,2002-07-13,10103,7,58.23,0.87,,
53011,P,2002-02-01,25060,6,65.87,0.42,,
53012,P,2001-01-06,97767,3,4.51,0.27,,
53013,P,2001-02-28,2923,4,55.20,4.88,,
53014,P,2002-04-26,8719,4,82.56,5.61,,
53015,P,2000-05-21,38528,9,31.72,3.40,,
53016,P,2000-03-22,73308,7,50.02,6.16,,
53017,P,2000-04-09,1134,10,38.29,6.43,,
53018,P,2000-05-25,40861,6,54.55,7.52,,
53019,P,2000-12-09,17681,8,49.44,5.69,,
53020,P,2001-03-10,56640,10,78.92,3.56,,
53021,P,2000-09-01,49119,6,8.69,3.00,,
53022,P,2001-09-15,58212,2,39.52,0.16,,
53023,P,2002-04-20,75405,8,93.43,6.31,,
53024,P,2000-04-19,28382,5,89.92,8.74,,
53025,P,2001-08-11,52390,5,10.66,6.76,,
53026,P,2000-01-16,16482,4,97.77,5.36,,
53027,P,2002-01-21,22798,9,8.70,9.33,,
53028,P,2002-09-07,1777,6,6.51,2.15,,
53029,P,2000-06-16,37348,3,4.02,9.59,,
53030,P,2001-08-12,7363,6,1.52,0.76,,
53031,P,2001-09-15,24439,3,46.73,5.48,,
53032,P,2000-07-22,45910,9,68.07,6.61,,
53033,P,2001-01-06,19555,2,55.55,5.23,,
53034,P,2001-03-22,99790,3,74.48,1.23,,
53035,P,2002-03-31,63683,7,57.47,2.55,,
53036,P,2000-07-08,2146,3,6.21,4.26,,
53037,P,2000-02-22,16905,1,39.45,3.73,,
53038,P,2000-10-26,23915,8,63.21,6.37,,
53039,P,2002-07-12,75885,6,20.20,1.58,,
53040,P,2001-09-18,52228,9,67.49,8.28,,
53041,P,2002-04-08,26947,3,94.70,4.51,,
53042,P,2001-07-28,34692,4,68.71,7.56,,
53043,P,2001-08-30,21885,1,20.06,8.51,,
53044,P,2000-11-13,52302,5,20.96,9.55,,
53045,P,2000-07-04,6070,2,61.08,3.58,,
53046,P,2001-10-02,62581,2,92.46,3.75,,
53047,P,2001-05-16,80454,10,8.77,7.85,,
53048,P,2002-06-06,68099,3,38.29,7.12,,
53049,P,2000-05-06,43923,4,38.07,4.54,,
53050,P,2000-06-23,56421,9,13.65,8.12,,
53051,P,2000-10-05,86500,10,34.39,6.29,,
53052,P,2001-04-05,26452,9,15.20,4.26,,
53053,P,2000-12-28,58283,2,89.62,2.03,,
53054,P,2001-04-23,96270,6,20.00,2.81,,
53055,P,2001-02-22,7109,6,11.08,8.44,,
53056,P,2000-02-05,83343,6,92.94,2.57,,
53057,P,2002-07-05,75337,3,77.93,5.09,,
53058,P,2002-03-16,64417,6,77.82,7.78,,
53059,P,2000-04-22,87419,3,33.24,2.94,,
53060,P,2000-08-24,27920,10,59.91,8.68,,
53061,P,2001-02-04,23431,4,30.78,7.30,,
53062,P,2001-05-21,57363,7,97.73,5.08,,
53063,P,2001-12-07,75572,2,53.31,5.52,,
53064,P,2000-08-08,53470,8,64.01,8.56,,
53065,P,2001-12-12,93856,6,20.49,0.08,,
53066,P,2000-03-19,89980,2,61.49,2.70,,
53067,P,2000-12-06,36021,10,73.57,0.41,,
53068,P,2000-06-30,5421,6,53.01,2.25,,
53069,P,2002-07-29,92398,4,14.01,9.07,,
53070,P,2002-08-25,26479,8,32.84,4.80,,
53071,P,2002-05-12,50750,10,73.51,8.91,,
53072,P,2002-08-07,86881,2,63.99,5.87,,
53073,P,2000-09-23,39567,1,32.57,3.70,,
53074,P,2001-06-20,73093,5,3.54,7.78,,
53075,P,2001-12-09,30946,4,32.91,7.11,,
53076,P,2001-08-14,57851,8,95.24,2.76,,
53077,P,2001-09-15,96458,8,79.47,3.36,,
53078,P,2002-02-17,58081,5,17.69,1.00,,
53079,P,2000-03-26,18140,3,52.03,3.72,,
53080,P,2000-08-08,22056,3,2.16,9.40,,
53081,P,2002-01-23,94228,10,25.83,3.74,,
53082,P,2000-06-01,79988,1,15.99,0.36,,
53083,P,2000-10-22,95675,8,69.46,8.89,,
53084,P,2001-03-15,91749,10,69.97,9.11,,
53085,P,2000-02-20,26156,8,27.40,5.82,,
53086,P,2002-04-27,33734,9,7.31,3.51,,
53087,P,2001-06-10,20361,6,42.78,9.42,,
53088,P,2001-02-23,79777,4,33.10,3.04,,
53089,P,2001-09-27,9,5,46.97,5.70,,
53090,P,2001-03-19,5751,3,55.40,8.16,,
53091,P,2000-04-12,90655,4,20.94,2.98,,
53092,P,2000-02-26,67844,10,27.30,1.87,,
53093,P,2002-02-20,12433,2,73.05,3.59,,
53094,P,2000-01-27,34633,1,53.98,5.72,,
53095,P,2001-07-09,17057,1,53.79,9.74,,
53096,P,2001-10-11,87926,10,54.68,7.54,,
53097,P,2001-11-29,772,2,73.77,1.03,,
53098,P,2001-05-06,3118,5,0.55,8.50,,
53099,P,2000-01-07,94751,4,16.51,0.50,,
53100,P,2001-08-29,41835,10,3.72,4.56,,
53101,P,2000-10-23,97212,9,70.21,8.97,,
53102,P,2002-05-21,11584,2,97.42,6.30,,
53103,P,2000-01-29,10084,9,37.08,7.22,,
53104,P,2000-04-04,12180,4,38.96,9.68,,
53105,P,2001-07-16,82744,5,12.98,3.56,,
53106,P,2000-07-09,32650,10,20.32,5.26,,
53107,P,2002-08-09,77016,2,23.80,9.85,,
53108,P,2000-11-01,62283,6,95.02,9.60,,
53109,P,2002-08-11,56673,6,18.02,6.56,,
53110,P,2000-03-28,87810,5,89.81,5.41,,
53111,P,2000-06-18,76906,6,98.73,0.47,,
53112,P,2000-12-19,70753,6,44.84,4.28,,
53113,P,2001-06-01,61252,9,68.86,5.05,,
53114,P,2001-12-24,16882,7,80.85,5.38,,
53115,P,2001-05-17,5918,6,68.22,0.80,,
53116,P,2002-08-30,99636,2,4.29,4.18,,
53117,P,2001-07-12,99242,10,37.84,1.56,,
53118,P,2002-03-20,39482,7,79.30,9.99,,
53119,P,2000-02-12,94020,3,0.88,4.73,,
53120,P,2002-04-02,68797,9,12.19,9.96,,
53121,P,2000-03-24,69272,5,39.52,7.54,,
53122,P,2001-08-18,74604,5,84.33,1.90,,
53123,P,2000-03-19,39927,7,30.91,8.37,,
53124,P,2001-11-26,85439,3,62.74,0.38,,
53125,P,2001-05-07,90825,8,56.28,3.96,,
53126,P,2000-12-04,5998,3,96.13,4.06,,
53127,P,2001-10-16,20090,5,72.71,9.59,,
53128,P,2000-02-06,64309,3,68.42,7.18,,
53129,P,2002-04-30,57849,2,86.31,5.53,,
53130,P,2002-03-01,13440,9,38.29,7.75,,
53131,P,2001-04-05,3096,6,78.57,5.02,,
53132,P,2002-03-07,51196,2,26.42,8.23,,
53133,P,2002-01-07,16546,7,12.44,0.40,,
53134,P,2000-01-06,31128,4,38.40,4.44,,
53135,P,2001-06-24,8486,7,14.69,4.65,,
53136,P,2001-01-17,73622,4,49.10,0.31,,
53137,P,2001-12-09,46974,8,75.92,7.68,,
53138,P,2002-04-16,53341,2,66.57,9.09,,
53139,P,2001-04-02,69290,9,15.86,6.91,,
53140,P,2000-10-30,10021,8,36.56,3.87,,
53141,P,2001-02-25,85879,6,8.88,3.28,,
53142,P,2001-11-19,49401,2,21.00,9.36,,
53143,P,2000-07-31,50364,7,30.36,0.77,,
53144,P,2002-04-17,37750,7,8.23,9.90,,
53145,P,2002-01-11,15585,8,4.85,6.31,,
53146,P,2001-04-19,20464,5,0.25,2.05,,
53147,P,2002-06-25,22782,5,40.72,9.19,,
53148,P,2002-01-19,13985,5,88.83,6.32,,
53149,P,2001-06-04,67684,6,19.92,3.28,,
53150,P,2001-09-15,93914,5,66.83,1.03,,
53151,P,2000-02-16,33721,1,59.47,6.10,,
53152,P,2002-05-26,70622,4,78.23,7.20,,
53153,P,2001-08-20,75326,6,82.38,6.70,,
53154,P,2002-05-08,90949,8,91.63,4.61,,
53155,P,2001-04-27,64107,10,9.53,5.25,,
53156,P,2001-05-19,7751,7,34.94,0.46,,
53157,P,2001-04-08,87001,10,78.85,1.81,,
53158,P,2002-04-10,68807,1,8.74,3.85,,
53159,P,2001-01-04,17814,1,77.44,8.84,,
53160,P,2001-06-09,83095,8,8.31,0.65,,
53161,P,2001-12-05,93082,8,80.46,7.31,,
53162,P,2000-04-17,42928,9,58.42,0.65,,
53163,P,2000-08-07,18277,8,96.24,5.05,,
53164,P,2000-07-02,76574,1,21.66,6.09,,
53165,P,2001-07-12,88388,9,83.71,9.97,,
53166,P,2000-01-18,87862,8,77.04,5.32,,
53167,P,2002-02-17,77493,10,98.80,8.04,,
53168,P,2000-04-09,12591,9,83.71,1.83,,
53169,P,2000-12-12,43283,1,55.08,8.02,,
53170,P,2002-06-18,94957,3,5.39,0.29,,
53171,P,2001-11-21,80595,6,88.00,7.04,,
53172,P,2000-08-07,83737,4,37.73,7.41,,
53173,P,2001-06-26,37117,10,39.43,8.55,,
53174,P,2000-10-03,35709,4,42.54,5.80,,
53175,P,2001-05-19,14793,7,2.27,1.15,,
53176,P,2001-08-12,93489,9,43.04,8.45,,
53177,P,2001-07-21,22017,2,12.71,1.87,,
53178,P,2000-04-07,43372,8,3.88,2.84,,
53179,P,2000-04-06,37689,4,99.11,8.15,,
53180,P,2000-11-22,86336,7,27.38,2.07,,
53181,P,2001-04-06,2519,4,25.77,0.09,,
53182,P,2002-01-26,98039,9,53.95,6.65,,
53183,P,2000-04-02,73801,7,97.81,6.61,,
53184,P,2002-01-24,50101,6,87.84,3.79,,
53185,P,2002-04-20,55288,9,88.84,4.60,,
53186,P,2002-07-01,9451,4,84.67,8.59,,
53187,P,2002-09-14,41994,5,62.07,4.42,,
53188,P,2001-09-25,34843,3,21.73,9.02,,
53189,P,2002-02-21,92979,6,72.07,5.88,,
53190,P,2000-07-14,3150,6,18.67,9.96,,
53191,P,2002-02-04,69916,6,60.00,0.74,,
53192,P,2000-04-09,50476,6,52.53,3.60,,
53193,P,2000-04-26,88993,9,49.64,3.04,,
53194,P,2002-09-25,6613,2,96.05,1.97,,
53195,P,2000-04-23,95771,3,82.43,3.89,,
53196,P,2001-09-13,58914,6,55.26,5.32,,
53197,P,2002-04-08,57058,1,74.53,4.01,,
53198,P,2000-01-17,95420,10,86.24,9.37,,
53199,P,2001-05-18,27343,4,82.43,6.52,,
53200,P,2002-02-17,49731,6,34.73,8.28,,
53201,P,2002-01-26,9098,1,42.31,9.24,,
53202,P,2002-07-16,54087,3,58.48,6.08,,
53203,P,2001-01-29,86371,1,81.76,9.35,,
53204,P,2002-09-24,41598,3,17.62,3.66,,
53205,P,2000-10-28,16039,3,81.48,5.51,,
53206,P,2001-12-10,49357,7,15.68,3.69,,
53207,P,2000-09-06,80202,5,24.05,4.51,,
53208,P,2000-01-22,47399,4,88.54,7.71,,
53209,P,2000-09-24,749,7,11.73,7.25,,
53210,P,2001-04-01,57541,8,78.91,4.48,,
53211,P,2000-10-31,82255,10,40.66,8.76,,
53212,P,2002-08-22,36332,10,40.92,3.90,,
53213,P,2001-07-24,36152,1,39.14,2.92,,
53214,P,2001-09-28,49030,7,99.05,2.54,,
53215,P,2000-01-14,5992,3,88.37,5.52,,
53216,P,2001-05-22,10204,3,79.94,8.82,,
53217,P,2000-01-18,56350,6,77.02,0.31,,
53218,P,2000-10-22,19087,10,49.34,5.67,,
53219,P,2001-12-28,46609,9,88.68,5.07,,
53220,P,2000-08-29,80555,8,31.98,9.46,,
53221,P,2002-02-15,98623,6,41.61,4.22,,
53222,P,2002-06-16,18911,6,58.94,6.31,,
53223,P,2002-07-12,70658,9,89.50,4.67,,
53224,P,2000-09-25,48044,2,69.27,1.28,,
53225,P,2000-05-07,13488,10,14.07,4.55,,
53226,P,2000-08-10,55291,5,66.46,3.08,,
53227,P,2000-01-24,65964,10,52.05,3.39,,
53228,P,2000-01-30,54393,7,90.01,5.61,,
53229,P,2000-12-10,23371,10,37.43,4.22,,
53230,P,2000-04-22,56289,3,55.65,8.03,,
53231,P,2001-02-11,45768,5,99.03,8.41,,
53232,P,2000-01-04,72420,4,62.97,9.31,,
53233,P,2000-12-27,33539,9,32.14,3.75,,
53234,P,2000-12-03,4748,7,0.11,2.18,,
53235,P,2002-05-20,56949,1,48.00,4.88,,
53236,P,2001-01-11,63886,3,20.82,1.30,,
53237,P,2000-09-15,35842,1,74.76,2.85,,
53238,P,2002-03-17,78407,5,62.36,5.71,,
53239,P,2000-03-03,84254,3,85.68,6.82,,
53240,P,2001-04-30,66194,10,39.73,7.99,,
53241,P,2000-02-18,3730,2,74.75,8.30,,
53242,P,2000-02-18,37714,8,33.02,4.26,,
53243,P,2000-07-24,58720,2,47.26,6.50,,
53244,P,2000-01-31,37799,8,83.45,1.09,,
53245,P,2000-05-11,61079,1,1.22,1.86,,
53246,P,2000-07-20,28259,2,43.57,9.33,,
53247,P,2000-08-17,72791,7,86.18,9.55,,
53248,P,2000-02-07,16131,8,30.66,1.58,,
53249,P,2001-05-10,10745,7,67.72,8.32,,
53250,P,2000-08-28,62624,4,4.77,4.37,,
53251,P,2002-04-15,39510,5,50.42,9.61,,
53252,P,2000-10-09,14185,9,9.63,6.30,,
53253,P,2001-12-13,87862,7,24.65,1.55,,
53254,P,2001-09-20,19356,10,58.46,4.99,,
53255,P,2002-01-10,91097,3,40.82,0.81,,
53256,P,2001-02-06,41458,10,74.25,7.25,,
53257,P,2000-07-10,6100,2,0.55,9.57,,
53258,P,2002-02-09,52136,3,80.16,4.22,,
53259,P,2002-03-02,96754,3,58.18,6.07,,
53260,P,2002-07-18,83953,10,67.56,2.88,,
53261,P,2002-04-21,21786,5,63.90,1.81,,
53262,P,2000-05-05,78550,8,6.26,8.32,,
53263,P,2002-05-21,63344,5,70.62,7.81,,
53264,P,2000-10-04,27214,8,91.49,0.25,,
53265,P,2002-06-21,93739,7,84.79,1.17,,
53266,P,2001-10-27,15786,4,53.40,6.39,,
53267,P,2000-01-19,77808,6,32.73,2.63,,
53268,P,2002-01-07,71548,1,53.79,9.97,,
53269,P,2000-07-20,25570,6,84.72,7.45,,
53270,P,2002-07-04,77620,7,95.03,5.49,,
53271,P,2000-08-14,87907,1,72.43,0.09,,
53272,P,2000-02-23,39033,5,18.57,6.13,,
53273,P,2001-12-14,40944,1,59.03,9.12,,
53274,P,2001-01-07,38750,2,40.03,8.58,,
53275,P,2000-07-29,60910,10,56.13,2.02,,
53276,P,2002-07-11,58338,9,7.58,5.38,,
53277,P,2001-04-23,20553,7,25.27,0.25,,
53278,P,2002-07-03,33069,6,34.02,4.81,,
53279,P,2000-06-17,12679,9,96.26,8.44,,
53280,P,2001-01-24,50817,4,30.84,9.03,,
53281,P,2002-08-22,14040,7,42.04,2.00,,
53282,P,2000-04-05,56588,2,88.70,8.96,,
53283,P,2001-03-15,56655,9,33.26,9.02,,
53284,P,2000-07-21,59600,1,38.78,8.27,,
53285,P,2002-07-12,4665,4,8.62,8.31,,
53286,P,2000-08-26,24893,8,38.90,6.00,,
53287,P,2001-08-05,98352,7,38.38,6.31,,
53288,P,2002-02-10,22594,5,89.59,1.04,,
53289,P,2001-07-02,47475,5,53.70,3.04,,
53290,P,2000-02-16,31452,5,3.61,5.57,,
53291,P,2000-03-23,52285,5,20.69,3.60,,
53292,P,2000-09-27,76729,8,92.97,6.52,,
53293,P,2000-03-13,71545,8,90.17,7.42,,
53294,P,2000-01-28,69862,6,24.79,9.17,,
53295,P,2000-11-22,18553,1,55.36,4.59,,
53296,P,2000-03-13,82373,8,79.55,2.29,,
53297,P,2000-03-24,23438,2,18.13,5.63,,
53298,P,2001-10-24,68065,8,66.42,3.60,,
53299,P,2002-06-08,5084,7,70.14,1.46,,
53300,P,2001-09-08,57269,3,26.34,2.93,,
53301,P,2000-02-25,84721,6,62.36,1.85,,
53302,P,2001-06-04,20263,10,33.28,1.86,,
53303,P,2000-10-13,29321,8,51.81,6.46,,
53304,P,2002-02-01,58024,8,17.09,6.71,,
53305,P,2000-07-31,30722,2,7.53,3.29,,
53306,P,2000-03-07,64961,5,39.30,4.49,,
53307,P,2001-08-18,56711,4,93.47,4.49,,
53308,P,2002-03-18,49171,1,67.74,8.06,,
53309,P,2002-04-17,28861,8,11.02,0.11,,
53310,P,2001-01-02,43528,7,75.90,2.40,,
53311,P,2002-04-20,24049,10,32.47,6.80,,
53312,P,2001-07-19,89770,3,37.76,8.10,,
53313,P,2000-02-26,74360,8,88.67,9.81,,
53314,P,2002-07-15,88486,2,69.70,3.49,,
53315,P,2000-10-30,10250,7,45.16,8.89,,
53316,P,2002-03-04,6372,2,21.03,5.95,,
53317,P,2001-03-04,38673,6,33.68,8.19,,
53318,P,2000-07-29,88541,8,32.40,0.22,,
53319,P,2001-06-29,84610,2,99.22,7.73,,
53320,P,2001-08-28,93295,7,61.30,8.73,,
53321,P,2001-07-22,3579,7,27.61,4.69,,
53322,P,2000-02-13,37075,4,56.66,8.41,,
53323,P,2000-05-29,91557,3,26.00,7.61,,
53324,P,2001-09-07,24384,4,13.76,8.84,,
53325,P,2001-09-06,83723,5,35.48,7.76,,
53326,P,2000-04-29,22092,2,52.54,6.57,,
53327,P,2001-03-16,46845,7,35.81,5.69,,
53328,P,2000-02-04,82193,8,36.03,9.21,,
53329,P,2002-08-16,95791,7,62.54,6.84,,
53330,P,2001-07-21,18954,1,84.84,6.93,,
53331,P,2000-07-14,24888,9,59.54,4.25,,
53332,P,2001-05-08,76251,1,97.87,7.07,,
53333,P,2001-08-31,952,1,85.47,6.24,,
53334,P,2002-02-16,777,2,52.65,1.93,,
53335,P,2001-06-15,39538,7,49.25,1.69,,
53336,P,2001-03-16,8613,1,23.43,7.57,,
53337,P,2002-09-24,95693,2,71.81,3.79,,
53338,P,2000-03-05,48914,4,7.63,5.89,,
53339,P,2000-03-27,87930,5,16.49,3.39,,
53340,P,2000-03-05,81286,2,93.93,6.31,,
53341,P,2002-07-16,31823,10,94.25,4.36,,
53342,P,2002-06-09,69072,3,27.91,5.37,,
53343,P,2002-02-28,26798,6,17.29,4.15,,
53344,P,2002-02-13,4906,6,10.22,7.54,,
53345,P,2002-09-08,5128,5,47.69,2.51,,
53346,P,2000-08-09,68583,1,59.96,9.88,,
53347,P,2002-02-28,92181,10,60.88,1.18,,
53348,P,2002-07-18,68,4,32.68,8.28,,
53349,P,2000-04-18,34834,2,98.37,8.13,,
53350,P,2001-12-14,45402,7,36.10,4.55,,
53351,P,2000-08-02,41021,2,94.11,5.19,,
53352,P,2001-12-20,79199,9,53.43,7.07,,
53353,P,2000-01-28,34098,7,8.89,1.20,,
53354,P,2002-02-28,88217,10,4.98,0.11,,
53355,P,2000-06-23,3743,2,1.90,7.50,,
53356,P,2001-03-10,29636,1,29.49,9.57,,
53357,P,2000-08-31,72934,6,14.62,2.62,,
53358,P,2002-08-23,40990,7,93.27,7.19,,
53359,P,2000-02-29,64313,8,52.57,1.54,,
53360,P,2000-07-22,47424,6,13.06,3.53,,
53361,P,2000-01-14,9307,9,95.87,1.24,,
53362,P,2000-07-18,50384,3,81.26,8.98,,
53363,P,2001-12-24,45217,4,30.73,0.51,,
53364,P,2000-07-21,18512,3,46.04,6.77,,
53365,P,2002-05-11,99712,10,19.70,7.76,,
53366,P,2002-06-08,14561,5,12.23,0.96,,
53367,P,2001-08-26,28021,5,82.49,0.90,,
53368,P,2002-09-03,90729,2,54.45,6.30,,
53369,P,2002-04-24,152,8,66.43,0.82,,
53370,P,2000-01-23,89001,8,48.89,5.99,,
53371,P,2001-12-30,3657,2,92.42,5.12,,
53372,P,2000-09-19,86745,10,63.73,4.03,,
53373,P,2002-01-20,42790,8,63.67,5.83,,
53374,P,2000-06-28,84015,10,70.24,7.38,,
53375,P,2001-04-20,57201,5,68.28,3.75,,
53376,P,2001-03-04,67218,7,8.30,2.86,,
53377,P,2002-04-20,78221,1,13.12,4.66,,
53378,P,2000-11-11,9342,4,72.92,3.09,,
53379,P,2002-03-03,91251,5,36.53,2.12,,
53380,P,2001-12-06,43966,2,87.77,0.10,,
53381,P,2002-03-21,3964,5,99.99,0.14,,
53382,P,2001-11-05,302,4,5.72,2.34,,
53383,P,2001-10-08,21803,1,5.29,5.83,,
53384,P,2002-06-08,5221,2,27.25,0.78,,
53385,P,2001-12-18,91906,9,43.69,0.03,,
53386,P,2001-08-19,26665,1,6.44,4.03,,
53387,P,2000-10-20,72263,2,11.76,9.89,,
53388,P,2000-05-18,11380,1,77.61,1.93,,
53389,P,2000-01-04,14328,3,25.01,3.37,,
53390,P,2002-06-29,19080,3,22.24,6.83,,
53391,P,2001-12-02,36289,5,41.18,0.90,,
53392,P,2001-03-26,45307,6,96.34,8.21,,
53393,P,2002-08-16,81355,10,27.87,4.34,,
53394,P,2000-02-18,83990,6,47.44,3.16,,
53395,P,2000-10-06,20757,8,25.02,8.76,,
53396,P,2001-02-08,17640,8,16.24,9.59,,
53397,P,2002-02-26,72788,6,31.92,9.47,,
53398,P,2001-08-04,96794,10,0.14,3.36,,
53399,P,2000-06-14,50145,1,15.36,4.65,,
53400,P,2001-03-09,63120,3,72.06,8.30,,
53401,P,2000-08-28,53762,5,45.90,4.46,,
53402,P,2001-01-01,51112,5,98.89,5.36,,
53403,P,2000-01-14,86427,10,68.18,2.96,,
53404,P,2001-02-26,20911,5,31.21,5.46,,
53405,P,2000-06-17,20749,8,2.41,8.35,,
53406,P,2000-03-06,23014,5,20.28,7.06,,
53407,P,2002-07-21,13593,10,59.17,7.34,,
53408,P,2001-08-25,81715,3,0.34,8.72,,
53409,P,2000-05-13,92470,7,63.58,7.60,,
53410,P,2002-05-20,6206,6,94.62,8.46,,
53411,P,2002-03-16,487,6,48.53,2.32,,
53412,P,2000-06-28,54753,8,54.50,3.96,,
53413,P,2000-03-17,90097,8,19.86,6.01,,
53414,P,2000-07-24,12596,9,55.66,1.70,,
53415,P,2001-08-22,60250,3,44.68,1.43,,
53416,P,2002-04-01,85457,7,68.62,4.00,,
53417,P,2001-01-01,81044,5,58.26,1.13,,
53418,P,2001-05-17,82104,3,1.04,7.30,,
53419,P,2002-04-12,79823,5,66.99,5.86,,
53420,P,2002-02-07,12265,8,11.28,4.21,,
53421,P,2001-05-12,64003,6,34.35,5.71,,
53422,P,2001-02-05,94293,7,56.51,2.38,,
53423,P,2002-05-24,23873,1,95.40,2.86,,
53424,P,2001-05-23,62140,6,59.80,3.34,,
53425,P,2002-04-17,64818,7,14.59,1.31,,
53426,P,2001-06-10,34915,3,54.65,6.06,,
53427,P,2002-02-11,73363,8,14.72,5.32,,
53428,P,2001-02-24,42421,10,83.42,3.62,,
53429,P,2002-08-03,48112,9,40.32,8.07,,
53430,P,2002-05-28,18648,10,0.29,0.79,,
53431,P,2000-06-29,62246,6,84.57,7.74,,
53432,P,2001-01-31,49312,5,67.16,9.55,,
53433,P,2002-05-21,70326,9,88.74,9.05,,
53434,P,2001-03-14,91249,1,44.98,9.42,,
53435,P,2000-11-20,50653,1,38.89,5.83,,
53436,P,2002-05-23,61785,1,43.34,1.26,,
53437,P,2002-04-03,15674,9,97.83,1.73,,
53438,P,2001-02-07,30570,8,31.26,2.29,,
53439,P,2001-02-15,95937,6,6.29,0.36,,
53440,P,2000-06-21,78421,10,71.91,5.79,,
53441,P,2000-03-20,85930,3,34.52,9.47,,
53442,P,2000-08-18,26078,2,69.65,9.85,,
53443,P,2002-09-06,40563,1,22.10,5.89,,
53444,P,2001-08-27,7295,5,85.62,8.10,,
53445,P,2001-09-11,58185,7,20.06,6.68,,
53446,P,2000-04-24,77112,8,99.58,2.82,,
53447,P,2000-08-24,61020,2,86.22,0.96,,
53448,P,2001-02-13,11513,5,60.03,5.41,,
53449,P,2001-12-26,46033,4,70.82,9.57,,
53450,P,2001-04-19,47323,3,80.58,9.64,,
53451,P,2000-09-19,66334,4,93.10,8.35,,
53452,P,2001-07-25,57349,3,99.13,4.79,,
53453,P,2001-03-14,15808,8,3.35,9.20,,
53454,P,2002-01-15,78234,4,57.40,8.78,,
53455,P,2001-05-14,41762,9,11.05,8.06,,
53456,P,2002-05-16,43408,4,88.42,4.92,,
53457,P,2000-01-18,66940,5,73.08,8.48,,
53458,P,2001-08-10,28584,8,86.31,2.43,,
53459,P,2002-06-29,40377,3,52.80,3.90,,
53460,P,2002-07-13,51723,7,16.67,6.52,,
53461,P,2000-12-11,51605,2,28.95,4.78,,
53462,P,2001-05-01,71953,2,57.73,8.68,,
53463,P,2000-05-11,37349,4,5.27,6.06,,
53464,P,2000-02-20,99905,1,63.84,5.81,,
53465,P,2001-05-21,97674,5,27.30,3.35,,
53466,P,2000-11-06,1710,7,63.92,8.38,,
53467,P,2002-01-23,40155,2,98.50,9.46,,
53468,P,2000-03-12,9872,10,58.40,8.77,,
53469,P,2000-07-11,21000,5,96.95,7.33,,
53470,P,2001-08-26,17128,8,27.51,2.03,,
53471,P,2000-09-17,46174,6,89.86,9.15,,
53472,P,2000-12-25,83193,9,81.28,0.20,,
53473,P,2002-03-30,27758,4,63.48,7.36,,
53474,P,2001-11-08,50779,3,71.71,1.48,,
53475,P,2001-12-04,98959,9,1.07,4.62,,
53476,P,2001-06-26,46566,3,87.32,7.95,,
53477,P,2001-01-28,75150,9,4.35,5.28,,
53478,P,2000-07-24,1295,5,32.63,4.18,,
53479,P,2000-04-22,4978,3,66.31,2.68,,
53480,P,2000-09-19,14545,9,3.26,3.10,,
53481,P,2001-03-05,92069,1,36.54,5.71,,
53482,P,2001-12-31,60866,1,21.33,8.87,,
53483,P,2002-05-04,99996,2,62.87,4.85,,
53484,P,2001-01-02,60379,3,10.32,9.21,,
53485,P,2001-03-12,41888,10,69.79,6.30,,
53486,P,2001-05-03,18706,10,69.16,7.90,,
53487,P,2000-02-06,21853,6,88.00,5.71,,
53488,P,2000-11-17,17883,10,19.52,1.90,,
53489,P,2000-12-15,86447,4,98.68,3.40,,
53490,P,2000-02-01,54033,6,89.22,5.02,,
53491,P,2001-08-10,32061,10,15.36,2.90,,
53492,P,2002-01-11,65750,7,74.02,8.48,,
53493,P,2001-09-11,78258,4,84.21,5.37,,
53494,P,2001-06-20,9887,3,12.08,1.24,,
53495,P,2000-09-01,64734,5,59.58,8.39,,
53496,P,2000-05-31,79211,1,11.50,9.70,,
53497,P,2001-04-18,15855,5,10.73,8.83,,
53498,P,2000-02-22,17983,8,98.15,1.67,,
53499,P,2001-02-27,15836,3,7.27,1.22,,
53500,P,2002-01-21,3612,5,14.08,0.61,,
53501,P,2001-10-30,5487,3,39.10,1.38,,
53502,P,2001-06-12,78689,3,67.19,3.82,,
53503,P,2002-07-22,69968,1,54.68,0.14,,
53504,P,2000-05-21,34773,10,79.84,7.59,,
53505,P,2001-03-20,55321,7,36.79,2.61,,
53506,P,2001-07-11,78820,1,5.46,5.20,,
53507,P,2000-01-31,29080,4,25.19,2.83,,
53508,P,2001-02-13,72348,2,66.13,1.29,,
53509,P,2000-08-24,86255,8,76.80,7.53,,
53510,P,2000-09-12,20127,8,20.27,3.41,,
53511,P,2000-02-28,85109,8,40.70,4.83,,
53512,P,2001-08-14,40317,4,81.84,8.70,,
53513,P,2001-05-18,98808,4,4.09,8.97,,
53514,P,2000-05-05,52720,3,0.61,5.87,,
53515,P,2000-08-02,94539,4,90.07,1.63,,
53516,P,2000-08-11,39834,2,41.26,1.95,,
53517,P,2000-03-03,51874,1,64.94,2.50,,
53518,P,2002-03-07,96686,3,85.62,4.67,,
53519,P,2000-03-16,5063,7,71.05,2.57,,
53520,P,2001-09-01,4506,1,50.68,9.86,,
53521,P,2000-04-08,64768,9,88.14,8.92,,
53522,P,2001-11-16,3309,8,56.21,4.70,,
53523,P,2001-05-18,5259,2,40.71,6.65,,
53524,P,2002-05-24,95392,2,12.29,5.04,,
53525,P,2000-06-21,36863,2,46.71,7.59,,
53526,P,2002-09-11,10509,2,91.04,8.91,,
53527,P,2001-03-07,80526,10,56.40,6.38,,
53528,P,2001-06-25,14923,5,37.24,0.28,,
53529,P,2001-08-20,96924,10,97.59,6.84,,
53530,P,2001-07-20,37637,5,16.70,6.50,,
53531,P,2000-01-06,41566,5,79.49,1.62,,
53532,P,2000-02-26,1601,10,65.73,9.96,,
53533,P,2002-09-12,90136,10,1.76,4.16,,
53534,P,2001-07-24,7490,8,30.29,6.91,,
53535,P,2000-06-03,51598,9,88.09,5.97,,
53536,P,2001-09-20,72754,5,89.85,7.16,,
53537,P,2001-11-28,16852,1,58.90,4.98,,
53538,P,2001-12-25,37204,5,39.66,9.96,,
53539,P,2001-09-07,83072,4,32.48,7.09,,
53540,P,2001-11-15,46168,3,94.43,0.93,,
53541,P,2000-06-24,56438,6,71.84,8.43,,
53542,P,2000-07-09,76579,4,28.25,5.27,,
53543,P,2000-06-28,37847,10,88.96,8.51,,
53544,P,2000-08-25,27951,8,9.49,9.78,,
53545,P,2002-06-21,94885,4,84.41,8.43,,
53546,P,2002-06-20,26703,9,82.07,3.95,,
53547,P,2000-04-03,50569,2,79.01,6.45,,
53548,P,2001-04-30,97847,5,47.00,9.01,,
53549,P,2000-01-06,63953,1,70.97,7.81,,
53550,P,2001-06-25,41671,1,47.88,7.27,,
53551,P,2002-02-06,48107,10,98.93,0.49,,
53552,P,2002-06-13,47932,5,61.81,6.05,,
53553,P,2000-01-14,61963,6,99.15,1.24,,
53554,P,2002-06-17,88980,9,17.21,2.23,,
53555,P,2001-01-02,10475,10,36.42,9.97,,
53556,P,2000-05-01,99892,5,72.20,2.84,,
53557,P,2000-02-06,65852,8,69.08,0.08,,
53558,P,2000-05-24,53677,1,84.98,7.41,,
53559,P,2000-02-10,67044,10,60.25,0.33,,
53560,P,2000-08-29,54121,6,57.11,2.71,,
53561,P,2002-04-09,41741,1,34.88,5.46,,
53562,P,2001-02-18,12209,7,67.20,5.43,,
53563,P,2000-01-04,48911,3,69.97,2.89,,
53564,P,2002-08-28,47189,4,28.91,7.28,,
53565,P,2001-02-25,25812,6,40.78,9.41,,
53566,P,2001-01-20,49632,8,72.37,2.40,,
53567,P,2000-06-28,82929,8,35.21,6.52,,
53568,P,2001-12-21,79893,1,91.75,9.54,,
53569,P,2000-10-16,18688,5,39.65,4.43,,
53570,P,2001-05-23,35491,8,37.25,5.22,,
53571,P,2000-11-10,91297,8,48.65,0.94,,
53572,P,2000-11-05,63333,9,98.46,7.70,,
53573,P,2000-12-13,12922,5,26.83,9.77,,
53574,P,2002-09-23,69089,7,97.32,2.13,,
53575,P,2000-06-22,42203,6,80.89,9.65,,
53576,P,2000-02-15,44426,1,31.21,2.53,,
53577,P,2001-07-18,5028,4,19.54,8.35,,
53578,P,2001-08-25,463,8,87.79,3.34,,
53579,P,2001-05-08,68876,5,75.64,2.58,,
53580,P,2000-07-17,86001,3,67.65,9.99,,
53581,P,2002-07-16,85502,10,33.30,0.13,,
53582,P,2002-08-21,65371,5,52.85,3.68,,
53583,P,2001-08-07,18736,1,73.84,6.21,,
53584,P,2001-03-18,39467,1,49.69,9.75,,
53585,P,2000-03-27,52173,10,26.81,9.04,,
53586,P,2001-08-12,91601,3,97.39,6.23,,
53587,P,2002-09-03,94758,5,88.18,2.79,,
53588,P,2001-01-31,55399,10,81.36,9.00,,
53589,P,2002-02-26,51985,7,16.75,2.44,,
53590,P,2001-01-29,87610,5,68.83,6.57,,
53591,P,2000-03-14,56135,2,5.69,7.30,,
53592,P,2001-08-13,71181,1,68.53,9.64,,
53593,P,2002-01-20,93819,8,7.55,0.81,,
53594,P,2000-06-14,53904,10,88.38,4.56,,
53595,P,2001-10-30,50900,7,36.06,1.67,,
53596,P,2001-08-05,17168,9,11.55,7.67,,
53597,P,2000-12-02,74609,1,27.72,2.92,,
53598,P,2000-04-20,28977,7,10.95,3.11,,
53599,P,2000-03-30,81244,8,83.35,3.21,,
53600,P,2000-04-09,44474,8,52.03,3.15,,
53601,P,2000-01-26,60177,4,69.08,6.74,,
53602,P,2000-12-20,57272,3,53.16,0.39,,
53603,P,2001-03-14,87632,1,73.59,0.66,,
53604,P,2002-06-19,98251,10,6.49,8.18,,
53605,P,2001-10-20,55430,3,6.91,8.72,,
53606,P,2001-07-01,80180,4,72.53,2.45,,
53607,P,2002-09-01,4352,10,38.41,3.14,,
53608,P,2001-03-10,55562,4,69.42,8.32,,
53609,P,2000-04-25,27947,5,23.15,5.35,,
53610,P,2000-11-14,72170,3,6.58,3.79,,
53611,P,2002-06-29,94505,1,83.04,6.23,,
53612,P,2000-04-11,95186,2,47.06,9.61,,
53613,P,2002-09-25,46446,8,3.35,7.41,,
53614,P,2001-05-17,18695,10,83.72,9.11,,
53615,P,2001-05-12,93047,5,66.88,5.20,,
53616,P,2000-02-09,55511,3,44.09,0.61,,
53617,P,2001-01-14,72026,6,89.46,9.48,,
53618,P,2001-12-01,51370,10,77.31,0.60,,
53619,P,2000-05-13,12300,4,79.48,7.39,,
53620,P,2001-03-05,27874,8,64.91,8.43,,
53621,P,2002-03-04,70815,1,25.69,9.89,,
53622,P,2001-01-14,70113,10,75.69,2.41,,
53623,P,2002-07-05,97840,3,24.53,4.60,,
53624,P,2001-12-21,70572,2,84.75,1.46,,
53625,P,2002-08-01,59594,10,52.68,7.93,,
53626,P,2002-06-01,48591,7,87.32,5.47,,
53627,P,2000-06-04,58538,9,92.70,6.32,,
53628,P,2002-05-16,76341,7,16.65,4.34,,
53629,P,2000-07-05,22727,6,34.65,6.31,,
53630,P,2000-08-17,80958,7,64.98,7.71,,
53631,P,2000-12-20,62337,4,13.20,8.38,,
53632,P,2002-02-26,40229,2,28.02,9.09,,
53633,P,2000-09-13,57655,1,41.69,8.61,,
53634,P,2000-10-09,27859,3,67.37,4.32,,
53635,P,2001-04-04,14112,10,19.22,4.08,,
53636,P,2002-05-04,45937,4,76.87,4.74,,
53637,P,2001-03-25,96674,7,2.02,4.88,,
53638,P,2001-08-25,79215,8,31.30,8.58,,
53639,P,2000-05-22,84083,10,64.49,9.20,,
53640,P,2000-03-01,60682,4,46.33,4.64,,
53641,P,2001-04-29,84107,4,84.96,8.99,,
53642,P,2001-08-18,25736,10,66.44,2.88,,
53643,P,2002-01-15,44248,5,73.82,8.76,,
53644,P,2000-09-29,26256,6,99.59,7.66,,
53645,P,2001-06-08,74789,5,13.98,0.37,,
53646,P,2000-08-05,64698,7,69.39,4.09,,
53647,P,2002-05-24,5157,1,3.58,6.85,,
53648,P,2001-01-07,966,2,68.33,1.97,,
53649,P,2001-09-19,26732,3,25.72,6.31,,
53650,P,2001-04-16,44550,8,97.61,5.22,,
53651,P,2002-08-30,19248,4,91.84,0.64,,
53652,P,2001-03-29,78494,10,11.34,9.23,,
53653,P,2000-04-20,52473,7,80.54,1.25,,
53654,P,2001-05-14,55934,1,83.89,4.07,,
53655,P,2002-02-09,30938,9,56.59,5.73,,
53656,P,2001-12-21,60782,6,90.34,4.58,,
53657,P,2001-07-27,82962,1,17.16,5.03,,
53658,P,2001-06-13,92626,8,65.49,8.94,,
53659,P,2000-05-07,52981,5,76.55,8.44,,
53660,P,2001-08-10,33691,1,53.26,7.30,,
53661,P,2001-10-15,81329,8,10.48,0.55,,
53662,P,2000-02-25,31588,7,62.09,8.28,,
53663,P,2002-09-13,94755,7,20.73,7.59,,
53664,P,2001-09-09,2426,1,72.33,1.29,,
53665,P,2001-03-03,70986,7,73.91,0.66,,
53666,P,2000-12-02,67513,5,3.25,9.22,,
53667,P,2000-06-21,98293,3,26.20,0.12,,
53668,P,2000-10-05,23437,4,84.24,7.75,,
53669,P,2000-05-30,2215,7,63.31,3.65,,
53670,P,2001-04-26,414,8,7.65,9.42,,
53671,P,2001-07-22,12381,9,67.44,6.07,,
53672,P,2002-05-13,10822,3,66.23,6.30,,
53673,P,2002-08-30,69422,7,34.15,9.06,,
53674,P,2002-09-19,57864,9,99.53,7.61,,
53675,P,2001-08-18,73314,5,12.73,5.28,,
53676,P,2002-06-11,3307,2,70.25,9.21,,
53677,P,2000-06-23,95724,10,43.34,2.13,,
53678,P,2000-07-12,26733,3,55.33,7.69,,
53679,P,2000-05-26,7752,9,88.58,3.82,,
53680,P,2000-01-26,42541,2,96.24,3.75,,
53681,P,2002-06-15,38203,6,60.05,2.07,,
53682,P,2001-12-13,13824,10,65.83,4.98,,
53683,P,2002-01-15,40398,10,62.38,0.22,,
53684,P,2000-05-13,92794,6,97.22,0.74,,
53685,P,2000-03-04,1768,1,86.17,4.91,,
53686,P,2002-06-20,39306,5,83.14,3.00,,
53687,P,2001-06-29,52996,10,31.06,5.26,,
53688,P,2001-03-23,6579,7,56.33,1.27,,
53689,P,2000-03-06,9513,9,40.78,0.11,,
53690,P,2002-07-28,13417,2,87.28,9.84,,
53691,P,2000-07-28,40692,2,58.92,9.86,,
53692,P,2000-11-23,39806,3,45.12,1.14,,
53693,P,2001-05-24,70771,2,23.60,0.52,,
53694,P,2002-07-16,46930,6,42.05,8.69,,
53695,P,2000-11-29,46425,9,24.08,9.35,,
53696,P,2002-09-15,68203,7,21.14,3.33,,
53697,P,2000-05-27,64420,7,94.13,8.19,,
53698,P,2000-09-28,64770,10,89.30,1.46,,
53699,P,2000-03-05,45749,4,51.16,2.30,,
53700,P,2002-02-11,64731,7,16.58,1.09,,
53701,P,2002-09-09,43472,5,74.09,8.75,,
53702,P,2000-10-25,54924,1,26.83,5.68,,
53703,P,2000-05-20,72998,10,6.34,1.67,,
53704,P,2001-04-24,75218,3,26.39,8.60,,
53705,P,2002-03-07,11712,3,95.08,6.85,,
53706,P,2002-02-21,39461,5,74.52,0.10,,
53707,P,2000-02-24,81123,10,20.52,7.98,,
53708,P,2001-05-22,64190,4,0.42,9.55,,
53709,P,2001-10-19,47824,5,72.93,2.94,,
53710,P,2001-09-18,93434,5,43.10,0.90,,
53711,P,2000-01-22,70002,8,56.97,7.82,,
53712,P,2001-01-25,24699,3,58.54,5.13,,
53713,P,2001-11-02,20551,6,76.17,3.55,,
53714,P,2001-04-01,70392,1,99.50,7.50,,
53715,P,2001-11-05,207,4,94.95,1.01,,
53716,P,2000-03-25,78516,8,3.11,8.62,,
53717,P,2001-09-29,45153,2,58.38,1.85,,
53718,P,2001-01-15,71541,2,58.05,7.36,,
53719,P,2000-04-26,2446,2,89.70,4.97,,
53720,P,2000-06-21,87429,6,44.41,0.58,,
53721,P,2002-03-20,9614,3,71.02,9.55,,
53722,P,2000-10-07,54621,4,75.90,5.10,,
53723,P,2002-06-29,69589,4,90.08,5.48,,
53724,P,2000-03-04,3649,9,62.36,3.49,,
53725,P,2001-11-26,2696,5,52.28,0.77,,
53726,P,2001-10-10,55589,1,40.81,0.53,,
53727,P,2002-01-20,16227,1,71.66,6.15,,
53728,P,2000-05-27,69689,7,83.82,9.05,,
53729,P,2001-09-02,32148,4,85.35,1.23,,
53730,P,2002-02-06,82172,5,96.14,7.76,,
53731,P,2002-06-05,45630,3,51.18,4.75,,
53732,P,2002-05-07,38954,9,37.49,5.94,,
53733,P,2001-10-15,92604,2,27.44,1.42,,
53734,P,2001-03-18,93553,3,69.87,4.95,,
53735,P,2000-11-07,42878,5,50.16,7.11,,
53736,P,2000-12-17,71738,2,19.18,2.89,,
53737,P,2000-09-05,65252,3,7.44,4.36,,
53738,P,2002-04-19,92194,6,23.40,6.17,,
53739,P,2001-09-08,72320,10,55.01,8.59,,
53740,P,2001-02-06,96501,3,85.40,2.37,,
53741,P,2001-02-24,99807,8,42.58,9.46,,
53742,P,2001-11-10,16265,2,58.81,4.13,,
53743,P,2000-08-20,51283,4,65.00,5.69,,
53744,P,2000-07-09,26083,2,95.65,2.34,,
53745,P,2001-04-11,77988,9,56.96,9.93,,
53746,P,2002-07-21,20248,3,42.15,7.86,,
53747,P,2002-02-20,3587,7,85.06,7.07,,
53748,P,2001-08-12,67136,4,93.28,2.01,,
53749,P,2002-02-28,8705,4,97.02,5.33,,
53750,P,2000-06-15,9049,8,5.26,7.03,,
53751,P,2002-03-30,42563,1,11.19,9.07,,
53752,P,2001-01-22,60564,10,31.19,5.03,,
53753,P,2002-04-02,1596,7,77.92,1.89,,
53754,P,2001-04-18,12333,4,40.67,9.24,,
53755,P,2000-09-04,59192,7,85.37,1.26,,
53756,P,2000-02-17,712,7,15.02,1.98,,
53757,P,2001-01-25,68587,2,73.25,6.72,,
53758,P,2001-10-18,9816,4,52.20,2.06,,
53759,P,2000-07-17,72440,1,34.88,8.82,,
53760,P,2002-03-25,99251,7,36.91,8.37,,
53761,P,2002-09-18,89487,3,69.29,5.12,,
53762,P,2002-04-09,88035,5,63.25,1.18,,
53763,P,2001-02-09,60035,10,44.99,3.57,,
53764,P,2002-04-13,18058,3,46.75,0.11,,
53765,P,2002-03-14,94091,5,55.39,6.92,,
53766,P,2001-05-02,28255,2,18.76,4.38,,
53767,P,2001-07-26,95100,4,28.76,0.86,,
53768,P,2002-01-21,74336,7,50.08,0.65,,
53769,P,2002-06-13,62203,7,84.62,5.54,,
53770,P,2000-05-04,56928,9,79.58,3.19,,
53771,P,2001-12-23,10353,3,87.97,0.48,,
53772,P,2001-04-18,64845,7,12.81,4.81,,
53773,P,2001-11-18,67381,8,75.21,0.46,,
53774,P,2001-02-05,53585,4,32.67,2.88,,
53775,P,2000-02-02,36003,3,46.00,5.71,,
53776,P,2002-08-29,24903,8,8.39,8.06,,
53777,P,2000-06-14,89333,7,38.68,8.36,,
53778,P,2002-05-17,43325,2,32.43,9.82,,
53779,P,2001-04-17,2204,4,64.58,7.16,,
53780,P,2001-05-02,49153,9,12.99,1.64,,
53781,P,2000-04-20,18266,5,81.24,3.11,,
53782,P,2002-04-08,33408,9,15.25,7.16,,
53783,P,2002-01-20,4351,2,98.20,7.73,,
53784,P,2000-06-21,21551,10,74.96,5.08,,
53785,P,2000-11-03,13432,9,22.08,7.77,,
53786,P,2001-03-27,83661,6,53.06,1.67,,
53787,P,2000-10-11,91245,2,77.85,0.10,,
53788,P,2000-03-29,88809,8,66.76,1.34,,
53789,P,2002-09-04,14529,9,68.84,9.83,,
53790,P,2001-10-23,10235,9,51.05,4.69,,
53791,P,2001-05-07,79007,3,64.25,9.07,,
53792,P,2001-03-18,96166,2,63.49,2.89,,
53793,P,2001-12-19,79192,1,64.08,0.54,,
53794,P,2000-07-27,36843,1,17.82,6.91,,
53795,P,2002-07-28,54990,4,45.81,4.36,,
53796,P,2000-01-17,11311,6,36.51,2.00,,
53797,P,2001-04-02,26084,3,24.25,8.92,,
53798,P,2000-06-13,36257,8,15.78,0.35,,
53799,P,2000-05-08,34660,1,62.52,4.64,,
53800,P,2002-04-08,5292,8,19.45,8.79,,
53801,P,2001-02-09,52487,4,49.93,1.91,,
53802,P,2000-11-27,88000,6,0.30,0.62,,
53803,P,2001-05-12,26720,3,53.01,7.58,,
53804,P,2001-10-20,99355,6,76.91,7.22,,
53805,P,2002-03-30,35755,9,20.64,3.30,,
53806,P,2001-07-28,50738,3,0.51,8.20,,
53807,P,2000-09-15,38569,5,76.56,8.85,,
53808,P,2001-10-02,72874,3,11.37,0.29,,
53809,P,2002-02-21,6894,1,46.92,3.41,,
53810,P,2001-09-22,39496,6,49.45,8.40,,
53811,P,2001-02-27,30506,2,16.82,2.16,,
53812,P,2000-11-27,91963,7,74.12,2.38,,
53813,P,2000-06-28,45386,3,39.58,0.04,,
53814,P,2001-05-12,13362,2,57.66,2.61,,
53815,P,2002-05-26,67874,10,34.61,5.64,,
53816,P,2001-11-10,53633,5,18.06,6.41,,
53817,P,2001-12-17,42824,1,28.56,8.30,,
53818,P,2001-05-22,69928,4,12.91,6.39,,
53819,P,2002-04-21,3842,6,40.06,8.31,,
53820,P,2001-12-24,48133,6,45.57,5.51,,
53821,P,2000-09-17,29204,10,74.08,1.12,,
53822,P,2000-02-08,63128,4,77.48,3.36,,
53823,P,2001-03-22,15886,8,70.03,6.43,,
53824,P,2000-07-05,93380,1,53.85,7.80,,
53825,P,2000-12-22,33266,1,87.33,6.01,,
53826,P,2002-08-23,10304,3,99.27,1.37,,
53827,P,2000-01-26,31965,1,40.39,9.72,,
53828,P,2001-04-18,77134,8,7.00,9.95,,
53829,P,2001-11-10,87724,5,33.68,2.32,,
53830,P,2000-07-13,82143,8,50.00,8.40,,
53831,P,2000-09-03,10078,4,58.06,2.97,,
53832,P,2001-06-22,12429,9,95.34,3.25,,
53833,P,2000-12-31,20622,9,68.21,2.69,,
53834,P,2002-04-12,23619,5,81.81,7.17,,
53835,P,2000-12-15,41490,2,45.85,2.79,,
53836,P,2000-11-19,83270,4,50.69,0.71,,
53837,P,2002-07-26,79396,2,70.06,8.70,,
53838,P,2002-07-17,51806,4,12.94,0.84,,
53839,P,2002-05-01,73790,3,48.41,9.34,,
53840,P,2002-03-12,36727,4,13.61,7.26,,
53841,P,2001-07-08,39331,5,86.83,5.33,,
53842,P,2002-02-18,75515,8,22.45,0.18,,
53843,P,2002-06-15,52688,1,21.30,7.74,,
53844,P,2002-09-03,12929,3,30.40,5.88,,
53845,P,2001-04-27,83238,10,25.82,3.11,,
53846,P,2000-06-17,47191,4,56.12,8.58,,
53847,P,2000-07-02,42946,4,55.46,8.05,,
53848,P,2001-08-27,80747,2,81.74,6.19,,
53849,P,2001-11-02,98825,3,64.59,8.41,,
53850,P,2002-05-09,48124,2,51.08,9.74,,
53851,P,2000-07-30,90518,9,63.52,3.63,,
53852,P,2001-08-17,14805,5,79.82,7.27,,
53853,P,2000-11-28,24569,8,20.56,9.03,,
