320526,P,2001-09-26,53669,9,68.35,1.89,,
320527,P,2000-08-13,94998,6,35.96,1.67,,
320528,P,2002-02-05,88991,4,72.97,5.04,,
320529,P,2000-05-13,44185,6,56.88,9.16,,
320530,P,2001-08-22,38321,6,50.41,7.71,,
320531,P,2002-08-21,46682,10,60.11,6.74,,
320532,P,2001-02-26,30216,4,10.91,7.76,,
320533,P,2000-12-04,88715,8,2.53,7.71,,
320534,P,2001-09-27,8168,9,35.02,7.94,,
320535,P,2001-08-19,58765,5,6.45,6.04,,
320536,P,2002-02-09,2608,9,58.81,1.31,,
320537,P,2002-04-01,85375,7,21.97,4.74,,
320538,P,2001-06-26,78453,4,78.17,7.29,,
320539,P,2000-03-10,18890,6,10.45,9.57,,
320540,P,2000-02-15,85779,6,20.46,3.16,,
320541,P,2001-09-05,72574,3,24.19,8.76,,
320542,P,2002-07-02,35066,7,29.32,0.36,,
320543,P,2000-04-06,52514,4,88.73,2.61,,
320544,P,2000-10-08,3853,1,4.47,1.30,,
320545,P,2001-06-30,60004,2,56.23,2.69,,
320546,P,2001-10-17,78916,10,72.93,2.51,,
320547,P,2001-11-09,87236,2,74.30,8.32,,
320548,P,2000-11-28,25716,9,92.71,6.67,,
320549,P,2002-08-14,40762,3,21.39,5.28,,
320550,P,2002-05-23,15047,4,98.17,3.16,,
320551,P,2000-06-12,72012,4,62.88,5.06,,
320552,P,2001-05-12,21062,5,17.24,6.41,,
320553,P,2001-07-11,6411,10,34.19,5.38,,
320554,P,2000-10-12,54836,6,53.28,3.10,,
320555,P,2000-04-25,31049,1,68.16,1.09,,
320556,P,2000-08-03,30014,6,50.53,5.98,,
320557,P,2001-04-07,1505,3,90.50,7.72,,
320558,P,2001-09-26,91145,9,41.30,1.15,,
320559,P,2000-10-05,29763,5,49.55,2.35,,
320560,P,2000-05-28,90368,9,89.75,5.22,,
320561,P,2002-03-14,5192,3,92.35,8.47,,
320562,P,2001-01-28,26507,6,91.47,9.52,,
320563,P,2001-12-13,55050,7,45.01,9.23,,
320564,P,2001-12-24,58919,8,59.83,8.99,,
320565,P,2002-01-29,84300,2,39.12,5.19,,
320566,P,2001-04-05,10050,8,60.70,2.87,,
320567,P,2000-01-11,91342,6,90.63,7.02,,
320568,P,2002-09-04,67946,6,49.77,4.28,,
320569,P,2002-07-27,43015,10,95.66,9.55,,
320570,P,2000-03-01,12722,6,33.57,0.97,,
320571,P,2001-07-05,17287,5,0.39,2.28,,
320572,P,2002-08-16,96988,9,34.82,0.12,,
320573,P,2000-01-07,36131,4,42.53,3.08,,
320574,P,2000-08-12,72514,1,53.52,4.25,,
320575,P,2000-09-01,94851,3,68.62,0.60,,
320576,P,2000-01-03,25079,4,23.71,2.33,,
320577,P,2000-06-08,27484,8,4.86,6.08,,
320578,P,2001-12-04,43929,6,90.37,1.41,,
320579,P,2000-08-24,77259,10,56.55,5.60,,
320580,P,2001-12-11,32748,5,50.04,9.98,,
320581,P,2000-03-19,69430,3,40.69,2.37,,
320582,P,2001-07-27,43021,5,18.74,2.95,,
320583,P,2000-10-13,81668,2,63.15,9.94,,
320584,P,2002-03-09,44067,10,62.61,9.04,,
320585,P,2002-02-01,93413,7,82.10,4.73,,
320586,P,2002-01-16,42006,9,2.06,4.80,,
320587,P,2000-08-25,9395,2,99.12,3.44,,
320588,P,2002-04-10,62022,9,4.81,2.96,,
320589,P,2001-06-11,14411,10,65.33,6.61,,
320590,P,2002-07-05,34386,8,78.92,1.24,,
320591,P,2000-02-02,13851,9,81.59,2.26,,
320592,P,2000-01-21,29350,9,87.94,5.79,,
320593,P,2001-12-07,21531,4,8.18,6.86,,
320594,P,2001-01-16,88051,4,36.05,5.52,,
320595,P,2001-05-15,35472,9,3.17,1.58,,
320596,P,2001-08-18,61749,2,44.16,7.83,,
320597,P,2000-09-06,74496,4,30.55,1.55,,
320598,P,2001-09-27,59265,9,35.28,7.55,,
320599,P,2000-04-11,78156,2,59.84,2.01,,
320600,P,2001-10-01,89115,4,92.10,0.46,,
320601,P,2002-09-20,27834,4,97.91,1.66,,
320602,P,2002-02-12,90963,4,5.08,2.64,,
320603,P,2000-07-31,50623,5,4.81,8.52,,
320604,P,2000-04-25,57230,9,69.70,4.21,,
320605,P,2000-05-08,3321,2,17.11,9.11,,
320606,P,2002-04-12,30384,8,58.45,3.80,,
320607,P,2000-10-06,1687,5,33.53,9.06,,
320608,P,2000-02-20,42591,1,47.74,0.64,,
320609,P,2001-11-11,59516,3,14.17,0.49,,
320610,P,2000-03-29,15448,9,55.56,2.59,,
320611,P,2001-09-14,57823,4,73.23,4.04,,
320612,P,2000-06-25,40891,3,26.63,7.77,,
320613,P,2001-12-28,74450,4,50.49,2.30,,
320614,P,2002-01-15,6663,10,75.97,3.68,,
320615,P,2002-09-12,31737,1,11.30,4.82,,
320616,P,2001-04-06,43826,2,91.97,8.65,,
320617,P,2002-08-05,77595,8,96.04,5.30,,
320618,P,2001-12-25,10135,4,97.49,9.91,,
320619,P,2001-01-23,23319,10,52.14,2.42,,
320620,P,2001-10-04,44523,3,66.23,9.89,,
320621,P,2000-06-28,49597,1,31.29,6.48,,
320622,P,2001-03-14,32349,5,5.72,6.60,,
320623,P,2002-04-10,64623,8,16.84,8.22,,
320624,P,2000-11-27,50670,2,92.60,4.49,,
320625,P,2001-09-02,37969,10,58.24,2.52,,
320626,P,2002-02-12,26908,4,44.78,3.85,,
320627,P,2001-06-10,39290,7,8.75,6.15,,
320628,P,2000-10-19,71912,8,18.13,7.11,,
320629,P,2000-03-10,11146,1,73.54,0.58,,
320630,P,2001-03-08,90063,5,63.61,3.72,,
320631,P,2001-10-05,64764,6,20.06,1.94,,
320632,P,2001-03-14,17321,10,54.42,2.10,,
320633,P,2002-08-18,98779,5,72.13,5.11,,
320634,P,2000-08-25,18118,10,69.65,4.58,,
320635,P,2001-07-13,59309,7,86.36,0.92,,
320636,P,2000-12-15,91068,10,11.04,9.92,,
320637,P,2000-07-12,65225,8,1.58,5.69,,
320638,P,2000-02-13,42296,7,14.09,1.50,,
320639,P,2000-10-07,13947,8,56.52,2.58,,
320640,P,2002-05-27,83695,7,47.25,3.62,,
320641,P,2000-10-23,10573,4,24.19,2.82,,
320642,P,2002-03-26,11705,5,31.67,7.98,,
320643,P,2000-08-07,11040,2,62.47,2.75,,
320644,P,2000-02-28,5309,5,92.18,7.08,,
320645,P,2002-07-07,49970,1,46.12,8.44,,
320646,P,2001-05-23,77753,5,51.49,0.51,,
320647,P,2001-07-03,93406,2,54.72,8.66,,
320648,P,2000-01-06,45810,10,19.21,2.67,,
320649,P,2000-04-03,83975,9,23.60,0.93,,
320650,P,2002-08-29,8195,4,10.44,5.90,,
320651,P,2002-07-01,88140,4,57.64,3.01,,
320652,P,2000-08-18,50967,5,73.40,4.98,,
320653,P,2001-06-30,33246,3,0.69,3.65,,
320654,P,2000-01-24,91520,8,48.31,3.89,,
320655,P,2001-11-30,7963,6,33.20,5.44,,
320656,P,2001-05-26,18574,4,19.53,9.83,,
320657,P,2000-12-21,6642,5,44.37,8.57,,
320658,P,2000-01-30,60156,10,78.07,9.57,,
320659,P,2000-12-14,1062,9,42.29,7.37,,
320660,P,2000-12-21,37524,5,10.84,7.79,,
320661,P,2000-03-13,52674,7,2.86,6.15,,
320662,P,2000-01-30,97754,6,32.21,6.19,,
320663,P,2002-02-02,39790,2,70.26,6.31,,
320664,P,2002-02-07,87967,7,25.51,2.45,,
320665,P,2001-07-07,32636,4,61.59,8.35,,
320666,P,2000-03-13,30815,4,87.65,6.60,,
320667,P,2002-06-26,66693,8,68.36,5.02,,
320668,P,2000-12-23,59351,10,83.47,1.98,,
320669,P,2000-12-15,66393,10,84.07,6.14,,
320670,P,2001-09-24,95521,6,76.75,9.28,,
320671,P,2001-06-08,11457,1,90.73,4.01,,
320672,P,2000-04-07,80842,2,93.69,0.33,,
320673,P,2002-02-10,66308,4,45.32,3.07,,
320674,P,2002-05-22,58181,8,20.54,5.00,,
320675,P,2002-03-24,94600,1,71.08,0.36,,
320676,P,2002-01-12,14184,1,87.27,4.55,,
320677,P,2001-10-18,55154,1,79.24,1.52,,
320678,P,2001-12-16,18505,4,63.46,7.74,,
320679,P,2000-11-07,66081,4,29.03,7.83,,
320680,P,2001-10-26,93877,7,48.65,8.13,,
320681,P,2000-11-27,1035,1,95.06,2.21,,
320682,P,2002-05-15,87480,6,67.39,5.20,,
320683,P,2001-04-22,2636,8,72.67,2.63,,
320684,P,2001-12-09,61952,5,30.90,5.18,,
320685,P,2000-07-06,57653,7,35.01,8.39,,
320686,P,2002-08-05,10696,8,38.51,1.76,,
320687,P,2002-01-01,43592,1,37.04,8.52,,
320688,P,2001-06-26,8856,8,89.15,9.57,,
320689,P,2000-03-09,62940,3,66.61,7.50,,
320690,P,2002-06-01,50667,9,21.65,6.70,,
320691,P,2000-05-09,93775,10,16.65,2.82,,
320692,P,2000-12-06,79215,6,56.63,1.27,,
320693,P,2000-01-13,63036,3,46.08,9.95,,
320694,P,2002-07-03,68107,2,12.59,3.29,,
320695,P,2001-05-28,57183,8,53.64,5.61,,
320696,P,2001-09-06,96885,7,53.53,1.24,,
320697,P,2002-06-19,22561,10,60.23,0.12,,
320698,P,2000-09-06,38505,1,71.06,8.38,,
320699,P,2002-05-24,34497,7,44.10,8.39,,
320700,P,2002-05-29,37134,1,58.33,8.28,,
320701,P,2001-07-10,87160,2,26.53,1.96,,
320702,P,2000-02-06,95559,8,77.12,8.76,,
320703,P,2002-09-03,5179,7,26.37,1.33,,
320704,P,2000-01-25,38717,9,11.38,3.04,,
320705,P,2001-01-03,76779,9,7.51,1.32,,
320706,P,2000-06-18,23249,2,74.95,4.40,,
320707,P,2002-01-17,49661,8,65.42,4.33,,
320708,P,2001-04-10,91610,5,61.19,3.22,,
320709,P,2002-02-08,28056,10,80.62,3.65,,
320710,P,2000-08-05,50397,7,1.40,8.95,,
320711,P,2002-04-19,94653,2,73.49,2.58,,
320712,P,2001-09-30,42744,6,2.84,6.62,,
320713,P,2001-03-10,52383,7,89.44,6.08,,
320714,P,2002-04-08,65978,6,29.42,4.88,,
320715,P,2002-03-12,14261,5,11.83,7.58,,
320716,P,2001-03-16,75584,9,1.19,0.46,,
320717,P,2001-09-08,12871,4,84.17,3.73,,
320718,P,2000-03-06,57319,8,62.00,3.68,,
320719,P,2001-08-06,68240,5,41.36,7.47,,
320720,P,2000-04-10,74341,5,95.58,0.62,,
320721,P,2002-01-19,19557,6,49.92,7.84,,
320722,P,2002-08-03,61718,1,86.45,1.52,,
320723,P,2002-09-01,5885,2,44.05,0.37,,
320724,P,2001-12-12,26720,4,12.21,3.30,,
320725,P,2001-09-16,23369,9,28.61,4.87,,
320726,P,2000-07-08,98599,9,52.11,9.98,,
320727,P,2002-04-07,6796,6,69.37,1.16,,
320728,P,2001-02-23,57902,5,18.65,3.27,,
320729,P,2000-03-31,1994,8,56.34,4.93,,
320730,P,2001-04-25,95384,3,53.11,4.72,,
320731,P,2000-09-03,61809,9,7.66,4.52,,
320732,P,2000-05-15,93803,8,83.74,9.80,,
320733,P,2002-09-25,49827,1,70.74,6.53,,
320734,P,2002-01-21,19592,1,48.88,7.57,,
320735,P,2000-06-09,61211,8,68.54,5.55,,
320736,P,2002-09-11,89245,3,23.20,6.71,,
320737,P,2002-08-31,92644,6,49.14,8.54,,
320738,P,2001-11-01,3748,7,40.99,0.87,,
320739,P,2002-05-11,18143,7,49.77,2.63,,
320740,P,2000-05-03,12008,7,15.55,7.16,,
320741,P,2002-02-03,40285,5,43.56,7.37,,
320742,P,2000-09-27,83514,7,4.13,8.25,,
320743,P,2000-04-25,24889,8,49.67,9.27,,
320744,P,2001-04-05,72062,4,68.47,3.41,,
320745,P,2002-05-30,11410,1,97.63,9.79,,
320746,P,2000-01-05,35680,6,27.23,1.11,,
320747,P,2001-04-05,54321,10,21.27,9.21,,
320748,P,2002-03-25,73737,10,59.91,4.63,,
320749,P,2002-08-07,523,7,36.18,9.95,,
320750,P,2001-01-07,92892,8,44.11,3.99,,
320751,P,2000-04-22,42052,4,33.20,8.75,,
320752,P,2000-09-02,31121,2,39.69,2.12,,
320753,P,2002-06-09,69310,4,92.44,2.90,,
320754,P,2002-04-07,73891,5,24.98,0.10,,
320755,P,2001-02-01,69508,3,39.13,3.54,,
320756,P,2001-05-12,77989,2,19.90,7.59,,
320757,P,2001-09-13,91529,10,0.10,2.20,,
320758,P,2002-01-30,60082,8,5.21,3.05,,
320759,P,2000-11-06,84922,10,96.50,6.68,,
320760,P,2000-04-22,4485,5,39.08,5.09,,
320761,P,2001-05-17,1503,8,68.28,1.37,,
320762,P,2002-05-05,29900,1,94.71,7.03,,
320763,P,2001-09-08,87680,10,93.24,1.48,,
320764,P,2000-02-01,75574,8,4.83,2.60,,
320765,P,2002-05-11,59326,7,3.44,9.98,,
320766,P,2001-09-15,79654,1,47.90,8.88,,
320767,P,2000-02-27,29426,9,10.66,6.10,,
320768,P,2001-04-30,45824,3,81.50,3.30,,
320769,P,2002-09-21,13302,6,48.10,7.35,,
320770,P,2002-02-10,71549,2,11.44,8.44,,
320771,P,2001-11-16,82573,6,49.65,0.75,,
320772,P,2002-08-26,28326,5,14.74,8.75,,
320773,P,2001-10-07,22598,1,0.78,9.79,,
320774,P,2001-06-06,44278,7,14.34,1.45,,
320775,P,2000-11-27,55990,8,38.75,0.48,,
320776,P,2002-09-22,31690,6,61.32,3.19,,
320777,P,2001-12-29,69165,7,58.12,5.57,,
320778,P,2000-09-14,66337,3,18.34,1.69,,
320779,P,2000-01-04,20588,1,50.93,5.59,,
320780,P,2001-03-15,94269,4,45.42,1.16,,
320781,P,2001-12-29,99497,9,27.07,1.34,,
320782,P,2001-10-24,10366,9,69.89,3.15,,
320783,P,2000-12-26,87717,2,90.54,3.82,,
320784,P,2001-05-14,96099,4,4.83,6.70,,
320785,P,2000-12-06,26926,5,20.40,4.56,,
320786,P,2001-10-12,64520,2,69.42,8.15,,
320787,P,2001-01-14,70465,8,37.73,5.64,,
320788,P,2000-10-09,86371,6,56.08,7.93,,
320789,P,2000-07-20,15273,6,85.59,8.19,,
320790,P,2001-11-17,3189,8,17.83,8.03,,
320791,P,2000-07-20,6187,7,47.44,7.49,,
320792,P,2001-06-29,55540,2,88.42,4.93,,
320793,P,2000-03-22,67842,9,91.96,8.58,,
320794,P,2002-02-22,28794,1,91.24,7.87,,
320795,P,2000-08-25,53020,5,95.24,3.95,,
320796,P,2002-07-12,44969,7,99.53,0.19,,
320797,P,2001-11-10,61176,6,89.60,8.72,,
320798,P,2001-10-06,65395,4,47.30,6.47,,
320799,P,2002-05-20,97617,9,27.89,0.85,,
320800,P,2001-05-25,98444,5,80.64,1.69,,
320801,P,2002-04-10,44047,1,22.94,9.38,,
320802,P,2001-01-15,28944,1,60.76,2.83,,
320803,P,2000-01-07,87285,9,3.77,2.59,,
320804,P,2002-03-09,54354,2,41.19,3.56,,
320805,P,2001-12-05,53435,10,1.96,0.14,,
320806,P,2000-04-15,46692,1,31.84,2.56,,
320807,P,2000-04-30,78615,1,52.59,6.79,,
320808,P,2001-09-23,17872,4,14.74,8.83,,
320809,P,2000-05-13,10594,7,34.86,1.62,,
320810,P,2001-10-28,19968,10,19.38,7.84,,
320811,P,2002-08-29,29973,6,67.89,9.33,,
320812,P,2001-09-17,25459,10,81.44,9.13,,
320813,P,2002-07-26,26521,6,23.53,9.73,,
320814,P,2001-05-09,36146,7,45.41,8.07,,
320815,P,2000-03-02,66676,5,43.15,3.69,,
320816,P,2000-12-09,29935,2,82.95,2.37,,
320817,P,2001-05-26,38596,5,65.59,1.03,,
320818,P,2000-05-06,70349,1,40.95,8.61,,
320819,P,2000-05-13,36170,1,80.41,4.50,,
320820,P,2002-05-04,5289,4,98.18,0.19,,
320821,P,2000-10-04,31563,1,67.27,7.97,,
320822,P,2000-01-23,28869,3,87.79,8.50,,
320823,P,2001-04-24,39766,7,35.39,7.67,,
320824,P,2001-12-19,13863,4,70.76,3.52,,
320825,P,2002-09-04,95580,9,68.51,1.28,,
320826,P,2001-03-10,27168,10,2.92,9.68,,
320827,P,2000-06-24,48147,7,46.00,5.76,,
320828,P,2002-06-25,20629,6,72.71,3.85,,
320829,P,2002-04-26,42236,1,79.19,9.09,,
320830,P,2002-07-11,59435,5,55.57,3.05,,
320831,P,2000-12-04,94265,10,34.84,6.38,,
320832,P,2002-07-28,51283,8,75.73,0.39,,
320833,P,2000-10-14,6453,4,34.89,9.04,,
320834,P,2002-05-12,61761,7,2.40,6.52,,
320835,P,2001-08-09,75203,6,55.29,2.02,,
320836,P,2000-05-08,12395,1,77.36,4.75,,
320837,P,2000-06-15,65528,7,10.14,6.40,,
320838,P,2002-05-16,23715,8,68.15,0.19,,
320839,P,2001-11-13,73572,1,72.10,7.02,,
320840,P,2002-07-01,14192,7,18.41,7.59,,
320841,P,2001-12-04,6940,9,39.33,7.08,,
320842,P,2000-03-18,11522,8,48.30,6.07,,
320843,P,2002-01-02,41126,9,84.28,5.04,,
320844,P,2000-06-07,29086,7,95.41,7.66,,
320845,P,2001-12-26,73966,1,81.62,1.85,,
320846,P,2001-06-19,98781,1,34.52,2.79,,
320847,P,2001-06-27,68959,3,50.58,1.67,,
320848,P,2000-03-31,57886,2,2.47,3.73,,
320849,P,2000-08-24,73013,5,87.97,9.86,,
320850,P,2002-02-06,62142,2,53.22,3.40,,
320851,P,2001-07-12,95322,8,22.05,7.06,,
320852,P,2000-08-16,92307,10,95.95,1.33,,
320853,P,2000-08-11,61132,4,23.35,1.31,,
320854,P,2000-08-05,39548,5,48.77,9.93,,
320855,P,2002-03-04,38429,9,31.63,3.49,,
320856,P,2000-01-02,62054,1,50.32,7.92,,
320857,P,2000-06-19,75853,6,72.60,6.51,,
320858,P,2000-07-17,45722,9,12.06,2.14,,
320859,P,2002-08-28,99396,6,82.83,1.66,,
320860,P,2001-04-06,24017,5,47.19,7.69,,
320861,P,2000-03-24,77713,5,61.80,4.96,,
320862,P,2001-01-15,77996,10,91.86,8.50,,
320863,P,2001-06-02,55975,8,49.22,2.39,,
320864,P,2000-04-17,34152,6,27.24,4.04,,
320865,P,2000-03-31,47737,5,70.59,0.44,,
320866,P,2000-08-29,62767,8,82.38,5.64,,
320867,P,2002-02-24,58204,2,2.24,1.77,,
320868,P,2002-04-18,2575,10,80.81,2.70,,
320869,P,2000-12-07,78060,8,33.49,3.83,,
320870,P,2001-12-20,17095,2,1.58,4.38,,
320871,P,2000-01-20,9784,6,48.66,3.33,,
320872,P,2002-09-04,31587,8,96.32,4.47,,
320873,P,2000-10-14,86151,1,85.46,4.06,,
320874,P,2000-04-15,57896,9,96.89,9.71,,
320875,P,2000-04-29,22408,1,77.29,6.73,,
320876,P,2001-02-13,36272,6,66.51,1.33,,
320877,P,2000-11-09,55406,2,37.22,7.78,,
320878,P,2000-06-20,2104,2,30.35,7.79,,
320879,P,2001-12-13,88086,5,0.34,9.01,,
320880,P,2002-09-08,33409,8,54.02,1.24,,
320881,P,2001-01-19,56256,1,96.26,4.09,,
320882,P,2001-03-30,68579,2,2.43,8.21,,
320883,P,2002-08-25,6842,10,28.96,4.27,,
320884,P,2000-08-25,92428,6,17.42,7.95,,
320885,P,2001-01-07,94417,4,39.66,4.12,,
320886,P,2001-11-15,35383,4,55.58,1.79,,
320887,P,2001-09-02,51479,2,80.36,0.68,,
320888,P,2001-09-03,26772,9,22.07,7.24,,
320889,P,2001-06-06,18896,3,2.07,8.68,,
320890,P,2001-02-04,43310,3,8.46,5.76,,
320891,P,2001-01-03,71685,8,1.26,6.49,,
320892,P,2002-09-05,97679,6,60.16,1.45,,
320893,P,2002-05-09,11624,6,22.29,3.84,,
320894,P,2001-09-14,71914,6,95.72,4.68,,
320895,P,2000-02-01,46300,9,34.16,5.30,,
320896,P,2000-09-29,56404,1,93.74,7.66,,
320897,P,2000-05-31,99924,4,38.78,4.96,,
320898,P,2000-07-27,56238,6,30.09,2.35,,
320899,P,2000-09-21,75306,9,24.56,3.51,,
320900,P,2000-06-18,34758,3,58.36,1.65,,
320901,P,2002-01-23,89330,9,46.66,0.13,,
320902,P,2000-02-18,95708,5,29.41,2.60,,
320903,P,2002-07-23,11111,8,20.15,7.91,,
320904,P,2000-01-02,6010,5,27.00,2.70,,
320905,P,2002-03-09,47436,6,68.89,6.20,,
320906,P,2001-11-08,14252,4,27.59,3.12,,
320907,P,2001-03-21,89957,5,52.14,0.82,,
320908,P,2001-02-25,41398,8,51.24,4.97,,
320909,P,2001-03-06,67569,10,82.27,5.91,,
320910,P,2002-05-02,55939,4,70.44,6.35,,
320911,P,2000-02-03,61308,7,86.37,7.26,,
320912,P,2001-12-29,64347,7,55.49,8.17,,
320913,P,2001-03-26,80743,8,91.11,8.49,,
320914,P,2000-06-04,27124,1,63.42,5.50,,
320915,P,2000-09-13,77084,9,85.98,0.63,,
320916,P,2000-08-28,82574,4,95.61,5.17,,
320917,P,2001-09-30,85849,7,16.43,4.00,,
320918,P,2001-03-22,87716,8,34.20,2.40,,
320919,P,2001-04-22,62557,2,28.02,0.41,,
320920,P,2002-06-16,86067,7,98.56,3.26,,
320921,P,2000-09-02,5713,3,61.59,7.70,,
320922,P,2002-08-31,18725,3,28.64,1.95,,
320923,P,2002-06-09,29154,2,15.44,2.74,,
320924,P,2002-07-12,18118,5,12.12,2.03,,
320925,P,2000-07-18,34102,6,26.68,8.06,,
320926,P,2001-05-14,1242,6,22.92,5.07,,
320927,P,2000-09-21,43037,1,68.35,6.87,,
320928,P,2002-05-05,12302,4,38.18,1.68,,
320929,P,2001-04-02,22188,10,18.17,7.32,,
320930,P,2001-08-29,53405,2,61.92,0.03,,
320931,P,2000-02-13,87475,7,99.61,7.78,,
320932,P,2001-10-14,29843,3,42.73,5.72,,
320933,P,2001-02-04,96040,1,84.62,7.00,,
320934,P,2002-09-23,39669,8,56.07,8.63,,
320935,P,2001-04-11,91329,6,30.33,6.39,,
320936,P,2001-03-13,73416,6,51.40,1.77,,
320937,P,2000-02-26,29112,4,27.01,9.51,,
320938,P,2001-06-10,41001,9,33.24,7.24,,
320939,P,2000-08-27,23752,5,91.55,5.91,,
320940,P,2001-04-12,80200,7,25.93,8.03,,
320941,P,2001-08-09,85325,6,53.78,2.48,,
320942,P,2000-12-30,36279,10,28.88,4.04,,
320943,P,2001-09-28,36240,4,28.12,1.04,,
320944,P,2000-01-12,12998,4,61.97,3.50,,
320945,P,2002-05-27,52783,7,8.06,1.30,,
320946,P,2002-03-01,5062,6,41.70,5.28,,
320947,P,2002-07-27,1669,7,84.09,7.71,,
320948,P,2002-08-09,38392,2,96.26,5.12,,
320949,P,2000-04-06,26937,2,9.31,2.39,,
320950,P,2000-02-05,38362,6,55.34,2.82,,
320951,P,2000-11-19,30126,4,46.71,5.85,,
320952,P,2002-09-25,39639,1,29.36,9.81,,
320953,P,2000-04-03,41419,7,30.27,7.53,,
320954,P,2002-02-09,40343,1,83.79,1.26,,
320955,P,2000-06-18,858,5,54.42,1.32,,
320956,P,2001-11-11,42715,3,10.31,4.77,,
320957,P,2000-05-02,93400,2,44.78,8.53,,
320958,P,2002-03-13,58167,1,13.31,6.92,,
320959,P,2001-06-24,32086,7,70.06,2.92,,
320960,P,2002-01-31,36224,3,35.62,8.21,,
320961,P,2002-04-03,48394,8,1.26,1.22,,
320962,P,2000-09-26,23441,8,97.90,5.33,,
320963,P,2000-05-02,31621,8,67.28,8.12,,
320964,P,2000-03-10,55630,2,10.48,9.37,,
320965,P,2000-02-20,6750,9,98.23,8.67,,
320966,P,2000-02-23,6971,8,29.91,9.36,,
320967,P,2002-05-12,8668,4,8.59,9.75,,
320968,P,2002-07-03,2236,4,41.60,0.08,,
320969,P,2002-06-25,24658,1,3.61,3.68,,
320970,P,2001-05-21,52931,7,11.55,8.85,,
320971,P,2000-06-24,21011,4,94.32,5.10,,
320972,P,2001-07-15,94532,4,45.87,3.69,,
320973,P,2002-02-26,81785,5,33.71,4.86,,
320974,P,2000-01-16,33083,4,80.01,7.08,,
320975,P,2000-01-08,78409,8,22.55,5.23,,
320976,P,2000-03-03,22402,9,49.93,5.34,,
320977,P,2000-01-27,22496,2,75.24,1.57,,
320978,P,2001-08-12,80001,8,79.19,4.48,,
320979,P,2001-02-14,50355,7,46.88,2.48,,
320980,P,2001-10-06,24247,4,23.72,6.63,,
320981,P,2000-08-05,95772,5,86.75,9.63,,
320982,P,2000-08-09,88484,3,44.24,3.00,,
320983,P,2001-03-20,93151,3,42.03,9.34,,
320984,P,2000-10-03,57547,9,8.61,1.80,,
320985,P,2002-06-18,34229,7,18.09,9.95,,
320986,P,2002-06-29,28077,1,26.31,3.24,,
320987,P,2001-03-15,81855,5,87.91,2.05,,
320988,P,2001-10-29,47322,8,64.96,3.44,,
320989,P,2001-08-28,91892,10,8.84,1.41,,
320990,P,2001-12-16,73588,1,14.55,7.12,,
320991,P,2000-05-13,26393,9,59.48,3.18,,
320992,P,2000-03-11,81079,2,94.74,9.10,,
320993,P,2000-07-14,65883,4,28.08,8.15,,
320994,P,2001-03-15,28376,2,18.10,1.75,,
320995,P,2001-01-20,65684,1,30.11,9.20,,
320996,P,2002-01-16,71066,9,20.15,4.37,,
320997,P,2001-04-04,13627,4,30.39,7.75,,
320998,P,2001-03-28,89991,5,34.22,2.93,,
320999,P,2001-07-20,42777,7,26.83,3.28,,
321000,P,2001-11-19,71735,10,36.95,8.50,,
321001,P,2000-05-14,40553,7,32.73,4.53,,
321002,P,2000-07-16,27133,2,13.66,7.82,,
321003,P,2002-04-14,4582,1,79.23,0.86,,
321004,P,2002-07-13,1133,3,76.89,1.29,,
321005,P,2002-01-16,79815,2,23.74,6.13,,
321006,P,2002-01-19,7093,1,98.68,0.15,,
321007,P,2000-01-29,10374,2,70.48,9.73,,
321008,P,2001-02-11,30367,5,1.60,1.74,,
321009,P,2001-09-20,30349,4,38.56,7.18,,
321010,P,2000-01-30,2735,6,7.77,1.42,,
321011,P,2001-09-08,82721,7,95.48,7.44,,
321012,P,2001-06-26,18940,1,92.36,2.67,,
321013,P,2000-10-24,8603,8,15.01,3.06,,
321014,P,2000-10-30,57671,3,60.59,2.12,,
321015,P,2000-02-03,87839,4,10.18,0.53,,
321016,P,2002-02-01,48644,8,25.51,1.51,,
321017,P,2000-05-27,66135,5,95.99,5.41,,
321018,P,2001-04-23,89626,3,93.87,1.69,,
321019,P,2000-12-05,96051,8,47.44,9.89,,
321020,P,2000-12-24,12534,8,85.11,9.28,,
321021,P,2002-04-07,20048,10,56.93,7.17,,
321022,P,2002-04-22,14425,6,6.16,3.14,,
321023,P,2002-04-22,53343,2,71.95,0.08,,
321024,P,2000-03-04,82044,10,9.85,8.65,,
321025,P,2001-04-30,50041,8,37.79,1.96,,
321026,P,2001-07-12,38527,3,63.31,0.07,,
321027,P,2000-12-11,61613,7,60.36,1.59,,
321028,P,2001-07-29,36093,9,90.91,8.64,,
321029,P,2002-01-21,2641,9,84.98,6.00,,
321030,P,2002-09-13,26708,6,37.71,5.80,,
321031,P,2001-04-22,44485,10,49.12,1.90,,
321032,P,2002-06-28,44812,7,79.50,1.01,,
321033,P,2001-10-15,53278,6,15.03,4.03,,
321034,P,2001-05-14,21401,2,37.22,3.48,,
321035,P,2001-12-09,21304,6,18.21,9.09,,
321036,P,2001-09-11,69827,10,64.73,1.31,,
321037,P,2001-05-18,35007,1,97.03,6.76,,
321038,P,2002-09-03,43488,7,92.79,0.35,,
321039,P,2001-01-03,46039,4,26.22,4.38,,
321040,P,2000-12-06,37219,7,80.74,4.50,,
321041,P,2002-09-10,81997,8,60.84,0.52,,
321042,P,2002-02-13,81878,5,27.81,9.92,,
321043,P,2001-06-23,50436,5,56.46,4.07,,
321044,P,2001-11-25,19193,5,25.81,9.58,,
321045,P,2002-08-14,69269,7,64.74,4.32,,
321046,P,2002-04-16,93623,10,42.71,4.04,,
321047,P,2000-09-08,11905,5,95.28,0.05,,
321048,P,2002-03-19,66284,3,79.81,4.33,,
321049,P,2001-08-01,17548,9,60.11,3.76,,
321050,P,2002-07-02,23825,2,79.56,3.95,,
321051,P,2001-12-18,30950,9,15.74,3.81,,
321052,P,2000-09-14,47419,4,84.76,6.14,,
321053,P,2002-07-01,87164,3,37.18,0.00,,
321054,P,2000-01-28,35171,9,96.89,5.68,,
321055,P,2000-05-31,64637,8,11.35,2.71,,
321056,P,2001-01-09,90482,1,90.48,0.51,,
321057,P,2001-10-10,16961,8,65.00,0.18,,
321058,P,2000-06-25,9370,4,54.26,3.93,,
321059,P,2000-04-01,82465,3,31.85,1.80,,
321060,P,2000-11-29,42460,4,61.06,7.23,,
321061,P,2001-10-08,58256,5,17.66,8.81,,
321062,P,2002-01-02,80497,4,20.93,9.37,,
321063,P,2001-06-12,31117,6,91.44,2.30,,
321064,P,2000-12-03,72362,1,70.92,7.93,,
321065,P,2002-02-11,97124,7,95.95,5.99,,
321066,P,2000-12-20,63528,10,41.11,9.50,,
321067,P,2001-06-24,63029,2,70.18,1.09,,
321068,P,2002-01-05,67356,3,35.74,4.72,,
321069,P,2000-04-08,15143,9,64.94,6.27,,
321070,P,2001-09-04,46715,2,24.01,9.19,,
321071,P,2001-10-15,42879,3,92.64,4.15,,
321072,P,2002-03-12,98638,2,80.91,8.03,,
321073,P,2002-02-23,81778,6,85.80,3.90,,
321074,P,2001-04-20,76160,1,12.59,0.85,,
321075,P,2002-09-21,73944,1,0.19,2.42,,
321076,P,2001-12-31,76877,1,63.90,6.75,,
321077,P,2002-01-25,93609,4,28.87,2.22,,
321078,P,2001-04-07,87850,7,50.96,8.03,,
321079,P,2000-01-01,71678,4,52.13,9.14,,
321080,P,2001-03-31,73749,6,85.32,5.60,,
321081,P,2000-01-10,21548,2,66.91,5.73,,
321082,P,2001-12-09,26407,1,23.92,7.57,,
321083,P,2000-07-21,76605,4,38.78,0.76,,
321084,P,2002-01-05,68312,9,4.05,3.15,,
321085,P,2000-04-30,30881,7,31.08,7.17,,
321086,P,2000-06-03,27635,3,91.12,1.45,,
321087,P,2000-10-10,53288,5,33.43,6.61,,
321088,P,2000-05-24,33147,7,28.77,0.43,,
321089,P,2000-07-28,17383,8,12.41,3.58,,
321090,P,2001-04-19,55129,1,97.49,7.92,,
321091,P,2000-01-04,87791,4,47.43,3.01,,
321092,P,2000-05-03,39368,1,38.81,0.96,,
321093,P,2000-01-25,48040,10,79.01,2.05,,
321094,P,2000-05-27,99661,4,50.17,0.64,,
321095,P,2001-08-04,98434,10,60.91,3.11,,
321096,P,2000-05-16,41266,4,38.77,6.91,,
321097,P,2000-12-24,34676,4,68.34,8.21,,
321098,P,2000-04-08,63161,1,78.13,1.65,,
321099,P,2000-01-18,72088,9,80.12,0.03,,
321100,P,2001-02-15,83119,10,50.44,5.38,,
321101,P,2002-06-01,10545,8,82.60,8.36,,
321102,P,2000-01-31,2023,1,67.33,5.70,,
321103,P,2002-06-06,59839,5,89.70,7.12,,
321104,P,2000-12-20,89017,9,87.04,9.94,,
321105,P,2001-02-28,57781,4,14.46,1.62,,
321106,P,2001-12-25,5879,7,71.70,0.68,,
321107,P,2000-04-07,68062,1,61.76,9.47,,
321108,P,2002-03-11,56831,4,32.77,9.57,,
321109,P,2002-06-27,74794,2,23.76,3.41,,
321110,P,2002-08-18,24986,6,9.00,8.44,,
321111,P,2002-09-23,3129,1,66.69,4.21,,
321112,P,2002-05-14,63018,5,60.64,2.57,,
321113,P,2001-05-14,96984,2,27.97,6.05,,
321114,P,2001-12-04,33806,1,32.27,9.60,,
321115,P,2002-07-02,76042,2,22.47,8.19,,
321116,P,2000-04-03,60431,8,38.12,9.42,,
321117,P,2000-09-14,81815,3,16.66,1.97,,
321118,P,2001-03-07,84012,3,23.82,0.91,,
321119,P,2001-04-06,40385,6,86.09,3.55,,
321120,P,2001-12-19,86978,2,85.85,0.66,,
321121,P,2001-09-14,21278,4,88.06,0.07,,
321122,P,2001-06-12,53369,5,13.21,6.63,,
321123,P,2001-02-05,29036,5,33.20,7.76,,
321124,P,2001-06-04,78747,4,6.54,3.28,,
321125,P,2001-06-06,28821,2,75.34,1.92,,
321126,P,2000-05-06,19770,4,51.50,0.46,,
321127,P,2002-06-13,9307,8,65.48,8.61,,
321128,P,2001-09-16,95059,5,39.95,0.18,,
321129,P,2001-04-25,74661,9,32.38,6.92,,
321130,P,2000-08-10,55480,7,43.34,3.36,,
321131,P,2000-12-18,78287,10,34.54,3.60,,
321132,P,2002-03-26,80749,3,75.76,8.03,,
321133,P,2002-02-26,25676,9,27.84,6.55,,
321134,P,2002-06-30,33083,5,29.13,8.99,,
321135,P,2002-09-05,63937,4,86.94,2.09,,
321136,P,2002-04-18,35259,8,30.24,1.59,,
321137,P,2001-07-06,99578,5,28.20,7.16,,
321138,P,2001-08-10,95449,2,43.13,1.72,,
321139,P,2000-09-01,93841,5,98.29,8.33,,
321140,P,2000-10-26,34139,9,99.82,4.63,,
321141,P,2000-06-16,27250,7,1.42,6.28,,
321142,P,2002-07-23,1765,8,10.24,6.85,,
321143,P,2002-08-05,94646,9,99.61,3.26,,
321144,P,2001-04-16,41722,2,90.36,1.78,,
321145,P,2000-08-23,47047,1,37.73,2.19,,
321146,P,2002-08-28,5338,6,50.26,7.74,,
321147,P,2000-05-11,12507,7,32.15,3.92,,
321148,P,2000-03-28,80157,9,3.48,2.27,,
321149,P,2002-06-15,77426,3,26.26,7.26,,
321150,P,2002-09-22,21616,9,64.50,2.43,,
321151,P,2001-01-24,83163,3,11.44,2.16,,
321152,P,2000-02-10,37350,2,82.14,8.39,,
321153,P,2000-04-20,12243,8,58.56,7.00,,
321154,P,2002-02-12,4466,1,24.57,3.23,,
321155,P,2001-02-16,17536,10,76.33,1.00,,
321156,P,2002-09-05,22920,2,55.61,7.47,,
321157,P,2000-12-25,37628,7,30.37,4.93,,
321158,P,2002-07-16,56004,3,61.52,5.01,,
321159,P,2002-04-14,19964,6,55.62,7.93,,
321160,P,2001-03-05,67325,5,36.28,9.67,,
321161,P,2000-04-01,90242,10,65.24,7.03,,
321162,P,2001-10-11,90693,6,28.65,9.98,,
321163,P,2002-04-22,24579,5,27.81,3.93,,
321164,P,2002-03-01,68135,9,56.62,4.21,,
321165,P,2000-01-10,18557,8,8.78,8.46,,
321166,P,2000-10-25,62660,3,1.49,3.49,,
321167,P,2001-04-05,73679,5,23.21,2.57,,
321168,P,2000-08-12,60614,4,42.45,3.46,,
321169,P,2001-11-18,8844,9,35.71,8.30,,
321170,P,2000-08-13,67959,8,65.40,5.77,,
321171,P,2001-07-13,58131,2,93.65,7.51,,
321172,P,2000-11-03,49247,3,85.21,1.41,,
321173,P,2000-01-04,84936,9,6.23,1.17,,
321174,P,2002-02-12,93922,9,83.97,9.34,,
321175,P,2000-10-12,71798,9,50.87,2.21,,
321176,P,2001-12-13,46200,5,35.60,8.22,,
321177,P,2001-06-20,30703,7,51.19,1.78,,
321178,P,2002-08-10,5694,10,29.22,8.99,,
321179,P,2001-07-04,23250,6,87.67,7.10,,
321180,P,2001-10-01,24637,9,17.16,3.10,,
321181,P,2000-12-10,5849,2,46.27,6.71,,
321182,P,2001-12-12,3619,9,45.84,7.69,,
321183,P,2001-10-17,50088,8,91.69,3.91,,
321184,P,2000-04-04,6150,5,38.09,9.38,,
321185,P,2002-05-08,71201,8,73.03,7.60,,
321186,P,2000-08-20,90140,5,64.86,3.66,,
321187,P,2001-02-02,32545,9,71.76,1.40,,
321188,P,2002-08-10,76487,1,52.88,2.76,,
321189,P,2000-08-19,75262,3,56.12,9.58,,
321190,P,2000-04-02,71549,5,24.80,6.45,,
321191,P,2002-07-03,20397,7,44.87,0.58,,
321192,P,2000-12-15,59220,3,23.77,4.33,,
321193,P,2000-12-16,21323,2,73.96,3.54,,
321194,P,2000-12-22,80582,9,13.37,4.67,,
321195,P,2002-04-25,18048,6,49.25,2.61,,
321196,P,2000-05-25,29990,8,3.46,4.75,,
321197,P,2002-07-18,16224,7,25.88,8.07,,
321198,P,2000-01-10,30508,9,94.24,5.41,,
321199,P,2000-10-12,18793,7,80.13,4.06,,
321200,P,2002-08-23,81254,8,66.64,7.91,,
321201,P,2002-01-13,894,9,85.47,9.02,,
321202,P,2000-07-16,18468,1,65.46,4.56,,
321203,P,2000-01-04,64742,9,21.46,8.67,,
321204,P,2002-02-19,465,10,31.69,6.66,,
321205,P,2001-02-12,16994,7,85.16,5.90,,
321206,P,2002-07-07,31678,10,40.17,2.87,,
321207,P,2001-01-24,33516,4,70.74,4.08,,
321208,P,2000-12-26,26382,10,38.85,2.27,,
321209,P,2001-03-01,29802,2,58.85,4.44,,
321210,P,2000-07-24,1436,8,80.83,5.79,,
321211,P,2002-03-24,90034,1,79.06,1.92,,
321212,P,2002-06-18,67869,3,90.74,5.08,,
321213,P,2001-03-11,97292,8,29.21,1.68,,
321214,P,2001-03-14,17061,9,56.46,6.68,,
321215,P,2000-10-19,71380,6,17.84,5.15,,
321216,P,2000-09-13,1045,5,67.80,1.77,,
321217,P,2000-05-19,90110,6,76.82,5.59,,
321218,P,2000-02-23,50796,1,1.23,6.08,,
321219,P,2002-06-25,6016,6,16.11,9.78,,
321220,P,2002-07-21,33610,8,21.98,8.81,,
321221,P,2000-05-19,93295,3,8.30,9.68,,
321222,P,2000-07-16,56155,6,28.14,5.87,,
321223,P,2002-05-20,50810,3,21.83,1.93,,
321224,P,2002-05-24,94308,8,35.39,3.03,,
321225,P,2000-02-12,6384,1,25.75,3.42,,
321226,P,2001-11-17,7015,7,74.79,6.10,,
321227,P,2000-11-16,65624,4,18.42,8.06,,
321228,P,2002-05-03,60680,3,73.13,3.10,,
321229,P,2002-04-16,3671,3,66.13,3.69,,
321230,P,2002-05-18,17758,9,78.17,5.75,,
321231,P,2002-01-20,94544,6,39.28,6.27,,
321232,P,2002-03-19,28644,9,92.07,5.75,,
321233,P,2000-08-08,82806,6,96.76,5.87,,
321234,P,2001-11-01,48066,8,50.63,9.71,,
321235,P,2002-09-07,47506,2,24.18,6.73,,
321236,P,2000-10-18,9118,4,80.87,5.99,,
321237,P,2000-04-09,3977,3,51.51,8.64,,
321238,P,2001-08-26,24149,5,57.93,0.22,,
321239,P,2000-07-25,46111,5,83.11,1.50,,
321240,P,2002-09-03,17536,8,56.77,0.20,,
321241,P,2002-08-21,57695,6,77.20,2.47,,
321242,P,2000-02-26,12578,2,7.78,7.38,,
321243,P,2001-09-04,91792,6,57.83,0.41,,
321244,P,2000-01-14,58381,8,19.37,8.70,,
321245,P,2002-03-23,44100,6,35.78,6.89,,
321246,P,2001-10-12,91017,6,46.77,3.38,,
321247,P,2002-08-03,10061,9,34.31,4.96,,
321248,P,2001-02-02,42856,1,3.10,3.69,,
321249,P,2000-11-16,93568,4,52.56,1.98,,
321250,P,2000-11-15,54388,3,12.28,5.68,,
321251,P,2002-07-07,20784,6,86.44,9.51,,
321252,P,2000-06-10,59692,10,38.10,7.91,,
321253,P,2001-12-26,28397,8,51.66,9.67,,
321254,P,2002-04-18,75292,8,85.75,2.41,,
321255,P,2001-07-12,17564,10,51.08,4.31,,
321256,P,2000-08-13,86169,6,0.91,9.93,,
321257,P,2001-02-27,32059,3,58.42,9.81,,
321258,P,2001-12-02,31379,10,48.12,1.29,,
321259,P,2001-05-27,23605,2,55.42,9.91,,
321260,P,2001-03-31,15161,5,95.97,0.72,,
321261,P,2001-07-29,33325,1,94.93,9.08,,
321262,P,2000-11-05,53301,5,19.25,2.81,,
321263,P,2000-08-21,37221,2,74.01,0.65,,
321264,P,2000-07-22,9038,2,69.45,5.39,,
321265,P,2002-05-25,7599,5,78.01,1.34,,
321266,P,2000-04-19,95924,4,90.36,6.31,,
321267,P,2000-12-02,3310,4,37.38,0.71,,
321268,P,2000-05-25,92607,3,30.18,9.07,,
321269,P,2000-10-18,70180,1,27.00,3.81,,
321270,P,2002-01-02,69762,5,57.91,5.71,,
321271,P,2001-04-01,97498,1,60.98,0.43,,
321272,P,2002-08-24,13701,9,6.36,9.78,,
321273,P,2001-10-28,74947,10,89.25,0.62,,
321274,P,2001-10-04,49107,1,3.56,8.11,,
321275,P,2000-11-09,63802,5,3.94,0.10,,
321276,P,2000-01-10,19439,3,63.65,6.20,,
321277,P,2002-04-10,86994,8,37.02,0.96,,
321278,P,2001-05-23,30861,7,36.67,8.86,,
321279,P,2000-10-16,83587,6,3.62,9.54,,
321280,P,2002-04-02,47006,1,49.09,1.05,,
321281,P,2001-07-25,45459,4,82.61,2.93,,
321282,P,2001-12-26,42831,4,11.32,4.74,,
321283,P,2000-08-03,77424,2,67.25,5.14,,
321284,P,2000-02-12,5789,6,54.19,8.80,,
321285,P,2000-11-24,67381,3,0.65,9.40,,
321286,P,2002-01-04,23609,8,80.51,6.36,,
321287,P,2001-09-05,97072,1,72.56,5.44,,
321288,P,2001-07-04,56561,4,41.17,8.79,,
321289,P,2000-07-17,54424,6,48.01,8.99,,
321290,P,2002-02-07,1656,2,56.93,8.15,,
321291,P,2000-09-23,6303,10,62.79,6.21,,
321292,P,2001-03-01,33146,1,93.18,5.03,,
321293,P,2002-06-10,47823,7,34.37,7.06,,
321294,P,2001-01-11,83500,8,12.94,3.73,,
321295,P,2000-09-20,83345,4,67.40,7.86,,
321296,P,2000-11-27,63262,1,71.09,4.82,,
321297,P,2000-06-30,96214,7,35.70,1.10,,
321298,P,2000-10-02,18068,7,64.42,0.23,,
321299,P,2000-05-09,24885,9,47.22,9.88,,
321300,P,2001-04-30,39660,2,67.18,0.19,,
321301,P,2002-02-19,46452,9,42.99,7.73,,
321302,P,2000-01-04,20407,6,38.00,2.52,,
321303,P,2002-01-19,15716,4,96.70,3.22,,
321304,P,2000-05-24,32672,1,26.43,8.62,,
321305,P,2001-05-18,79534,8,67.94,3.11,,
321306,P,2002-05-26,63938,1,36.05,5.88,,
321307,P,2002-02-03,96922,7,56.95,7.20,,
321308,P,2002-05-11,82680,9,96.32,2.64,,
321309,P,2000-03-31,68980,8,89.89,7.49,,
321310,P,2000-01-19,77705,4,45.54,2.18,,
321311,P,2000-05-25,67089,8,0.53,9.94,,
321312,P,2002-03-26,91777,1,76.15,0.97,,
321313,P,2000-04-10,5739,7,79.26,7.94,,
321314,P,2001-11-03,44236,7,90.26,9.15,,
321315,P,2002-08-31,97205,6,38.53,5.88,,
321316,P,2000-10-14,10507,2,46.71,6.54,,
321317,P,2002-08-22,99179,4,13.68,8.53,,
321318,P,2002-07-05,8141,1,64.38,7.96,,
321319,P,2001-06-03,52471,7,23.64,8.12,,
321320,P,2000-03-24,34980,9,95.54,4.79,,
321321,P,2000-08-07,29596,6,83.77,9.82,,
321322,P,2000-07-12,20402,2,26.48,0.76,,
321323,P,2001-01-15,81001,9,91.59,4.01,,
321324,P,2002-09-25,91956,7,56.89,4.80,,
321325,P,2002-02-17,29214,2,19.64,6.66,,
321326,P,2000-12-12,74103,7,27.73,0.92,,
321327,P,2000-08-21,9066,10,61.32,8.70,,
321328,P,2001-12-28,24608,5,14.93,2.81,,
321329,P,2001-12-31,50287,8,21.15,6.85,,
321330,P,2000-04-24,87167,7,51.76,7.72,,
321331,P,2001-12-07,52427,10,46.05,6.14,,
321332,P,2001-07-19,31663,1,59.44,3.09,,
321333,P,2002-08-27,37107,2,41.76,5.79,,
321334,P,2001-12-28,15605,8,9.66,8.33,,
321335,P,2000-09-14,13246,8,84.32,0.36,,
321336,P,2001-05-17,71998,8,54.85,1.37,,
321337,P,2002-04-21,68318,4,1.52,8.27,,
321338,P,2001-11-26,88083,3,46.51,7.19,,
321339,P,2002-05-20,3069,2,10.72,3.19,,
321340,P,2000-06-04,84500,7,66.17,1.33,,
321341,P,2000-11-18,13135,10,65.28,4.18,,
321342,P,2001-03-03,52644,5,87.20,9.73,,
321343,P,2000-06-05,13378,4,18.53,2.40,,
321344,P,2002-05-29,25777,1,18.38,3.27,,
321345,P,2001-09-03,62779,5,90.27,9.25,,
321346,P,2001-06-23,80006,10,32.83,8.90,,
321347,P,2000-03-03,39747,7,89.30,6.13,,
321348,P,2000-03-27,73164,8,74.64,8.24,,
321349,P,2002-08-28,4740,9,58.68,9.07,,
321350,P,2002-07-17,59787,1,59.97,7.34,,
321351,P,2000-01-19,30,4,38.55,9.00,,
321352,P,2001-08-26,96142,7,4.96,6.82,,
321353,P,2002-08-04,26672,8,97.80,6.28,,
321354,P,2000-05-09,96958,4,65.81,7.49,,
321355,P,2000-11-17,46294,3,61.40,8.76,,
321356,P,2001-02-20,61000,10,24.76,9.21,,
321357,P,2002-01-18,65434,5,76.73,7.50,,
321358,P,2002-09-02,54064,8,22.38,6.63,,
321359,P,2000-05-17,12976,1,94.52,4.40,,
321360,P,2001-06-20,99173,4,80.95,1.88,,
321361,P,2001-12-06,79584,10,49.17,5.39,,
321362,P,2000-01-23,18686,5,77.97,6.86,,
321363,P,2000-12-19,12621,8,70.17,9.90,,
321364,P,2001-03-05,69474,9,11.20,9.28,,
321365,P,2002-01-18,34477,2,61.60,9.25,,
321366,P,2001-09-23,64254,1,87.01,6.08,,
321367,P,2001-01-25,66993,6,6.37,0.75,,
321368,P,2001-05-28,24439,2,38.27,6.87,,
321369,P,2001-11-28,31124,8,78.47,9.21,,
321370,P,2002-06-04,78358,5,38.40,5.12,,
321371,P,2001-07-10,15613,8,17.54,9.50,,
321372,P,2002-01-15,32354,6,38.10,8.76,,
321373,P,2000-05-31,52984,4,85.40,8.30,,
321374,P,2001-03-10,26571,10,83.64,9.70,,
321375,P,2000-06-03,84222,8,4.35,5.63,,
321376,P,2000-01-21,2827,3,38.29,2.73,,
321377,P,2002-01-05,77789,10,77.08,3.36,,
321378,P,2002-02-16,73872,10,66.94,9.54,,
321379,P,2001-03-23,6657,2,73.44,4.81,,
321380,P,2000-02-22,31302,10,63.55,7.54,,
321381,P,2000-11-03,37944,7,49.27,4.69,,
321382,P,2001-09-10,84119,2,93.17,7.68,,
321383,P,2000-01-24,94609,8,26.88,5.01,,
321384,P,2002-07-26,3869,2,7.66,4.77,,
321385,P,2000-01-24,62886,6,29.85,6.28,,
321386,P,2000-05-27,14661,4,68.32,7.96,,
321387,P,2000-01-22,35531,9,83.46,5.22,,
321388,P,2001-01-10,5807,3,58.25,3.53,,
321389,P,2000-03-10,51135,5,94.79,5.04,,
321390,P,2000-12-31,72793,7,87.32,3.95,,
321391,P,2000-11-05,81011,9,7.78,2.07,,
321392,P,2000-03-24,19047,2,51.10,2.67,,
321393,P,2001-07-21,364,6,23.24,6.81,,
321394,P,2000-12-19,52132,9,76.42,2.44,,
321395,P,2001-04-22,99019,6,69.09,4.72,,
321396,P,2002-01-23,62595,3,42.41,8.51,,
321397,P,2002-07-13,71592,9,89.27,1.38,,
321398,P,2000-01-05,58157,5,47.99,0.53,,
321399,P,2002-08-10,12047,8,47.09,7.78,,
321400,P,2000-12-29,54136,2,37.20,0.96,,
321401,P,2001-12-19,88984,4,48.55,7.66,,
321402,P,2001-01-08,29117,7,13.81,2.99,,
321403,P,2000-06-16,1829,8,40.50,6.68,,
321404,P,2000-09-06,3826,2,10.20,8.42,,
321405,P,2000-06-13,80893,1,14.35,7.24,,
321406,P,2001-04-05,30066,9,1.06,1.71,,
321407,P,2001-05-31,33130,4,36.62,3.15,,
321408,P,2001-04-21,5588,6,81.54,3.70,,
321409,P,2002-06-06,64677,8,28.60,6.72,,
321410,P,2001-02-22,12665,4,31.31,0.60,,
321411,P,2002-06-21,79042,7,17.21,4.02,,
321412,P,2001-01-26,93173,7,34.64,8.64,,
321413,P,2000-05-28,43938,2,15.94,7.47,,
321414,P,2001-05-30,21354,6,26.20,8.63,,
321415,P,2001-08-21,37723,10,48.38,8.75,,
321416,P,2002-09-17,67833,6,23.52,9.74,,
321417,P,2000-05-14,34413,10,4.36,1.00,,
321418,P,2001-02-06,19091,1,60.95,0.36,,
321419,P,2001-02-17,61777,4,64.22,3.24,,
321420,P,2000-04-24,92805,8,13.40,8.04,,
321421,P,2000-04-17,36373,4,43.23,1.63,,
321422,P,2000-07-21,33762,1,32.14,7.45,,
321423,P,2000-12-11,61503,4,55.58,3.91,,
321424,P,2001-01-09,40845,4,38.51,7.03,,
321425,P,2000-07-02,57440,10,14.88,5.99,,
321426,P,2000-12-02,27348,10,28.03,2.71,,
321427,P,2001-06-24,39963,3,90.73,9.68,,
321428,P,2000-04-02,44704,5,67.35,0.39,,
321429,P,2001-05-17,21464,3,60.62,4.42,,
321430,P,2001-10-22,38927,4,8.38,1.87,,
321431,P,2002-08-04,40934,8,13.04,1.34,,
321432,P,2002-05-20,77939,5,20.13,9.01,,
321433,P,2001-08-31,19077,2,82.63,4.01,,
321434,P,2002-01-06,32804,2,43.16,7.91,,
321435,P,2000-02-09,62178,4,72.73,1.34,,
321436,P,2001-06-15,55811,10,60.83,0.11,,
321437,P,2002-01-13,33681,5,22.73,4.74,,
321438,P,2000-08-17,25125,4,75.05,6.64,,
321439,P,2002-08-26,68240,4,83.07,3.94,,
321440,P,2000-04-14,76054,4,62.84,8.31,,
321441,P,2000-04-25,1836,7,15.82,5.19,,
321442,P,2001-05-19,39845,6,18.28,1.38,,
321443,P,2001-10-18,97639,4,35.19,3.56,,
321444,P,2002-07-31,56588,3,33.93,3.84,,
321445,P,2001-07-17,94559,8,3.44,9.26,,
321446,P,2000-04-20,67722,5,39.61,4.00,,
321447,P,2001-10-06,43432,10,58.64,3.68,,
321448,P,2000-01-31,1220,10,58.55,3.88,,
321449,P,2001-07-05,31849,6,98.21,7.14,,
321450,P,2000-01-25,90131,7,51.90,5.46,,
321451,P,2002-01-04,91114,1,86.48,0.04,,
321452,P,2002-08-07,49788,2,99.13,3.58,,
321453,P,2002-03-08,21039,5,57.29,6.60,,
321454,P,2002-07-14,89277,1,44.23,6.19,,
321455,P,2002-08-03,8727,2,86.60,0.23,,
321456,P,2000-03-05,77468,10,19.08,6.80,,
321457,P,2002-04-07,73508,8,82.82,6.31,,
321458,P,2001-04-05,26985,8,26.64,4.47,,
321459,P,2002-07-31,38714,10,24.27,6.63,,
321460,P,2001-05-28,39058,4,18.95,3.82,,
321461,P,2001-10-05,15464,10,13.67,6.22,,
321462,P,2002-05-09,29733,1,71.21,6.92,,
321463,P,2001-01-31,7769,1,74.89,9.20,,
321464,P,2000-09-26,28688,5,76.80,0.93,,
321465,P,2002-07-22,86287,10,82.89,1.89,,
321466,P,2000-02-01,20863,10,64.40,9.08,,
321467,P,2001-11-25,24907,5,54.11,3.65,,
321468,P,2000-05-10,65880,9,3.16,6.28,,
321469,P,2001-05-12,32424,9,14.28,3.32,,
321470,P,2002-09-14,53427,7,75.75,2.02,,
321471,P,2000-01-09,10897,1,46.64,8.55,,
321472,P,2002-05-06,75174,1,85.65,0.68,,
321473,P,2001-08-21,6197,3,4.15,2.96,,
321474,P,2001-09-09,1994,2,7.24,1.59,,
321475,P,2000-02-24,78211,4,81.58,4.46,,
321476,P,2001-07-03,33026,5,81.47,7.84,,
321477,P,2000-02-28,60232,7,99.71,1.46,,
321478,P,2000-12-22,65309,5,36.52,7.50,,
321479,P,2001-06-10,98745,6,59.75,1.24,,
321480,P,2001-11-27,73786,7,16.29,6.23,,
321481,P,2000-01-04,2145,7,74.53,2.02,,
321482,P,2002-05-08,48372,10,79.62,2.47,,
321483,P,2001-10-09,29262,8,69.32,3.12,,
321484,P,2000-05-11,65417,9,24.76,5.22,,
321485,P,2001-12-06,47241,10,40.99,7.09,,
321486,P,2002-02-03,38437,7,78.33,4.58,,
321487,P,2002-04-08,53911,3,30.30,5.55,,
321488,P,2000-01-16,58613,9,89.94,8.91,,
321489,P,2001-02-08,17229,9,82.40,2.41,,
321490,P,2001-08-02,76554,6,29.60,9.75,,
321491,P,2000-07-16,19461,5,47.20,8.12,,
321492,P,2001-06-16,76362,4,30.27,7.78,,
321493,P,2002-03-25,73921,4,20.44,7.37,,
321494,P,2000-01-06,75993,3,27.11,1.04,,
321495,P,2002-06-23,38357,1,43.44,5.33,,
321496,P,2000-04-11,36950,4,44.22,6.81,,
321497,P,2002-04-03,47583,2,52.60,0.04,,
321498,P,2001-06-18,32591,2,12.19,2.21,,
321499,P,2001-01-20,70700,1,13.64,6.99,,
321500,P,2000-12-31,20326,9,88.65,7.26,,
321501,P,2001-07-01,57556,4,21.13,3.42,,
321502,P,2000-05-12,69473,6,42.28,9.95,,
321503,P,2002-07-26,67329,1,59.41,9.57,,
321504,P,2002-05-08,12793,6,93.09,0.33,,
321505,P,2000-09-07,1769,5,56.81,8.40,,
321506,P,2001-08-14,20520,1,96.51,4.77,,
321507,P,2001-11-20,80390,3,4.27,5.43,,
321508,P,2002-03-19,19991,8,91.14,8.25,,
321509,P,2002-06-10,88050,1,85.39,5.03,,
321510,P,2002-07-15,71524,5,29.65,8.83,,
321511,P,2002-03-08,34703,10,71.16,1.30,,
321512,P,2001-09-19,63010,2,99.27,8.08,,
321513,P,2000-05-05,5106,2,48.32,3.30,,
321514,P,2000-07-19,15037,7,17.29,8.69,,
321515,P,2000-10-08,99805,8,80.57,8.21,,
321516,P,2001-08-06,65126,6,40.23,6.35,,
321517,P,2000-01-19,81848,6,89.89,2.28,,
321518,P,2000-03-10,49720,4,14.69,2.81,,
321519,P,2001-08-29,16293,4,96.51,1.61,,
321520,P,2001-02-25,40893,1,13.74,1.47,,
321521,P,2001-03-16,96067,10,83.74,9.22,,
321522,P,2002-07-13,2396,3,65.57,6.05,,
321523,P,2002-08-10,12811,6,73.88,2.12,,
321524,P,2000-07-09,73754,10,36.19,5.08,,
321525,P,2001-08-16,93389,8,24.13,5.63,,
321526,P,2000-07-22,11710,5,45.08,9.43,,
321527,P,2002-03-07,9392,8,29.15,8.21,,
321528,P,2002-03-26,69369,4,20.83,0.86,,
321529,P,2001-12-18,63497,2,29.87,9.15,,
321530,P,2001-08-29,14789,9,22.60,7.67,,
321531,P,2002-01-20,43793,8,49.00,8.18,,
321532,P,2002-09-06,9489,1,93.35,6.43,,
321533,P,2002-03-27,91697,3,16.64,7.54,,
321534,P,2001-03-11,58808,10,92.24,7.48,,
321535,P,2000-09-21,37835,6,48.68,1.33,,
321536,P,2001-08-01,68543,5,81.06,2.38,,
321537,P,2001-11-15,17071,9,71.58,3.97,,
321538,P,2001-09-26,66,3,72.38,1.66,,
321539,P,2000-06-02,31884,7,15.45,8.26,,
321540,P,2001-04-11,19338,1,99.90,9.30,,
321541,P,2002-04-27,36718,10,23.23,3.09,,
321542,P,2001-07-02,22871,3,18.55,6.31,,
321543,P,2002-07-31,71516,8,46.80,3.86,,
321544,P,2000-08-03,31230,4,9.24,6.58,,
321545,P,2000-02-25,9047,3,8.10,5.55,,
321546,P,2001-07-30,55109,3,47.22,4.45,,
321547,P,2000-05-31,3174,7,7.69,9.02,,
321548,P,2001-11-10,89712,8,60.05,1.34,,
321549,P,2000-11-09,74682,2,95.19,5.96,,
321550,P,2000-01-02,84240,6,43.34,1.77,,
321551,P,2000-09-16,71595,8,83.48,4.20,,
321552,P,2000-05-23,76996,8,92.44,4.70,,
321553,P,2002-01-03,47722,4,3.30,6.02,,
321554,P,2000-07-21,54338,9,9.53,7.60,,
321555,P,2002-03-14,8647,6,16.98,4.92,,
321556,P,2000-11-02,17152,10,60.02,0.12,,
321557,P,2000-12-24,31206,3,87.22,3.96,,
321558,P,2000-01-29,17703,6,76.65,9.43,,
321559,P,2002-06-14,6445,9,31.39,7.41,,
321560,P,2002-01-27,46834,1,65.95,8.63,,
321561,P,2001-01-05,72182,2,70.51,6.07,,
321562,P,2000-03-15,66099,4,68.19,8.09,,
321563,P,2002-02-03,54291,2,22.34,6.88,,
321564,P,2002-02-16,92964,4,5.75,9.15,,
321565,P,2002-06-13,6502,9,72.81,7.44,,
321566,P,2002-09-10,58178,5,91.14,2.08,,
321567,P,2001-02-01,98921,4,7.84,5.14,,
321568,P,2000-02-02,67334,5,10.33,8.83,,
321569,P,2001-02-24,71405,9,12.16,4.53,,
321570,P,2001-12-26,7875,10,90.80,6.81,,
321571,P,2002-01-29,73481,5,40.72,3.92,,
321572,P,2000-07-05,33850,9,3.22,4.12,,
321573,P,2000-10-21,77966,2,4.12,6.41,,
321574,P,2001-07-16,1896,2,72.20,3.74,,
321575,P,2002-05-03,355,2,51.69,7.03,,
321576,P,2001-06-11,78654,2,38.38,7.96,,
321577,P,2002-03-18,65281,2,58.59,0.27,,
321578,P,2002-09-22,68823,10,61.40,2.98,,
321579,P,2001-05-06,95401,8,64.24,3.30,,
321580,P,2001-08-27,73830,1,36.24,9.19,,
321581,P,2000-03-21,904,3,34.40,4.13,,
321582,P,2002-02-13,19447,4,94.40,3.14,,
321583,P,2001-12-03,82214,9,21.01,8.79,,
321584,P,2001-01-02,11479,4,31.98,6.84,,
321585,P,2001-01-08,60355,4,24.33,8.54,,
321586,P,2001-07-12,76469,8,15.56,5.83,,
321587,P,2002-03-25,90140,8,10.84,4.74,,
321588,P,2000-06-12,5627,7,26.55,6.33,,
321589,P,2000-03-27,55321,1,73.52,5.20,,
321590,P,2000-09-24,32076,10,6.57,9.40,,
321591,P,2002-09-24,21176,1,60.73,9.60,,
321592,P,2002-09-13,54612,1,37.43,1.71,,
321593,P,2002-08-30,38679,10,76.35,4.70,,
321594,P,2000-12-25,35291,6,90.82,9.52,,
321595,P,2002-08-12,63682,10,41.53,2.74,,
321596,P,2001-08-21,85514,2,38.66,9.63,,
321597,P,2001-10-27,38511,10,33.10,3.92,,
321598,P,2000-07-07,97082,5,8.99,7.38,,
321599,P,2000-03-20,16072,6,55.62,1.19,,
321600,P,2002-05-21,15623,1,35.56,1.24,,
321601,P,2002-06-25,41790,10,72.51,9.96,,
321602,P,2001-08-11,77800,9,6.71,6.73,,
321603,P,2000-04-09,69648,8,70.64,0.26,,
321604,P,2000-07-25,58668,3,5.86,3.99,,
321605,P,2001-08-14,75850,7,76.72,7.21,,
321606,P,2002-03-27,37013,2,54.89,8.23,,
321607,P,2002-05-24,65764,1,69.11,7.91,,
321608,P,2002-08-03,70091,2,40.62,3.32,,
321609,P,2002-08-11,70729,9,3.31,4.67,,
321610,P,2000-09-06,18187,9,90.32,0.49,,
321611,P,2001-04-25,34756,10,41.21,0.31,,
321612,P,2000-09-21,55468,7,36.02,6.75,,
321613,P,2000-08-30,68009,10,32.77,8.54,,
321614,P,2002-07-01,6861,9,32.85,5.63,,
321615,P,2002-05-06,52059,3,77.48,1.91,,
321616,P,2002-08-12,27561,5,34.34,3.23,,
321617,P,2001-07-15,38937,7,75.32,6.52,,
321618,P,2000-01-22,28301,2,78.77,8.62,,
321619,P,2000-01-26,48340,1,12.19,1.41,,
321620,P,2002-08-15,3459,7,7.06,2.44,,
321621,P,2000-09-05,94054,4,11.90,0.67,,
321622,P,2002-05-10,76163,3,21.23,8.08,,
321623,P,2001-01-01,27442,3,74.47,3.00,,
321624,P,2001-06-28,51836,3,57.91,6.69,,
321625,P,2000-04-21,64862,7,48.74,0.96,,
321626,P,2002-01-26,15676,9,70.48,4.72,,
321627,P,2002-01-31,64571,7,6.73,6.59,,
321628,P,2001-11-14,52963,5,28.07,5.84,,
321629,P,2002-08-04,8611,3,52.64,1.54,,
321630,P,2000-04-16,48862,8,99.79,5.90,,
321631,P,2002-07-12,21398,1,9.10,0.17,,
321632,P,2001-09-23,98532,8,99.15,5.88,,
321633,P,2000-05-26,42935,2,11.22,9.76,,
321634,P,2001-01-19,410,6,34.43,9.69,,
321635,P,2002-01-12,81226,1,24.56,1.58,,
321636,P,2000-03-18,30605,7,59.47,8.73,,
321637,P,2000-11-16,86737,2,26.70,7.91,,
321638,P,2001-10-24,36690,5,86.10,8.36,,
321639,P,2002-07-14,72219,8,77.33,0.74,,
321640,P,2001-09-06,39394,2,9.44,9.54,,
321641,P,2000-04-03,48855,7,99.98,5.10,,
321642,P,2002-06-27,40789,10,46.85,9.12,,
321643,P,2002-04-06,51212,7,95.42,1.06,,
321644,P,2000-05-01,86266,3,11.18,7.30,,
321645,P,2000-05-15,68186,7,4.52,7.32,,
321646,P,2000-08-13,56034,10,12.06,9.11,,
321647,P,2001-09-16,21910,5,38.21,2.29,,
321648,P,2002-07-29,13754,4,43.59,6.12,,
321649,P,2000-09-17,91597,5,58.12,6.18,,
321650,P,2001-06-29,27264,4,72.92,8.98,,
321651,P,2000-05-17,35164,4,18.03,7.17,,
321652,P,2000-09-16,85601,7,47.86,7.23,,
321653,P,2001-02-01,55453,4,36.66,6.06,,
321654,P,2002-06-03,30687,2,39.22,8.13,,
321655,P,2002-08-30,615,1,97.95,4.19,,
321656,P,2001-03-12,45115,5,95.19,9.72,,
321657,P,2001-09-20,86093,5,30.62,4.69,,
321658,P,2000-08-01,29589,2,31.17,5.24,,
321659,P,2001-09-10,73963,4,34.96,5.94,,
321660,P,2001-02-27,50048,1,39.62,8.16,,
321661,P,2000-06-04,7567,5,18.71,8.65,,
321662,P,2002-08-21,16775,10,72.73,4.58,,
321663,P,2002-05-22,77827,5,20.75,0.39,,
321664,P,2001-10-21,6377,9,20.13,3.02,,
321665,P,2002-05-31,55078,1,93.61,5.65,,
321666,P,2000-09-22,74882,3,13.82,4.03,,
321667,P,2000-05-11,40833,9,18.24,9.79,,
321668,P,2001-11-29,26173,2,80.53,6.10,,
321669,P,2001-10-13,12234,7,76.25,4.49,,
321670,P,2002-01-04,41664,6,17.06,0.01,,
321671,P,2002-02-03,45965,5,52.39,6.05,,
321672,P,2002-07-27,9282,3,87.76,4.92,,
321673,P,2001-06-24,63040,6,1.46,7.20,,
321674,P,2000-08-23,65481,7,24.80,5.84,,
321675,P,2001-01-17,50246,3,35.68,0.77,,
321676,P,2000-08-05,29638,3,94.89,7.35,,
321677,P,2001-09-13,83182,9,21.44,5.56,,
321678,P,2002-01-25,73849,7,15.91,4.56,,
321679,P,2001-09-04,35336,5,46.77,5.24,,
321680,P,2001-04-08,45132,5,29.84,2.14,,
321681,P,2001-10-18,61222,6,96.31,7.28,,
321682,P,2002-04-19,73539,2,5.10,4.49,,
321683,P,2000-03-26,65965,2,91.00,2.46,,
321684,P,2000-03-04,39833,1,71.77,0.25,,
321685,P,2001-12-07,32214,8,88.35,7.86,,
321686,P,2001-06-16,82920,7,93.40,5.47,,
321687,P,2002-08-19,52523,6,97.20,9.99,,
321688,P,2000-03-19,592,2,83.91,5.01,,
321689,P,2002-05-22,82412,6,35.30,2.01,,
321690,P,2001-05-23,61269,5,61.27,8.16,,
321691,P,2000-12-23,77832,6,63.88,9.66,,
321692,P,2000-12-13,30042,4,68.50,5.86,,
321693,P,2001-01-05,23017,10,88.12,5.95,,
321694,P,2002-04-11,51873,2,82.20,4.26,,
321695,P,2001-09-06,86254,1,3.56,3.30,,
321696,P,2001-10-15,28831,3,64.25,4.46,,
321697,P,2000-10-18,56334,2,50.75,2.63,,
321698,P,2002-08-08,30303,1,95.05,4.34,,
321699,P,2001-11-30,30352,7,20.91,1.21,,
321700,P,2002-03-16,80240,1,6.70,2.45,,
321701,P,2002-02-15,94850,10,26.99,0.36,,
321702,P,2000-05-15,20875,9,28.91,0.35,,
321703,P,2001-09-03,12247,1,9.36,6.55,,
321704,P,2000-02-01,76906,6,63.99,6.85,,
321705,P,2000-07-22,18793,8,59.25,9.20,,
321706,P,2002-09-22,98913,6,96.82,6.13,,
321707,P,2001-06-07,39512,5,58.42,0.79,,
321708,P,2002-08-04,86024,5,50.25,0.45,,
321709,P,2000-10-08,30577,9,91.22,6.84,,
321710,P,2002-01-30,48023,6,77.78,7.49,,
321711,P,2002-09-23,20475,3,44.48,5.52,,
321712,P,2001-11-17,91545,2,7.15,7.05,,
321713,P,2001-10-20,41975,4,38.46,2.83,,
321714,P,2001-11-03,92669,6,42.42,9.70,,
321715,P,2001-07-24,33637,3,68.27,8.02,,
321716,P,2001-09-10,36776,1,4.79,5.12,,
321717,P,2001-04-13,11739,3,57.17,0.06,,
321718,P,2000-07-28,83426,6,95.53,5.22,,
321719,P,2000-12-19,49641,7,64.25,2.72,,
321720,P,2000-01-02,12770,4,29.75,6.80,,
321721,P,2001-03-22,95049,3,71.79,3.33,,
321722,P,2001-11-19,14386,10,12.44,7.57,,
321723,P,2000-10-03,57464,7,79.19,1.35,,
321724,P,2002-01-02,50429,2,7.35,1.05,,
321725,P,2002-06-11,25820,4,96.49,2.52,,
321726,P,2001-12-31,57439,2,30.34,3.06,,
321727,P,2000-03-09,40724,2,64.79,9.95,,
321728,P,2002-06-08,47865,10,53.56,7.18,,
321729,P,2002-03-11,14629,2,94.25,4.07,,
321730,P,2001-07-09,77579,8,81.21,6.10,,
321731,P,2000-07-24,70190,7,35.23,7.32,,
321732,P,2000-08-10,37952,4,62.00,9.13,,
321733,P,2001-12-07,20485,3,38.27,5.12,,
321734,P,2000-07-11,3808,4,31.60,7.97,,
321735,P,2000-07-02,92127,1,83.93,7.81,,
321736,P,2001-04-26,38918,1,40.87,6.10,,
321737,P,2000-04-30,9081,9,65.03,2.74,,
321738,P,2000-06-06,89960,3,37.38,0.20,,
321739,P,2001-03-15,84762,4,80.47,2.90,,
321740,P,2000-02-29,6075,6,45.53,9.93,,
321741,P,2001-08-21,42990,8,89.42,9.26,,
321742,P,2001-06-07,90448,2,87.00,6.25,,
321743,P,2001-11-10,32748,5,35.12,9.88,,
321744,P,2000-12-11,27019,4,53.56,2.59,,
321745,P,2001-09-23,96906,6,25.97,8.06,,
321746,P,2002-05-27,17584,2,67.74,9.19,,
321747,P,2001-10-07,62229,1,9.88,6.00,,
321748,P,2000-06-12,4444,8,84.63,5.02,,
321749,P,2001-10-20,32408,5,59.04,2.71,,
321750,P,2001-08-27,80619,10,83.68,3.89,,
321751,P,2002-07-23,59278,6,31.08,6.16,,
321752,P,2002-06-20,54727,4,28.11,9.70,,
321753,P,2000-05-12,18902,3,31.42,6.91,,
321754,P,2001-11-22,40709,8,79.18,5.75,,
321755,P,2000-05-17,3544,1,90.24,7.72,,
321756,P,2000-06-23,60330,9,85.73,1.14,,
321757,P,2001-01-21,67927,7,90.65,9.09,,
321758,P,2000-11-30,7085,1,70.10,4.13,,
321759,P,2002-07-18,35105,8,4.65,9.91,,
321760,P,2000-09-11,74132,4,42.89,0.15,,
321761,P,2002-05-11,96321,7,30.57,3.15,,
321762,P,2002-05-26,37849,10,22.86,9.45,,
321763,P,2002-03-04,85667,3,56.40,7.35,,
321764,P,2002-04-08,66958,4,48.83,6.62,,
321765,P,2001-12-25,26708,2,9.48,1.06,,
321766,P,2001-02-03,40638,3,98.04,1.33,,
321767,P,2002-03-28,55215,7,94.62,5.70,,
321768,P,2001-01-18,47547,2,60.01,1.13,,
321769,P,2001-09-10,55451,9,71.69,5.17,,
321770,P,2001-11-18,74718,9,67.07,7.97,,
321771,P,2002-05-30,17568,3,2.96,8.00,,
321772,P,2001-06-30,46840,7,17.79,7.01,,
321773,P,2001-10-15,10878,10,87.39,8.94,,
321774,P,2002-01-31,41577,5,13.18,6.99,,
321775,P,2001-07-31,22924,5,49.04,0.89,,
321776,P,2001-11-30,23691,5,48.89,0.50,,
321777,P,2001-08-21,52169,1,35.66,9.78,,
321778,P,2001-03-15,90084,5,92.29,9.20,,
321779,P,2000-06-28,1707,1,88.37,3.96,,
321780,P,2000-12-07,13190,7,74.32,5.54,,
321781,P,2000-06-17,25359,4,47.88,0.19,,
321782,P,2001-08-14,86999,7,99.67,7.58,,
321783,P,2001-10-24,75326,10,38.25,6.80,,
321784,P,2001-06-29,44687,3,1.95,7.42,,
321785,P,2000-03-09,27376,9,74.22,3.64,,
321786,P,2002-02-12,43724,3,55.03,4.83,,
321787,P,2001-05-13,96437,3,24.12,7.05,,
321788,P,2001-11-02,99218,9,32.33,2.57,,
321789,P,2001-01-22,43272,3,25.36,1.73,,
321790,P,2002-07-19,58862,8,88.17,3.40,,
321791,P,2001-05-02,64913,1,5.75,9.51,,
321792,P,2002-03-03,46844,7,98.78,1.52,,
321793,P,2000-04-16,6510,1,50.76,9.35,,
321794,P,2001-05-16,84909,1,78.38,0.69,,
321795,P,2002-03-04,85894,1,76.89,4.01,,
321796,P,2001-12-11,21035,1,13.08,1.60,,
321797,P,2000-01-08,40542,2,28.09,5.66,,
321798,P,2001-10-23,22209,6,36.78,1.95,,
321799,P,2001-04-21,47465,3,66.36,7.99,,
321800,P,2000-04-28,23969,1,47.37,6.31,,
321801,P,2001-02-18,13056,2,98.01,2.00,,
321802,P,2001-08-18,68552,3,43.94,4.30,,
321803,P,2001-05-23,38642,6,9.36,9.80,,
321804,P,2002-03-19,58119,4,80.44,1.17,,
321805,P,2001-02-24,57729,3,32.50,8.36,,
321806,P,2001-06-25,12485,5,85.56,4.50,,
321807,P,2001-08-26,38753,5,53.77,6.71,,
321808,P,2000-09-30,64671,4,80.37,8.28,,
321809,P,2001-10-12,39213,1,64.31,4.84,,
321810,P,2001-10-07,26527,5,26.37,1.37,,
321811,P,2002-04-11,89499,5,7.46,8.75,,
321812,P,2000-04-04,74918,1,94.35,9.25,,
321813,P,2001-05-20,26471,9,2.49,0.80,,
321814,P,2001-11-29,46397,5,55.97,7.55,,
321815,P,2001-02-21,2074,1,70.75,4.60,,
321816,P,2001-08-19,55706,4,56.42,3.75,,
321817,P,2002-02-02,949,1,53.84,7.81,,
321818,P,2001-05-23,33655,8,72.71,9.87,,
321819,P,2001-05-17,93,10,89.06,2.22,,
321820,P,2001-04-02,94247,6,20.23,8.20,,
321821,P,2001-02-23,6720,6,39.12,5.09,,
321822,P,2001-03-14,68217,1,37.46,4.33,,
321823,P,2000-09-02,33583,6,42.19,9.82,,
321824,P,2001-03-27,32567,8,2.31,3.47,,
321825,P,2001-09-11,90280,10,49.10,4.16,,
321826,P,2002-05-31,16615,3,75.22,8.43,,
321827,P,2002-03-01,62761,9,78.92,8.82,,
321828,P,2001-09-13,56424,9,94.30,9.56,,
321829,P,2001-04-23,28389,2,21.97,7.57,,
321830,P,2000-06-07,49576,1,52.22,5.90,,
321831,P,2000-05-01,20727,1,41.62,0.32,,
321832,P,2001-12-10,84463,8,96.54,8.94,,
321833,P,2000-11-30,92822,1,86.39,0.06,,
321834,P,2000-06-30,14226,5,23.80,8.10,,
321835,P,2002-02-09,23587,9,54.70,1.06,,
321836,P,2002-09-26,40873,2,20.64,0.17,,
321837,P,2000-04-27,19595,1,47.86,4.67,,
321838,P,2001-11-20,94047,4,3.35,7.99,,
321839,P,2002-06-15,5388,7,97.03,0.25,,
321840,P,2000-07-11,56526,10,95.09,1.65,,
321841,P,2000-08-17,4470,8,21.62,4.37,,
321842,P,2000-04-26,95749,8,68.18,7.27,,
321843,P,2001-12-19,44127,10,0.69,1.21,,
321844,P,2000-02-12,53973,3,26.70,3.78,,
321845,P,2000-06-17,5244,4,26.25,4.60,,
321846,P,2000-07-16,63534,7,62.27,0.89,,
321847,P,2000-05-17,33699,4,21.89,7.08,,
321848,P,2002-09-10,72167,3,80.85,0.35,,
321849,P,2000-12-11,89804,6,84.93,0.08,,
321850,P,2001-09-09,66983,1,20.18,4.97,,
321851,P,2000-07-10,63848,6,39.52,2.63,,
321852,P,2001-02-21,54576,3,79.28,0.69,,
321853,P,2000-10-16,91051,2,64.89,9.78,,
321854,P,2001-09-12,34446,8,23.47,8.67,,
321855,P,2000-08-07,4147,4,57.02,4.42,,
321856,P,2002-05-06,23219,3,12.86,6.03,,
321857,P,2002-05-27,38798,10,15.89,5.40,,
321858,P,2000-08-05,53562,3,65.77,3.55,,
321859,P,2001-04-16,86347,3,69.40,0.92,,
321860,P,2001-02-06,24972,8,29.89,4.58,,
321861,P,2002-04-03,78290,2,36.52,8.29,,
321862,P,2002-02-07,25413,2,90.52,7.04,,
321863,P,2000-12-27,43055,1,15.96,4.67,,
321864,P,2001-01-13,62707,3,8.50,9.22,,
321865,P,2001-01-11,78712,8,3.49,6.14,,
321866,P,2001-07-04,94357,9,99.31,0.71,,
321867,P,2000-11-11,84216,3,33.18,7.36,,
321868,P,2000-01-12,67993,6,74.92,3.48,,
321869,P,2001-03-12,20935,4,37.44,8.04,,
321870,P,2000-08-09,56244,4,70.61,6.97,,
321871,P,2000-07-09,84582,9,48.89,0.08,,
321872,P,2001-05-14,12830,8,0.75,3.30,,
321873,P,2001-03-26,46017,1,99.25,8.14,,
321874,P,2000-04-28,97668,5,33.21,7.20,,
321875,P,2001-08-17,73466,5,88.41,9.35,,
321876,P,2001-11-07,70958,7,80.40,1.16,,
321877,P,2000-01-20,48801,7,4.87,8.51,,
321878,P,2001-07-24,65974,4,79.23,2.07,,
321879,P,2000-04-04,90107,6,86.79,0.28,,
321880,P,2000-06-21,45172,6,67.55,8.17,,
321881,P,2002-03-20,83057,1,35.93,0.81,,
321882,P,2001-01-05,35013,9,89.40,4.11,,
321883,P,2001-02-09,75066,4,8.82,1.14,,
321884,P,2002-06-21,30690,1,55.84,9.31,,
321885,P,2001-01-05,98522,2,69.00,9.55,,
321886,P,2001-12-02,61176,8,54.72,8.05,,
321887,P,2001-08-17,89844,10,64.95,9.91,,
321888,P,2000-01-24,68132,6,14.80,5.94,,
321889,P,2000-04-03,55721,9,35.83,5.44,,
321890,P,2001-10-08,32891,9,98.97,0.41,,
321891,P,2001-10-29,17751,10,16.63,6.87,,
321892,P,2002-02-18,53135,4,3.48,6.74,,
321893,P,2000-05-08,7698,5,43.06,2.57,,
321894,P,2001-11-05,79725,7,18.68,9.11,,
321895,P,2001-12-16,31454,7,91.79,8.27,,
321896,P,2001-09-16,10376,6,37.12,5.51,,
321897,P,2001-04-11,22092,4,72.65,9.20,,
321898,P,2002-06-11,89322,9,84.66,5.17,,
321899,P,2000-01-01,6029,5,68.93,6.86,,
321900,P,2001-01-13,85491,1,43.81,5.05,,
321901,P,2000-01-22,90697,9,73.39,6.43,,
321902,P,2000-08-10,86761,1,88.26,6.31,,
321903,P,2000-02-05,69776,6,11.59,6.39,,
321904,P,2000-11-15,70914,9,28.10,0.78,,
321905,P,2002-04-19,50851,7,97.38,0.61,,
321906,P,2002-04-27,56206,1,69.94,2.62,,
321907,P,2002-04-09,26264,3,66.25,2.70,,
321908,P,2002-06-29,33874,7,5.06,4.75,,
321909,P,2000-06-22,94373,7,44.23,3.05,,
321910,P,2002-05-16,53130,10,31.58,4.21,,
321911,P,2000-04-24,88080,1,32.24,8.40,,
321912,P,2001-12-24,79223,5,79.93,1.24,,
321913,P,2001-09-03,59240,1,8.67,3.01,,
321914,P,2002-02-01,90566,5,95.41,5.78,,
321915,P,2000-11-16,49523,5,95.68,9.08,,
321916,P,2000-02-15,24420,5,25.52,6.96,,
321917,P,2000-02-24,26716,9,24.05,8.30,,
321918,P,2001-11-12,69653,1,90.46,3.59,,
321919,P,2002-06-07,59170,7,41.61,3.21,,
321920,P,2001-09-07,87758,2,62.34,2.64,,
321921,P,2000-07-17,75138,7,71.51,6.06,,
321922,P,2000-11-20,74557,1,38.33,3.31,,
321923,P,2001-08-23,70888,7,49.45,5.85,,
321924,P,2000-09-14,75731,4,52.36,0.36,,
321925,P,2001-08-07,86041,7,52.79,0.32,,
321926,P,2001-11-13,60921,10,31.60,6.84,,
321927,P,2000-01-17,21445,7,20.92,3.88,,
321928,P,2000-09-27,41554,8,4.68,3.87,,
321929,P,2001-08-25,50628,3,51.85,2.96,,
321930,P,2000-01-19,81345,5,47.85,8.12,,
321931,P,2001-07-14,90397,7,65.41,8.45,,
321932,P,2001-11-16,74720,4,21.68,4.82,,
321933,P,2001-07-14,5307,10,19.67,6.55,,
321934,P,2001-02-27,44429,2,22.03,1.69,,
321935,P,2001-07-04,60139,1,23.52,5.86,,
321936,P,2000-01-10,48082,3,93.75,3.47,,
321937,P,2002-08-28,34151,4,26.81,0.81,,
321938,P,2001-10-08,61841,2,83.64,6.55,,
321939,P,2000-10-18,98203,4,91.53,3.33,,
321940,P,2001-07-23,75167,4,39.28,1.96,,
321941,P,2001-01-10,96369,10,31.86,7.85,,
321942,P,2000-11-17,7267,2,49.38,2.43,,
321943,P,2000-07-25,14465,6,82.14,5.89,,
321944,P,2001-05-13,19517,4,69.07,7.85,,
321945,P,2002-07-21,87187,3,12.59,1.01,,
321946,P,2000-12-08,51659,1,54.58,5.39,,
321947,P,2002-04-09,61542,5,6.18,1.28,,
321948,P,2002-02-19,77155,4,32.38,6.80,,
321949,P,2000-01-26,87172,5,94.17,6.19,,
321950,P,2000-08-10,85237,5,28.12,2.92,,
321951,P,2000-03-16,67083,9,53.10,9.24,,
321952,P,2001-01-26,76427,1,49.99,4.35,,
321953,P,2001-01-15,62221,5,65.11,7.56,,
321954,P,2002-05-19,49822,1,34.47,4.62,,
321955,P,2001-11-05,85821,1,59.31,9.99,,
321956,P,2002-01-13,48272,9,72.54,6.68,,
321957,P,2001-03-22,65577,7,94.99,5.18,,
321958,P,2002-04-28,12748,3,39.70,6.59,,
321959,P,2001-01-22,23387,10,79.87,7.84,,
321960,P,2001-09-21,97312,5,90.09,0.41,,
321961,P,2000-01-07,38772,7,24.23,5.13,,
321962,P,2000-12-25,85654,3,39.26,7.86,,
321963,P,2001-02-27,33795,1,86.49,2.56,,
321964,P,2001-07-16,78455,3,0.97,6.48,,
321965,P,2000-10-16,42527,5,92.71,9.94,,
321966,P,2001-03-08,94880,1,83.13,5.18,,
321967,P,2001-02-16,63940,5,49.44,8.37,,
321968,P,2002-09-10,65540,10,86.68,0.91,,
321969,P,2001-12-26,65615,6,59.53,8.58,,
321970,P,2002-05-16,50343,4,63.21,5.39,,
321971,P,2002-01-11,32450,1,44.76,9.74,,
321972,P,2002-02-02,41114,1,37.55,9.76,,
321973,P,2000-02-06,22665,2,93.62,1.09,,
321974,P,2000-03-22,38465,7,96.32,3.68,,
321975,P,2002-03-14,26954,8,82.73,0.36,,
321976,P,2002-04-29,97592,4,53.55,1.85,,
321977,P,2000-11-06,77321,5,31.17,7.38,,
321978,P,2002-03-14,81630,8,30.35,2.76,,
321979,P,2000-08-14,24890,2,28.21,9.65,,
321980,P,2000-03-24,89613,8,72.41,0.18,,
321981,P,2001-10-19,6405,4,21.02,2.74,,
321982,P,2001-06-04,32483,7,38.74,7.53,,
321983,P,2002-01-02,95113,1,56.04,5.19,,
321984,P,2001-07-25,85990,6,86.68,6.61,,
321985,P,2000-12-31,74858,10,54.41,7.96,,
321986,P,2001-05-22,4906,5,32.89,2.33,,
321987,P,2001-12-09,79399,5,64.54,1.65,,
321988,P,2002-07-08,99641,7,92.73,5.33,,
321989,P,2001-05-25,32523,9,0.09,7.22,,
321990,P,2000-02-24,78791,2,41.86,5.26,,
321991,P,2001-07-21,25459,6,5.00,2.67,,
321992,P,2001-10-29,42640,3,28.39,7.85,,
321993,P,2002-02-13,12745,8,98.66,6.96,,
321994,P,2001-09-18,94292,9,1.29,7.73,,
321995,P,2002-03-11,34450,4,55.07,1.42,,
321996,P,2002-08-29,66975,5,32.81,5.88,,
321997,P,2001-08-29,12170,9,70.12,1.41,,
321998,P,2000-10-06,53684,5,88.08,7.60,,
321999,P,2000-04-02,93394,8,50.32,4.79,,
322000,P,2002-05-18,13850,9,63.88,5.44,,
322001,P,2000-08-24,46969,9,70.12,7.86,,
322002,P,2002-09-15,27808,6,1.51,8.71,,
322003,P,2001-08-09,97758,3,84.05,6.28,,
322004,P,2001-08-25,49414,10,73.69,2.39,,
322005,P,2001-12-26,68825,1,1.24,3.48,,
322006,P,2001-11-29,44588,2,20.89,1.74,,
322007,P,2002-04-11,58036,10,79.77,1.02,,
322008,P,2001-12-01,11562,8,35.46,0.74,,
322009,P,2000-09-02,56629,8,17.01,1.95,,
322010,P,2001-05-14,72429,6,53.11,1.72,,
322011,P,2000-05-06,50570,10,95.29,9.87,,
322012,P,2001-04-29,2676,6,54.63,2.04,,
322013,P,2002-06-29,76228,2,99.47,1.83,,
322014,P,2002-07-24,82464,9,3.40,7.44,,
322015,P,2002-08-17,23554,8,63.01,3.39,,
322016,P,2002-05-20,83420,6,90.97,3.99,,
322017,P,2000-02-03,55848,6,1.32,9.80,,
322018,P,2000-08-13,23496,5,98.34,4.07,,
322019,P,2001-11-22,9209,9,64.37,9.65,,
322020,P,2000-05-12,94389,5,57.53,7.77,,
322021,P,2000-03-20,24785,4,45.89,7.58,,
322022,P,2002-08-04,60620,8,99.01,7.53,,
322023,P,2001-06-17,50051,9,89.14,7.67,,
322024,P,2002-07-18,13077,1,69.70,7.76,,
322025,P,2001-01-21,84095,2,28.95,3.36,,
322026,P,2000-07-23,90954,9,26.17,8.10,,
322027,P,2001-09-20,47694,10,6.56,3.16,,
322028,P,2001-10-22,97342,4,85.38,3.51,,
322029,P,2001-02-26,4911,1,29.94,1.01,,
322030,P,2001-12-28,45718,4,79.91,6.22,,
322031,P,2001-10-28,71779,4,75.83,1.93,,
322032,P,2001-06-10,45755,8,72.00,3.06,,
322033,P,2001-04-17,54717,9,39.10,7.64,,
322034,P,2002-04-05,78814,1,13.81,7.37,,
322035,P,2002-05-25,28182,5,17.21,4.77,,
322036,P,2002-09-19,17192,8,19.83,5.87,,
322037,P,2001-04-08,80010,9,14.34,5.70,,
322038,P,2000-09-28,38453,9,82.68,2.75,,
322039,P,2001-01-10,70657,9,24.29,9.51,,
322040,P,2001-07-12,52511,3,10.21,8.46,,
322041,P,2000-10-29,39171,5,9.16,2.86,,
322042,P,2001-07-14,13501,6,0.75,5.11,,
322043,P,2002-04-15,27556,10,47.33,7.30,,
322044,P,2000-08-17,11975,9,77.20,4.80,,
322045,P,2000-08-19,44527,10,93.74,7.62,,
322046,P,2001-03-21,1212,10,45.54,2.34,,
322047,P,2001-03-27,15896,5,5.56,4.67,,
322048,P,2002-08-13,91616,10,81.02,7.62,,
322049,P,2001-12-23,77019,1,96.94,5.74,,
322050,P,2000-05-10,91634,10,25.85,2.83,,
322051,P,2000-04-23,44226,1,56.22,8.57,,
322052,P,2002-09-15,50065,1,65.89,4.53,,
322053,P,2002-09-06,23858,8,45.66,2.85,,
322054,P,2001-01-08,35182,10,65.89,1.72,,
322055,P,2000-10-28,74999,10,49.73,1.36,,
322056,P,2001-02-12,51387,7,12.46,2.71,,
322057,P,2000-09-24,38065,4,20.56,2.43,,
322058,P,2002-07-09,11405,6,40.81,8.32,,
322059,P,2000-02-20,89096,4,0.25,1.96,,
322060,P,2002-05-15,64978,7,73.75,2.22,,
322061,P,2000-10-15,17192,9,76.27,0.64,,
322062,P,2001-12-14,61101,2,46.26,3.65,,
322063,P,2001-10-31,31242,4,5.00,0.15,,
322064,P,2002-01-20,81900,1,47.53,9.26,,
322065,P,2001-11-20,51210,3,71.31,5.30,,
322066,P,2001-07-23,65374,1,24.60,7.83,,
322067,P,2000-07-31,18803,7,81.49,9.90,,
322068,P,2001-11-14,76056,6,78.20,0.14,,
322069,P,2002-09-16,22912,10,99.22,7.62,,
322070,P,2001-06-24,3039,6,58.38,7.98,,
322071,P,2000-02-06,25015,8,53.92,8.98,,
322072,P,2001-09-02,99609,3,35.93,7.28,,
322073,P,2001-04-29,91711,7,19.56,3.71,,
322074,P,2000-12-13,51697,1,67.75,1.14,,
322075,P,2002-03-12,58826,5,41.95,6.98,,
322076,P,2000-10-12,46490,9,53.37,8.95,,
322077,P,2001-03-27,14340,1,11.67,5.44,,
322078,P,2001-05-12,36527,10,7.87,0.29,,
322079,P,2000-07-07,32246,3,18.37,5.46,,
322080,P,2001-01-25,32714,3,60.57,9.96,,
322081,P,2002-03-24,50928,3,56.98,5.82,,
322082,P,2002-06-02,8606,10,79.40,2.33,,
322083,P,2002-04-11,88815,5,42.08,5.45,,
322084,P,2000-10-01,54313,8,9.57,1.00,,
322085,P,2000-04-22,22884,7,49.11,4.05,,
322086,P,2001-01-18,3934,5,68.61,2.85,,
322087,P,2002-05-06,99842,10,85.04,0.74,,
322088,P,2001-08-26,53182,3,3.91,8.22,,
322089,P,2002-02-22,61355,8,65.34,4.28,,
322090,P,2001-08-03,46275,6,48.05,8.93,,
322091,P,2002-06-25,12902,7,65.11,8.02,,
322092,P,2000-02-05,99115,10,29.45,0.15,,
322093,P,2001-06-03,94400,4,79.85,7.42,,
322094,P,2002-01-30,8437,9,14.80,0.27,,
322095,P,2001-01-04,81638,2,73.57,5.52,,
322096,P,2002-04-16,78996,8,28.87,3.23,,
322097,P,2002-02-16,33875,8,98.25,8.87,,
322098,P,2000-01-22,76409,4,4.28,0.99,,
322099,P,2002-03-19,33980,4,27.91,3.41,,
322100,P,2000-03-17,11679,8,92.06,8.89,,
322101,P,2001-06-05,83084,8,1.13,8.15,,
322102,P,2001-10-21,46661,9,39.55,7.09,,
322103,P,2001-03-08,18965,1,63.68,6.70,,
322104,P,2000-12-17,28393,6,76.61,3.04,,
322105,P,2002-05-03,51676,5,50.66,1.24,,
322106,P,2000-10-09,86323,2,29.14,9.72,,
322107,P,2000-08-06,54418,9,87.74,9.96,,
322108,P,2000-03-09,43669,10,98.15,6.79,,
322109,P,2002-03-29,58757,6,98.40,9.72,,
322110,P,2001-03-07,35425,4,43.76,1.56,,
322111,P,2001-08-05,75764,4,39.17,8.89,,
322112,P,2001-08-23,46718,2,2.47,9.54,,
322113,P,2002-01-14,53437,10,2.10,2.16,,
322114,P,2002-02-17,72268,3,62.03,4.97,,
322115,P,2001-01-24,44071,10,86.23,1.30,,
322116,P,2000-07-15,70569,8,42.33,9.83,,
322117,P,2001-03-08,74237,4,39.41,9.07,,
322118,P,2001-08-26,55966,1,62.68,9.10,,
322119,P,2002-01-14,95379,4,70.16,1.62,,
322120,P,2001-09-13,51030,10,77.52,8.38,,
322121,P,2000-06-24,86168,6,91.04,6.66,,
322122,P,2001-01-30,11210,9,23.62,5.03,,
322123,P,2000-08-23,20998,3,20.62,5.37,,
322124,P,2002-01-31,90726,10,90.68,4.83,,
322125,P,2000-01-06,81583,4,77.76,5.28,,
322126,P,2000-07-10,13995,6,99.13,7.51,,
322127,P,2000-11-20,3280,1,23.02,5.00,,
322128,P,2001-06-26,17642,7,46.43,0.93,,
322129,P,2001-03-13,85015,7,52.16,7.73,,
322130,P,2002-06-16,60890,7,72.41,7.69,,
322131,P,2000-12-03,4821,9,97.96,1.29,,
322132,P,2002-06-15,84565,3,48.75,1.64,,
322133,P,2000-06-02,94103,5,12.30,8.98,,
322134,P,2001-04-30,75674,3,96.18,0.85,,
322135,P,2001-08-20,3138,10,91.31,4.40,,
322136,P,2000-02-09,25222,3,48.99,2.29,,
322137,P,2000-08-14,83732,2,70.10,9.23,,
322138,P,2000-08-05,76117,1,64.91,7.01,,
322139,P,2000-02-16,99748,10,48.65,6.58,,
322140,P,2001-07-13,12729,2,23.75,9.52,,
322141,P,2002-05-05,73085,4,0.26,0.71,,
322142,P,2001-03-11,36428,2,24.50,3.64,,
322143,P,2000-07-21,51904,9,44.56,3.55,,
322144,P,2001-03-21,93254,8,27.29,7.52,,
322145,P,2000-11-22,14840,7,50.82,0.78,,
322146,P,2001-02-15,24043,1,4.75,4.81,,
322147,P,2000-05-07,32576,9,21.05,6.76,,
322148,P,2002-02-08,84937,3,39.60,4.48,,
322149,P,2001-03-20,1352,5,86.49,7.27,,
322150,P,2002-06-23,95657,6,81.49,6.83,,
322151,P,2000-11-01,28347,9,74.76,4.05,,
322152,P,2002-05-20,98524,9,94.79,8.93,,
322153,P,2000-03-11,20197,6,56.25,5.04,,
322154,P,2002-06-13,20818,9,52.56,5.86,,
322155,P,2001-09-02,72910,5,6.51,3.69,,
322156,P,2000-09-01,22548,3,49.03,9.34,,
322157,P,2000-09-04,98259,3,77.08,4.17,,
322158,P,2002-02-13,71957,3,92.95,0.82,,
322159,P,2000-07-29,6894,2,69.98,2.70,,
322160,P,2000-03-08,56754,7,20.17,8.17,,
322161,P,2002-05-17,52282,7,13.20,6.49,,
322162,P,2000-06-24,73813,9,77.33,8.78,,
322163,P,2000-04-14,67580,4,94.40,5.55,,
322164,P,2000-11-02,24359,3,35.60,7.91,,
322165,P,2001-07-21,73720,5,75.80,3.31,,
322166,P,2001-01-01,28990,8,63.43,1.23,,
322167,P,2000-11-07,37508,2,15.77,7.34,,
322168,P,2000-10-21,85515,6,41.82,9.23,,
322169,P,2001-03-19,87705,5,71.83,2.77,,
322170,P,2002-06-23,10021,3,42.13,2.54,,
322171,P,2002-05-27,3370,8,23.82,0.27,,
322172,P,2000-02-12,4418,8,25.11,9.60,,
322173,P,2000-08-31,30462,9,31.43,9.25,,
322174,P,2002-02-02,27952,1,90.99,1.85,,
322175,P,2000-05-07,65603,1,37.47,9.83,,
322176,P,2002-02-28,59791,8,24.85,6.44,,
322177,P,2000-06-29,67483,2,11.55,8.92,,
322178,P,2000-05-07,75537,3,77.78,7.59,,
322179,P,2000-10-08,14355,4,75.16,9.49,,
322180,P,2000-08-27,81870,9,4.05,7.50,,
322181,P,2002-04-05,5632,5,98.56,9.94,,
322182,P,2001-08-14,18523,5,62.20,3.04,,
322183,P,2001-12-24,83162,1,4.81,1.98,,
322184,P,2002-09-02,94502,7,31.74,3.51,,
322185,P,2001-03-15,39645,5,88.96,6.89,,
322186,P,2001-01-17,43403,1,55.15,7.79,,
322187,P,2000-01-12,12586,7,84.97,2.56,,
322188,P,2000-12-10,35410,2,56.96,6.96,,
322189,P,2001-02-26,43168,5,4.56,8.56,,
322190,P,2000-03-03,81356,6,43.48,4.50,,
322191,P,2002-01-12,58281,10,67.10,6.22,,
322192,P,2000-10-19,18880,8,60.71,1.36,,
322193,P,2000-02-19,87982,10,73.45,6.36,,
322194,P,2000-06-22,80591,2,59.38,1.10,,
322195,P,2001-11-16,67922,10,12.74,3.00,,
322196,P,2000-12-09,41173,5,40.77,4.44,,
322197,P,2001-11-23,24907,1,91.05,8.30,,
322198,P,2001-04-09,86854,9,71.64,6.60,,
322199,P,2000-06-06,69881,6,1.71,6.79,,
322200,P,2001-01-24,53855,7,73.62,8.04,,
322201,P,2001-09-29,82473,1,20.75,2.26,,
322202,P,2002-04-03,23864,1,17.14,9.11,,
322203,P,2002-08-28,87784,9,1.98,4.48,,
322204,P,2002-03-16,62271,6,51.19,5.05,,
322205,P,2000-09-18,35511,4,75.56,7.75,,
322206,P,2001-09-05,67084,8,80.96,7.01,,
322207,P,2000-03-11,47828,9,80.87,7.94,,
322208,P,2000-04-16,61528,2,15.26,6.74,,
322209,P,2000-08-17,3998,6,38.42,6.73,,
322210,P,2001-01-06,37444,5,8.85,5.95,,
322211,P,2002-05-10,44864,8,31.80,2.80,,
322212,P,2002-05-04,77695,1,8.29,3.82,,
322213,P,2001-06-06,71973,3,48.79,8.50,,
322214,P,2000-11-24,57778,4,40.08,3.04,,
322215,P,2002-05-21,92518,3,29.95,1.43,,
322216,P,2002-04-29,31483,10,61.79,5.18,,
322217,P,2000-06-13,5294,3,38.78,6.17,,
322218,P,2000-01-26,24508,7,0.71,8.05,,
322219,P,2000-01-11,94210,7,64.74,9.90,,
322220,P,2000-06-21,294,7,38.96,7.00,,
322221,P,2001-12-18,20341,10,62.21,3.58,,
322222,P,2002-04-04,22502,1,63.03,4.98,,
322223,P,2001-07-11,75670,8,86.36,1.25,,
322224,P,2000-10-02,28023,7,91.51,2.16,,
322225,P,2002-08-30,69041,3,21.73,9.05,,
322226,P,2000-02-06,19802,3,88.02,2.01,,
322227,P,2001-07-15,20243,7,55.62,7.82,,
322228,P,2002-07-19,59353,4,67.74,6.30,,
322229,P,2001-10-16,29502,2,50.62,7.95,,
322230,P,2000-10-20,95474,4,25.02,8.74,,
322231,P,2001-05-25,47198,6,80.63,8.17,,
322232,P,2001-01-23,8094,5,87.55,6.99,,
322233,P,2000-02-04,53918,8,28.65,6.85,,
322234,P,2000-02-07,54867,6,48.87,5.14,,
322235,P,2001-04-10,75090,7,15.17,6.43,,
322236,P,2000-09-28,68877,4,37.89,6.39,,
322237,P,2000-05-04,25329,1,22.28,2.83,,
322238,P,2001-06-26,66177,9,15.63,6.66,,
322239,P,2001-11-03,56958,8,6.18,9.84,,
322240,P,2001-03-07,11622,5,63.31,9.22,,
322241,P,2000-12-23,45586,9,97.03,4.90,,
322242,P,2001-02-19,37865,9,19.22,5.11,,
322243,P,2001-12-29,24207,1,27.26,3.90,,
322244,P,2001-03-17,38601,3,54.16,3.38,,
322245,P,2000-05-13,39013,8,4.88,1.76,,
322246,P,2000-01-15,60916,4,2.59,9.45,,
322247,P,2001-07-03,93894,6,71.34,6.76,,
322248,P,2002-09-12,86530,6,68.94,5.06,,
322249,P,2001-09-08,86259,10,19.72,2.35,,
322250,P,2000-04-24,33200,4,2.65,2.47,,
322251,P,2002-09-16,57281,9,70.06,9.24,,
322252,P,2001-03-06,77417,5,13.27,9.56,,
322253,P,2002-05-15,41745,8,2.76,1.58,,
322254,P,2002-06-26,62778,3,9.70,7.02,,
322255,P,2002-09-22,24707,1,66.55,2.30,,
322256,P,2000-03-08,94291,4,26.84,1.20,,
322257,P,2002-02-06,50277,8,83.52,7.59,,
322258,P,2002-05-01,71035,3,71.19,4.49,,
322259,P,2000-08-17,58250,6,19.48,6.02,,
322260,P,2002-05-30,11573,8,92.36,9.86,,
322261,P,2000-04-24,54816,7,76.27,8.69,,
322262,P,2000-09-17,68598,8,40.78,3.40,,
322263,P,2002-01-22,60639,6,31.04,1.37,,
322264,P,2000-03-01,67374,6,93.66,3.79,,
322265,P,2000-04-27,94008,8,17.18,8.95,,
322266,P,2000-06-25,55061,7,36.28,6.90,,
322267,P,2001-05-22,40667,1,36.77,8.45,,
322268,P,2000-02-25,17379,4,52.53,2.28,,
322269,P,2001-03-07,84491,4,49.77,3.34,,
322270,P,2001-06-02,2937,6,81.40,1.24,,
322271,P,2002-01-07,26034,7,30.00,4.31,,
322272,P,2001-08-26,80014,10,29.06,0.62,,
322273,P,2001-11-19,81349,8,3.30,5.36,,
322274,P,2001-08-10,4289,5,92.74,5.76,,
322275,P,2002-07-06,50315,7,86.34,6.23,,
322276,P,2000-10-24,22319,8,8.18,4.51,,
322277,P,2000-05-24,61903,2,44.14,2.03,,
322278,P,2001-06-05,42835,9,36.60,8.96,,
322279,P,2001-05-27,12393,3,58.20,9.12,,
322280,P,2002-03-10,49805,6,61.50,9.92,,
322281,P,2001-07-10,14104,9,69.37,0.21,,
322282,P,2000-06-07,34144,7,6.72,0.17,,
322283,P,2000-10-19,10066,7,61.36,5.54,,
322284,P,2000-08-20,24205,9,9.47,8.61,,
322285,P,2000-10-25,6706,9,47.53,0.82,,
322286,P,2001-11-03,13599,10,23.02,5.58,,
322287,P,2000-05-21,72494,8,69.56,9.47,,
322288,P,2000-01-05,39698,2,98.03,1.31,,
322289,P,2002-07-09,36252,9,5.17,4.77,,
322290,P,2001-09-24,47744,2,42.85,8.40,,
322291,P,2001-08-12,37547,7,90.35,1.23,,
322292,P,2002-03-15,21548,2,37.55,5.40,,
322293,P,2001-12-13,54741,9,60.90,3.35,,
322294,P,2002-03-26,59773,6,1.88,9.92,,
322295,P,2001-09-28,79215,10,6.01,8.43,,
322296,P,2002-09-22,23960,2,56.90,9.35,,
322297,P,2001-08-04,30692,7,3.40,4.57,,
322298,P,2001-10-11,26349,3,86.02,0.42,,
322299,P,2001-11-08,54216,7,96.43,4.84,,
322300,P,2002-03-30,78592,8,5.21,2.06,,
322301,P,2001-12-03,49098,2,68.30,3.51,,
322302,P,2002-01-19,34010,8,62.40,0.40,,
322303,P,2001-04-09,7796,7,97.06,9.22,,
322304,P,2001-09-27,51036,7,54.12,6.48,,
322305,P,2000-02-23,52547,3,99.87,1.92,,
322306,P,2000-03-23,96067,5,86.77,9.12,,
322307,P,2000-08-11,28717,7,85.49,4.21,,
322308,P,2002-09-14,44945,8,96.92,2.09,,
322309,P,2000-12-29,9646,3,44.57,9.58,,
322310,P,2002-07-01,2201,4,91.87,8.19,,
322311,P,2001-06-08,57982,8,75.09,5.20,,
322312,P,2001-12-11,4990,6,42.46,0.57,,
322313,P,2001-11-25,75549,4,22.56,1.68,,
322314,P,2002-06-17,93671,8,45.53,2.99,,
322315,P,2001-09-19,65522,9,14.28,0.69,,
322316,P,2000-12-25,33495,7,51.28,5.85,,
322317,P,2002-02-09,11944,3,13.30,8.10,,
322318,P,2002-09-22,28253,10,24.93,1.74,,
322319,P,2000-02-20,71020,3,31.00,1.68,,
322320,P,2001-05-18,52128,1,45.57,4.57,,
322321,P,2002-04-10,97986,1,39.70,1.05,,
322322,P,2002-04-22,52459,2,7.88,2.15,,
322323,P,2000-04-06,22647,7,88.00,9.32,,
322324,P,2002-06-16,69886,8,25.44,3.42,,
322325,P,2000-03-22,15796,6,30.41,1.53,,
322326,P,2000-12-26,92316,7,73.17,3.64,,
322327,P,2002-03-07,44995,1,61.32,5.39,,
322328,P,2002-05-15,92639,5,21.09,7.05,,
322329,P,2002-04-12,18792,6,79.42,0.45,,
322330,P,2000-11-12,65323,9,27.75,1.99,,
322331,P,2002-05-20,9067,4,75.94,4.01,,
322332,P,2002-01-25,98360,6,87.11,4.52,,
322333,P,2000-05-01,94132,7,79.78,2.86,,
322334,P,2002-04-18,17772,6,37.95,2.70,,
322335,P,2000-10-26,52114,8,97.58,4.86,,
322336,P,2001-08-17,52929,4,14.88,4.76,,
322337,P,2000-09-27,28841,8,7.91,6.58,,
322338,P,2002-03-09,23200,2,46.65,0.47,,
322339,P,2001-08-25,54536,7,21.16,1.71,,
322340,P,2000-10-20,25727,9,84.11,6.88,,
322341,P,2001-11-24,4356,4,36.26,5.14,,
322342,P,2002-09-22,87121,8,68.90,3.68,,
322343,P,2002-09-08,42582,10,86.10,8.53,,
322344,P,2001-09-07,65786,9,82.32,8.01,,
322345,P,2000-01-12,83616,1,4.22,4.76,,
322346,P,2002-03-30,31133,8,83.22,2.96,,
322347,P,2001-01-08,44033,10,68.67,7.52,,
322348,P,2000-04-10,74213,8,21.32,3.19,,
322349,P,2001-08-28,96101,7,79.39,6.44,,
322350,P,2002-08-12,6296,7,19.99,0.74,,
322351,P,2000-12-21,51308,1,83.62,1.26,,
322352,P,2000-05-12,5984,7,93.75,0.46,,
322353,P,2000-12-09,16074,5,38.17,3.88,,
322354,P,2001-01-03,27299,10,91.58,0.32,,
322355,P,2001-04-24,82762,6,89.64,5.85,,
322356,P,2002-04-06,4811,10,66.11,6.76,,
322357,P,2000-12-10,39565,2,0.26,3.93,,
322358,P,2002-04-18,1722,5,98.39,4.94,,
322359,P,2002-09-13,3878,10,68.47,6.84,,
322360,P,2000-05-22,97059,8,0.20,7.25,,
322361,P,2000-05-02,79945,8,10.75,3.46,,
322362,P,2002-09-20,69862,3,92.56,1.37,,
322363,P,2000-07-10,4346,8,56.43,2.73,,
322364,P,2002-04-20,48246,3,51.19,1.13,,
322365,P,2000-08-02,31609,4,97.37,5.25,,
322366,P,2001-02-15,45998,1,84.60,3.05,,
322367,P,2000-11-24,24470,1,88.58,6.25,,
322368,P,2002-05-29,55030,9,61.64,1.09,,
322369,P,2001-03-13,93709,9,91.88,0.84,,
322370,P,2001-11-03,70987,9,40.77,9.08,,
322371,P,2001-12-23,60799,10,84.00,3.15,,
322372,P,2002-09-17,20050,2,4.42,1.78,,
322373,P,2001-07-05,81178,3,41.60,4.25,,
322374,P,2000-08-20,27056,4,15.61,1.88,,
322375,P,2001-02-05,54799,5,11.64,2.79,,
322376,P,2002-08-31,80552,6,37.22,1.25,,
322377,P,2000-01-11,51282,4,55.07,1.06,,
322378,P,2001-10-26,89165,9,35.46,5.30,,
322379,P,2001-07-18,83081,1,10.92,4.12,,
322380,P,2001-06-13,61451,3,39.01,5.77,,
322381,P,2000-09-20,95816,4,83.14,2.80,,
322382,P,2001-03-29,2580,9,20.55,8.87,,
322383,P,2000-02-01,892,4,44.38,9.95,,
322384,P,2000-08-16,17964,9,57.00,5.67,,
322385,P,2001-08-14,17790,8,39.70,0.37,,
322386,P,2002-02-23,20726,5,52.41,7.70,,
322387,P,2001-10-01,24930,4,83.48,9.96,,
322388,P,2001-03-10,12227,8,58.26,5.00,,
322389,P,2000-06-02,18009,2,92.13,7.49,,
322390,P,2000-01-18,2533,5,98.45,4.06,,
322391,P,2001-07-21,84441,4,20.92,3.62,,
322392,P,2002-08-22,31765,4,83.58,0.17,,
322393,P,2000-04-16,21294,3,76.65,4.06,,
322394,P,2001-10-09,42266,5,40.01,0.97,,
322395,P,2000-09-18,72142,8,43.40,8.39,,
322396,P,2000-03-08,53558,9,98.49,6.20,,
322397,P,2001-01-20,14178,8,50.71,9.12,,
322398,P,2001-12-16,31473,4,19.34,5.43,,
322399,P,2000-09-30,12790,8,84.55,2.07,,
322400,P,2001-10-07,40321,9,93.73,4.45,,
322401,P,2002-02-17,34414,1,21.61,5.92,,
322402,P,2000-08-12,68662,5,12.99,0.31,,
322403,P,2000-03-22,14090,6,41.95,7.06,,
322404,P,2001-12-22,609,2,66.28,5.12,,
322405,P,2002-03-30,15250,5,65.00,6.81,,
322406,P,2001-07-08,28424,6,86.54,8.26,,
322407,P,2002-02-06,71379,7,63.37,8.08,,
322408,P,2001-09-01,21314,4,60.29,4.53,,
322409,P,2002-04-16,71134,2,79.65,5.14,,
322410,P,2001-02-28,78267,4,15.75,6.50,,
322411,P,2000-07-12,64550,4,44.37,8.09,,
322412,P,2001-06-29,28701,2,20.06,0.26,,
322413,P,2000-05-13,49005,10,48.29,3.47,,
322414,P,2000-04-09,59831,4,20.86,8.65,,
322415,P,2001-07-12,51230,9,22.46,1.74,,
322416,P,2001-06-07,38954,8,45.66,0.96,,
322417,P,2000-06-19,74368,10,64.29,3.94,,
322418,P,2002-06-08,25752,8,77.38,5.36,,
322419,P,2000-05-31,89472,1,33.20,6.23,,
322420,P,2001-04-25,8289,9,20.73,6.02,,
322421,P,2001-12-18,78178,7,85.44,4.91,,
322422,P,2000-02-17,17341,10,23.88,7.15,,
322423,P,2000-06-25,18152,10,13.11,9.84,,
322424,P,2000-01-31,59211,8,92.37,5.33,,
322425,P,2000-01-17,31193,6,5.11,0.86,,
322426,P,2001-12-15,48079,4,90.26,0.93,,
322427,P,2000-05-07,39960,7,31.20,0.29,,
322428,P,2002-09-20,11528,2,91.80,8.27,,
322429,P,2001-07-19,68349,3,19.17,5.23,,
322430,P,2000-10-14,54698,5,14.02,5.32,,
322431,P,2001-09-04,70252,2,32.70,9.14,,
322432,P,2001-12-10,95936,10,18.23,5.62,,
322433,P,2000-10-19,58083,6,3.64,0.30,,
322434,P,2000-08-19,59990,2,52.46,5.15,,
322435,P,2002-06-28,43726,5,13.76,8.84,,
322436,P,2000-01-26,21047,1,25.92,0.23,,
322437,P,2000-07-22,82486,7,22.42,2.00,,
322438,P,2001-01-10,60702,4,30.84,4.98,,
322439,P,2002-03-07,57125,9,55.84,6.57,,
322440,P,2001-05-06,9717,10,66.52,4.09,,
322441,P,2002-08-18,60211,1,89.38,2.81,,
322442,P,2001-11-25,87958,4,32.96,1.82,,
322443,P,2002-05-09,77879,1,46.63,5.54,,
322444,P,2001-05-08,56382,7,41.31,2.80,,
322445,P,2001-02-19,95964,7,96.51,5.24,,
322446,P,2002-03-29,28942,8,86.71,9.18,,
322447,P,2001-05-05,50373,2,40.59,8.21,,
322448,P,2001-08-26,8574,1,73.66,6.05,,
322449,P,2000-01-16,38089,5,47.48,4.71,,
322450,P,2000-11-23,83173,6,63.04,3.38,,
322451,P,2001-12-17,19077,2,52.08,3.04,,
322452,P,2002-03-03,65211,2,42.14,2.31,,
322453,P,2000-12-18,96664,4,55.76,9.18,,
322454,P,2000-10-18,48814,7,81.85,9.61,,
322455,P,2002-08-24,54098,5,22.22,9.01,,
322456,P,2001-08-14,62235,8,0.82,2.52,,
322457,P,2002-02-10,27116,4,80.70,2.16,,
322458,P,2000-06-28,10901,10,36.27,6.53,,
322459,P,2001-10-14,31055,2,67.13,6.55,,
322460,P,2000-04-04,6715,2,70.69,8.68,,
322461,P,2000-11-17,99207,8,0.93,2.62,,
322462,P,2001-06-27,19798,1,43.07,7.97,,
322463,P,2000-10-13,63205,3,8.37,0.31,,
322464,P,2000-12-14,97818,5,81.97,0.05,,
322465,P,2002-04-08,8998,2,78.37,3.88,,
322466,P,2001-06-02,28741,9,30.92,6.46,,
322467,P,2001-11-26,29837,9,1.78,8.59,,
322468,P,2000-02-08,68144,6,91.20,9.63,,
322469,P,2000-05-12,65043,6,6.84,9.23,,
322470,P,2001-08-08,61762,8,80.36,2.73,,
322471,P,2001-03-06,52348,5,45.29,8.29,,
322472,P,2001-04-22,33027,4,17.37,9.79,,
322473,P,2000-09-25,1443,4,88.27,9.23,,
322474,P,2001-11-05,74690,6,27.71,6.27,,
322475,P,2002-05-03,64321,3,51.59,3.75,,
322476,P,2001-01-28,21232,7,21.00,6.59,,
322477,P,2000-12-05,39958,5,14.50,5.11,,
322478,P,2001-02-04,36540,10,40.33,5.53,,
322479,P,2000-12-22,198,3,2.66,5.76,,
322480,P,2001-02-01,41052,5,13.79,9.20,,
322481,P,2000-11-26,90136,9,16.51,5.08,,
322482,P,2001-02-28,43375,9,86.48,1.53,,
322483,P,2001-12-09,1603,1,57.84,0.96,,
322484,P,2001-01-23,89077,3,27.74,8.29,,
322485,P,2000-03-12,12752,5,52.79,4.59,,
322486,P,2000-12-04,86116,4,97.61,7.11,,
322487,P,2002-03-24,47061,4,84.88,7.47,,
322488,P,2001-10-12,62733,4,64.08,8.15,,
322489,P,2000-02-17,69243,9,21.94,6.34,,
322490,P,2002-06-09,58675,4,75.43,8.64,,
322491,P,2002-09-22,69446,7,82.32,1.69,,
322492,P,2000-06-27,22780,5,49.32,3.49,,
322493,P,2002-04-16,63388,7,10.31,9.42,,
322494,P,2001-02-12,90902,6,74.86,3.41,,
322495,P,2002-02-12,24159,2,78.26,5.01,,
322496,P,2001-11-15,70266,2,14.48,4.97,,
322497,P,2001-02-22,74983,7,78.10,5.90,,
322498,P,2000-05-16,15894,8,54.94,9.92,,
322499,P,2000-01-14,35817,5,4.00,0.08,,
322500,P,2001-06-24,67994,8,50.74,9.52,,
322501,P,2000-05-14,87604,6,84.20,5.30,,
322502,P,2001-01-06,79760,7,70.82,0.69,,
322503,P,2000-08-11,26334,2,32.38,0.79,,
322504,P,2001-08-23,12040,6,4.61,0.52,,
322505,P,2001-07-05,20409,3,60.58,5.27,,
322506,P,2000-09-25,84824,9,52.00,7.19,,
322507,P,2002-08-17,53219,9,83.65,2.80,,
322508,P,2000-07-20,94452,1,37.40,5.45,,
322509,P,2000-08-24,92942,7,59.77,6.94,,
322510,P,2002-01-17,4718,3,30.00,5.20,,
322511,P,2001-09-27,52527,10,63.64,9.44,,
322512,P,2000-10-25,49526,9,90.17,0.84,,
322513,P,2001-04-09,44262,1,95.06,9.93,,
322514,P,2002-09-25,47577,10,92.81,9.47,,
322515,P,2001-07-05,26477,9,59.83,3.66,,
322516,P,2000-06-04,67907,6,79.37,1.13,,
322517,P,2000-10-25,60152,8,69.96,1.21,,
322518,P,2000-09-23,15058,6,94.13,5.71,,
322519,P,2001-10-11,60229,5,10.91,8.30,,
322520,P,2001-04-28,85153,6,0.10,4.09,,
322521,P,2000-08-10,53779,5,1.64,1.91,,
322522,P,2001-09-25,52530,1,20.76,2.01,,
322523,P,2000-08-29,50062,8,71.20,9.68,,
322524,P,2000-06-23,72576,8,23.56,6.60,,
322525,P,2000-01-08,40158,3,79.95,7.84,,
322526,P,2000-12-07,15410,7,97.98,2.38,,
322527,P,2001-01-11,13596,7,40.61,9.34,,
322528,P,2000-07-15,5014,4,89.30,2.49,,
322529,P,2001-11-22,30737,9,23.30,6.16,,
322530,P,2000-05-24,61425,5,49.27,1.44,,
322531,P,2000-06-12,51789,8,34.73,2.89,,
322532,P,2001-10-31,6299,6,93.59,0.64,,
322533,P,2001-05-06,1763,5,13.48,2.81,,
322534,P,2000-08-04,64244,9,95.74,4.61,,
322535,P,2002-06-22,89787,4,34.91,9.28,,
322536,P,2002-08-20,89665,7,68.52,3.53,,
322537,P,2002-03-03,60914,6,23.72,1.11,,
322538,P,2001-01-22,21631,2,97.91,1.57,,
322539,P,2002-01-28,91442,10,5.31,1.65,,
322540,P,2000-12-27,33525,7,84.63,0.88,,
322541,P,2000-01-01,97589,8,39.72,2.95,,
322542,P,2001-12-03,96948,10,46.62,9.12,,
322543,P,2000-10-01,54796,7,80.60,0.53,,
322544,P,2002-01-05,25157,6,44.36,8.27,,
322545,P,2000-06-16,46201,5,82.47,4.56,,
322546,P,2002-07-13,58548,6,13.18,2.78,,
322547,P,2000-07-20,85678,2,42.48,2.88,,
322548,P,2001-11-14,50904,8,79.19,0.77,,
322549,P,2001-06-19,56079,8,75.95,0.12,,
322550,P,2000-05-20,35790,6,69.37,5.86,,
322551,P,2002-03-05,63411,5,15.09,1.51,,
322552,P,2000-04-30,31842,8,20.84,1.24,,
322553,P,2000-05-25,67609,2,96.64,3.78,,
322554,P,2001-08-17,39134,9,70.51,5.53,,
322555,P,2000-02-10,5127,3,89.55,9.96,,
322556,P,2001-04-06,86420,1,82.10,2.88,,
322557,P,2001-11-27,7080,10,49.58,8.91,,
322558,P,2002-04-26,87394,2,51.85,2.20,,
322559,P,2002-08-05,3464,5,40.27,1.85,,
322560,P,2001-09-30,2924,7,50.45,5.00,,
322561,P,2000-10-22,47531,3,12.01,3.75,,
322562,P,2000-09-22,27031,4,48.79,6.17,,
322563,P,2001-06-20,18359,3,83.96,6.43,,
322564,P,2002-05-28,93501,8,87.69,5.48,,
322565,P,2002-04-08,66938,6,91.38,9.13,,
322566,P,2002-01-27,88737,7,87.43,6.02,,
322567,P,2000-01-20,80923,9,55.16,9.84,,
322568,P,2002-09-23,90409,1,14.96,4.63,,
322569,P,2002-02-24,88076,5,16.69,3.22,,
322570,P,2001-12-28,53293,9,46.76,1.56,,
322571,P,2000-01-17,44619,7,61.63,4.06,,
322572,P,2002-08-01,23326,10,3.26,4.24,,
322573,P,2000-08-03,21670,5,10.97,2.73,,
322574,P,2002-01-06,56362,1,68.86,7.07,,
322575,P,2002-01-11,15177,8,43.36,7.27,,
322576,P,2001-08-28,48884,5,77.88,5.07,,
322577,P,2002-03-26,78337,5,10.74,5.66,,
322578,P,2002-09-01,43004,4,76.81,3.07,,
322579,P,2000-10-25,51983,1,47.22,3.79,,
322580,P,2000-12-09,79295,6,41.38,8.65,,
322581,P,2000-05-29,6782,6,35.48,3.22,,
322582,P,2000-03-23,77295,9,84.03,6.26,,
322583,P,2001-05-27,52983,5,90.66,7.49,,
322584,P,2000-04-16,19907,1,97.74,2.47,,
322585,P,2002-06-17,83320,1,35.15,7.74,,
322586,P,2000-03-08,53171,5,45.34,0.24,,
322587,P,2000-12-16,14681,5,44.77,9.54,,
322588,P,2001-05-03,3766,1,60.26,9.73,,
322589,P,2002-05-01,32936,7,79.89,1.05,,
322590,P,2000-11-26,72658,4,48.82,7.97,,
322591,P,2000-09-21,26577,9,57.45,3.64,,
322592,P,2002-08-25,42386,3,62.52,9.78,,
322593,P,2001-05-15,91524,8,83.53,3.85,,
322594,P,2002-03-19,56630,9,83.60,9.60,,
322595,P,2000-11-22,40874,4,62.11,7.03,,
322596,P,2000-02-14,36774,10,72.99,8.96,,
322597,P,2000-10-07,63130,4,52.28,8.18,,
322598,P,2002-03-09,9230,10,16.58,2.54,,
322599,P,2001-12-23,83774,3,33.69,2.78,,
322600,P,2002-02-26,72492,4,91.99,9.52,,
322601,P,2000-03-20,6461,6,34.31,2.55,,
322602,P,2000-12-18,32041,7,90.65,4.44,,
322603,P,2001-11-20,59903,7,64.30,7.85,,
322604,P,2002-06-23,37187,9,4.53,1.67,,
322605,P,2000-08-13,56732,3,86.90,6.86,,
322606,P,2000-04-19,6564,4,2.67,7.42,,
322607,P,2002-08-03,69161,10,66.57,6.02,,
322608,P,2001-02-27,73605,3,59.58,4.61,,
322609,P,2002-08-11,29469,8,71.23,3.47,,
322610,P,2001-05-23,48587,1,43.51,9.64,,
322611,P,2002-04-24,76038,6,72.62,0.21,,
322612,P,2002-01-19,17334,7,9.69,6.04,,
322613,P,2001-11-11,72647,2,95.86,9.16,,
322614,P,2000-02-24,63460,7,46.54,8.13,,
322615,P,2002-05-20,607,8,49.45,5.28,,
322616,P,2002-05-12,52520,6,60.02,2.76,,
322617,P,2001-05-17,27251,8,85.47,5.57,,
322618,P,2000-04-09,99665,5,49.15,4.61,,
322619,P,2001-07-20,47761,6,29.67,2.94,,
322620,P,2002-09-26,86180,2,11.75,0.23,,
322621,P,2000-09-19,17036,9,54.72,7.70,,
322622,P,2001-12-12,84576,5,8.46,3.38,,
322623,P,2000-05-23,67643,1,8.22,6.92,,
322624,P,2000-11-09,86710,4,88.69,9.66,,
322625,P,2002-07-15,7677,1,13.00,5.25,,
322626,P,2000-11-21,26398,10,9.39,4.77,,
322627,P,2001-11-18,57289,8,48.07,2.38,,
322628,P,2001-05-09,54329,3,65.63,4.77,,
322629,P,2001-08-01,47669,1,0.27,2.10,,
322630,P,2000-02-02,70914,4,22.56,5.00,,
322631,P,2000-04-21,56853,4,15.25,5.29,,
322632,P,2002-04-28,83571,8,45.33,2.50,,
322633,P,2002-08-06,23798,1,85.61,1.56,,
322634,P,2001-04-21,87028,2,24.94,1.65,,
322635,P,2000-03-05,73982,4,69.45,4.47,,
322636,P,2001-01-30,78946,2,1.19,0.24,,
322637,P,2000-12-31,4528,7,35.37,7.99,,
322638,P,2001-08-14,84446,3,24.38,6.62,,
322639,P,2000-07-01,23353,4,97.17,3.38,,
322640,P,2000-09-16,17289,2,45.11,3.18,,
322641,P,2002-09-18,20765,7,41.08,9.70,,
322642,P,2002-07-16,22806,10,64.99,0.64,,
322643,P,2001-03-08,47235,3,16.18,3.13,,
322644,P,2002-02-06,59692,5,90.31,9.55,,
322645,P,2001-04-22,88818,3,41.05,7.20,,
322646,P,2001-11-28,55859,9,70.62,7.53,,
322647,P,2000-05-11,6103,2,36.92,4.66,,
322648,P,2001-03-01,24214,2,3.37,0.05,,
322649,P,2000-07-06,36446,4,31.22,6.15,,
322650,P,2002-06-17,77623,8,33.18,8.35,,
322651,P,2000-08-01,53893,9,0.95,2.01,,
322652,P,2000-09-04,31153,5,13.07,5.57,,
322653,P,2000-01-05,93296,7,53.45,5.49,,
322654,P,2000-04-04,25192,6,60.43,2.87,,
322655,P,2002-05-06,68724,2,96.65,9.63,,
322656,P,2002-04-26,90272,5,80.02,4.40,,
322657,P,2001-12-13,54807,1,1.29,6.39,,
322658,P,2002-05-27,83290,6,91.75,3.04,,
322659,P,2000-02-21,28436,10,57.63,5.90,,
322660,P,2001-05-26,45211,8,22.99,9.89,,
322661,P,2001-06-29,62446,9,38.95,9.44,,
322662,P,2000-10-01,88725,7,21.87,0.99,,
322663,P,2001-09-27,41379,3,14.47,5.21,,
322664,P,2001-07-29,45554,2,37.35,6.66,,
322665,P,2001-04-03,28872,1,96.53,7.23,,
322666,P,2000-02-05,80925,6,48.09,5.90,,
322667,P,2001-05-20,74667,3,97.26,2.92,,
322668,P,2000-02-01,64741,7,54.24,7.24,,
322669,P,2000-05-18,85931,9,91.42,9.72,,
322670,P,2001-09-26,78996,4,88.59,9.02,,
322671,P,2001-10-12,82415,1,34.12,4.05,,
322672,P,2001-07-27,45005,10,95.23,1.07,,
322673,P,2000-03-16,98811,8,98.00,4.07,,
322674,P,2001-03-21,35379,9,96.87,9.52,,
322675,P,2002-05-08,8712,9,20.83,5.07,,
322676,P,2001-05-12,48039,9,14.90,6.24,,
322677,P,2000-07-13,24538,5,4.96,0.35,,
322678,P,2002-04-20,77170,10,63.24,6.82,,
322679,P,2001-10-06,49276,7,53.39,5.85,,
322680,P,2002-02-13,3942,5,62.62,2.05,,
322681,P,2001-08-26,50078,2,59.16,4.70,,
322682,P,2001-10-01,62406,7,8.65,2.78,,
322683,P,2002-01-07,87694,10,40.09,7.83,,
322684,P,2002-02-23,43229,8,88.07,4.84,,
322685,P,2001-05-22,75474,4,15.35,0.03,,
322686,P,2002-04-30,19056,5,30.79,3.30,,
322687,P,2000-01-27,17067,9,72.33,2.05,,
322688,P,2000-02-24,74386,9,53.31,6.35,,
322689,P,2000-06-21,36310,7,53.90,8.14,,
322690,P,2001-09-07,98152,4,69.63,1.71,,
322691,P,2000-03-17,16203,6,26.02,8.82,,
322692,P,2001-12-16,98023,9,88.86,9.89,,
322693,P,2001-02-12,84668,9,22.44,7.13,,
322694,P,2001-11-15,4603,2,73.49,1.53,,
322695,P,2001-06-10,96253,10,41.33,1.34,,
322696,P,2000-11-16,1452,5,12.85,4.63,,
322697,P,2002-03-28,42603,5,37.41,5.11,,
322698,P,2001-08-10,71124,2,12.02,4.58,,
322699,P,2000-11-17,79567,9,82.76,7.59,,
322700,P,2000-08-10,37583,8,86.41,2.50,,
322701,P,2000-03-04,95426,3,19.44,7.11,,
322702,P,2001-01-02,77984,6,49.75,2.78,,
322703,P,2002-07-12,49675,2,61.99,1.79,,
322704,P,2000-07-29,77466,8,98.39,4.06,,
322705,P,2001-05-11,30972,4,96.18,9.03,,
322706,P,2002-04-25,48344,5,15.83,1.48,,
322707,P,2002-08-21,27707,7,11.30,3.97,,
322708,P,2001-01-03,28326,6,47.20,4.89,,
322709,P,2001-09-30,78200,1,98.83,7.85,,
322710,P,2000-09-18,38448,10,2.67,6.65,,
322711,P,2000-12-29,7126,6,84.28,1.16,,
322712,P,2000-12-28,499,10,5.85,5.14,,
322713,P,2002-03-15,37671,6,68.35,3.46,,
322714,P,2001-11-06,60808,7,31.82,1.14,,
322715,P,2002-07-24,37789,7,98.34,3.10,,
322716,P,2001-04-19,9938,7,77.53,8.89,,
322717,P,2002-04-24,36191,7,46.44,1.78,,
322718,P,2000-02-22,71580,7,79.93,4.75,,
322719,P,2002-09-22,81175,7,23.15,8.43,,
322720,P,2000-02-15,33037,5,46.08,2.92,,
322721,P,2001-01-19,41621,5,6.65,2.34,,
322722,P,2000-01-17,54791,4,53.05,5.42,,
322723,P,2000-10-26,51632,9,49.53,5.40,,
322724,P,2001-09-02,15249,6,57.59,3.40,,
322725,P,2002-02-05,3069,4,31.66,9.11,,
322726,P,2000-07-20,99530,3,2.77,9.12,,
322727,P,2001-09-15,2993,9,92.83,1.84,,
322728,P,2000-05-20,15699,4,24.08,3.90,,
322729,P,2002-09-19,37640,1,68.86,8.67,,
322730,P,2000-12-02,89445,3,82.78,5.78,,
322731,P,2002-02-20,19291,7,33.38,2.68,,
322732,P,2001-11-23,19318,9,51.00,6.93,,
322733,P,2000-08-30,12245,2,75.89,0.77,,
322734,P,2002-03-13,55214,1,77.66,1.99,,
322735,P,2000-10-26,7554,7,2.79,0.80,,
322736,P,2002-01-09,13892,10,13.33,6.41,,
322737,P,2002-05-11,71087,3,60.99,9.28,,
322738,P,2001-11-17,50268,5,80.20,2.01,,
322739,P,2002-01-31,99812,1,64.10,2.04,,
322740,P,2001-06-16,10990,10,88.61,7.61,,
322741,P,2001-04-27,12908,10,46.85,3.93,,
322742,P,2002-08-29,7470,2,62.59,9.18,,
322743,P,2000-02-09,55821,5,17.18,6.10,,
322744,P,2000-04-07,28578,7,85.90,2.22,,
322745,P,2002-04-03,88997,3,21.44,5.82,,
322746,P,2000-01-24,70615,9,14.00,1.48,,
322747,P,2000-04-13,35235,8,38.03,6.11,,
322748,P,2000-07-12,95987,4,11.46,3.68,,
322749,P,2001-01-27,63210,4,77.55,8.05,,
322750,P,2002-05-07,64779,4,91.27,7.64,,
322751,P,2000-03-23,50799,6,33.88,6.02,,
322752,P,2000-05-03,51564,7,23.88,9.34,,
322753,P,2001-08-27,44642,6,55.29,1.95,,
322754,P,2002-02-24,67956,10,48.15,2.92,,
322755,P,2002-06-02,47403,9,49.48,9.68,,
322756,P,2001-09-09,63067,6,37.14,7.19,,
322757,P,2002-07-12,79200,9,81.32,4.92,,
322758,P,2000-05-16,84702,8,83.51,3.80,,
322759,P,2000-10-12,43563,7,4.31,2.79,,
322760,P,2001-05-08,2654,2,12.92,3.22,,
322761,P,2001-08-09,16908,4,40.36,5.08,,
322762,P,2001-10-23,52845,8,31.72,9.89,,
322763,P,2000-04-16,28087,6,23.70,4.13,,
322764,P,2000-10-04,69543,9,21.76,0.70,,
322765,P,2000-11-10,71611,4,5.49,6.64,,
322766,P,2000-06-10,87223,1,7.20,3.04,,
322767,P,2001-08-11,65478,4,46.74,8.46,,
322768,P,2002-04-19,65359,9,5.11,6.53,,
322769,P,2000-01-09,66439,3,48.94,6.70,,
322770,P,2000-02-22,52585,1,38.29,0.61,,
322771,P,2000-07-22,15873,2,87.73,0.53,,
322772,P,2002-02-04,98430,5,37.96,1.68,,
322773,P,2000-12-04,38591,3,48.54,9.95,,
322774,P,2001-04-20,86834,1,99.35,1.18,,
322775,P,2001-09-21,51309,5,10.61,3.75,,
322776,P,2002-05-30,61489,9,9.61,6.12,,
322777,P,2000-08-29,865,9,52.34,2.74,,
322778,P,2000-07-19,70737,5,97.57,0.75,,
322779,P,2002-07-02,40093,3,21.83,3.77,,
322780,P,2002-07-22,81490,6,52.18,4.11,,
322781,P,2000-06-11,5946,7,42.03,3.45,,
322782,P,2000-07-21,42266,9,62.07,8.18,,
322783,P,2000-11-03,88127,3,39.42,6.68,,
322784,P,2000-10-30,51183,9,86.40,8.54,,
322785,P,2002-08-23,61428,10,30.06,4.20,,
322786,P,2002-09-14,22893,7,11.94,1.21,,
322787,P,2000-05-05,62453,5,57.42,3.57,,
322788,P,2002-05-01,52649,3,64.66,5.69,,
322789,P,2002-01-15,23896,2,93.91,5.73,,
322790,P,2000-12-23,28981,10,24.76,3.63,,
322791,P,2002-06-29,46715,2,30.78,5.17,,
322792,P,2000-01-15,89060,1,13.47,5.02,,
322793,P,2000-01-31,64472,10,38.11,9.86,,
322794,P,2000-01-08,8804,4,50.27,0.06,,
322795,P,2001-11-25,45086,3,31.50,7.33,,
322796,P,2000-05-18,91649,7,78.12,7.66,,
322797,P,2000-08-24,79038,8,9.23,1.20,,
322798,P,2001-05-20,16516,6,27.75,3.33,,
322799,P,2001-05-30,50151,2,97.21,2.28,,
322800,P,2001-02-10,88285,1,37.33,0.38,,
322801,P,2002-08-17,26429,2,86.27,4.88,,
322802,P,2002-07-09,45606,8,44.81,6.15,,
322803,P,2001-04-03,26270,4,17.13,9.12,,
322804,P,2000-11-23,22353,7,17.56,6.29,,
322805,P,2000-01-14,77205,4,53.82,4.25,,
322806,P,2000-05-06,84216,4,52.86,3.81,,
322807,P,2000-03-03,37134,9,54.50,3.69,,
322808,P,2000-05-26,12465,8,58.10,3.08,,
322809,P,2001-08-21,63915,2,42.07,5.27,,
322810,P,2002-02-12,75272,1,68.69,7.76,,
322811,P,2000-05-30,25609,10,57.27,7.91,,
322812,P,2002-04-05,97422,7,96.54,8.29,,
322813,P,2002-01-18,4433,2,38.54,2.23,,
322814,P,2001-09-07,77369,5,0.34,4.67,,
322815,P,2001-07-24,54257,5,18.26,5.22,,
322816,P,2001-02-02,33401,10,91.00,3.33,,
322817,P,2001-02-26,24729,8,61.42,7.73,,
322818,P,2002-08-10,14158,9,24.31,0.64,,
322819,P,2001-05-05,58684,7,36.03,2.44,,
322820,P,2002-02-22,31674,9,77.26,0.29,,
322821,P,2002-07-01,617,3,51.44,7.17,,
322822,P,2000-09-30,63440,3,0.73,7.42,,
322823,P,2001-03-23,99164,4,29.57,9.96,,
322824,P,2000-11-29,99572,9,1.16,4.26,,
322825,P,2000-12-11,55345,8,57.83,0.57,,
322826,P,2002-09-16,73081,2,49.04,7.48,,
322827,P,2001-07-27,15690,7,56.47,8.74,,
322828,P,2000-06-25,16364,8,35.79,1.19,,
322829,P,2000-07-13,69412,3,40.72,0.74,,
322830,P,2000-03-18,12914,5,79.68,0.85,,
322831,P,2000-01-11,47304,1,91.86,4.23,,
322832,P,2001-06-27,91576,6,77.09,2.18,,
322833,P,2001-07-17,1522,9,11.58,8.69,,
322834,P,2002-05-13,56721,7,59.84,2.85,,
322835,P,2002-05-30,23604,7,15.48,8.24,,
322836,P,2000-12-19,48188,6,61.27,9.25,,
322837,P,2001-12-15,80048,7,40.91,9.61,,
322838,P,2002-06-02,53770,10,83.99,3.59,,
322839,P,2000-06-16,16371,6,98.50,1.25,,
322840,P,2001-06-06,19951,10,56.62,3.27,,
322841,P,2000-02-17,86234,7,20.29,3.04,,
322842,P,2001-05-09,46395,2,28.84,7.98,,
322843,P,2001-08-13,42906,2,60.87,0.65,,
322844,P,2000-12-31,53994,7,57.89,3.57,,
322845,P,2000-07-08,35256,5,96.72,1.56,,
322846,P,2000-03-05,6896,9,96.33,1.28,,
322847,P,2001-07-01,33735,6,48.40,3.19,,
322848,P,2001-01-25,66651,5,18.36,5.37,,
322849,P,2000-04-12,14167,5,92.75,1.92,,
322850,P,2000-09-22,37455,2,69.90,5.67,,
322851,P,2000-02-04,59880,5,33.88,2.81,,
322852,P,2002-01-30,18222,3,97.48,8.61,,
322853,P,2001-08-13,32492,3,42.20,0.06,,
322854,P,2001-07-14,44510,3,96.30,3.06,,
322855,P,2001-03-03,47639,1,34.34,8.07,,
322856,P,2002-09-19,37282,4,42.12,5.29,,
322857,P,2000-09-21,19937,1,81.88,3.19,,
322858,P,2001-10-22,91964,6,55.16,7.16,,
322859,P,2002-07-30,92729,10,65.92,0.74,,
322860,P,2002-07-28,24113,7,26.78,5.06,,
322861,P,2000-07-02,12553,9,37.31,6.47,,
322862,P,2002-06-09,11004,6,34.23,1.57,,
322863,P,2000-07-24,14428,2,0.84,6.22,,
322864,P,2001-02-16,92412,1,77.29,1.84,,
322865,P,2000-10-14,3970,1,0.52,0.73,,
322866,P,2000-01-21,8726,5,63.87,8.61,,
322867,P,2000-04-04,91155,2,57.34,8.33,,
322868,P,2001-06-12,26495,7,49.55,8.83,,
322869,P,2000-11-15,40601,9,57.74,8.68,,
322870,P,2001-09-29,88771,2,1.97,1.20,,
322871,P,2002-06-21,52528,2,35.31,9.80,,
322872,P,2002-09-18,57944,9,98.46,1.58,,
