267084,P,2000-01-07,116,5,82.60,7.18,,
267085,P,2002-04-08,98392,10,18.98,7.86,,
267086,P,2000-05-01,71467,9,33.32,4.07,,
267087,P,2000-11-03,37674,8,71.13,1.67,,
267088,P,2002-08-22,20811,6,81.10,5.48,,
267089,P,2001-04-20,50343,6,15.16,3.97,,
267090,P,2001-09-26,98602,4,87.54,4.65,,
267091,P,2001-09-12,35121,10,36.96,4.18,,
267092,P,2001-01-15,6676,4,34.53,2.80,,
267093,P,2002-07-12,32925,2,48.34,0.22,,
267094,P,2001-08-05,74570,4,32.15,2.07,,
267095,P,2002-08-04,29670,9,96.35,0.23,,
267096,P,2000-08-10,59003,10,94.54,7.67,,
267097,P,2002-04-13,41789,3,96.94,1.46,,
267098,P,2000-06-20,86943,6,90.96,9.24,,
267099,P,2000-11-28,19555,5,60.89,6.21,,
267100,P,2001-07-08,57993,3,53.80,7.78,,
267101,P,2002-08-21,14953,4,96.08,8.83,,
267102,P,2000-08-12,63626,9,79.83,1.42,,
267103,P,2001-05-15,21766,9,32.47,9.73,,
267104,P,2002-07-24,89005,10,38.01,9.81,,
267105,P,2002-06-10,49771,6,7.59,6.46,,
267106,P,2000-04-28,13488,8,41.61,2.16,,
267107,P,2002-07-24,82203,9,27.74,2.61,,
267108,P,2002-07-16,78560,10,94.64,7.02,,
267109,P,2002-06-01,26738,10,69.04,2.66,,
267110,P,2002-07-05,70562,1,62.61,5.83,,
267111,P,2001-07-26,41681,2,20.81,1.15,,
267112,P,2001-01-19,71297,9,20.71,8.54,,
267113,P,2001-06-23,90714,3,2.33,0.87,,
267114,P,2002-07-01,45,7,51.77,1.83,,
267115,P,2001-08-27,91393,10,83.85,2.41,,
267116,P,2000-02-07,61810,5,98.28,1.55,,
267117,P,2000-04-04,58063,4,93.22,8.93,,
267118,P,2000-01-01,24156,2,35.66,2.77,,
267119,P,2000-10-03,70872,8,86.79,1.06,,
267120,P,2002-07-01,44899,3,3.21,2.36,,
267121,P,2001-03-24,51654,7,17.35,1.94,,
267122,P,2001-07-21,21438,7,45.32,8.84,,
267123,P,2000-04-19,78027,2,42.87,7.57,,
267124,P,2000-04-26,62109,3,5.05,7.79,,
267125,P,2000-03-23,75539,5,87.61,3.13,,
267126,P,2001-09-05,27178,1,67.87,8.29,,
267127,P,2002-08-20,10996,7,50.87,1.53,,
267128,P,2001-10-12,85696,1,84.41,1.39,,
267129,P,2002-06-15,15201,2,28.96,0.70,,
267130,P,2001-06-21,24260,2,14.19,7.08,,
267131,P,2000-03-24,63327,10,55.78,8.37,,
267132,P,2000-06-08,2183,2,5.10,2.92,,
267133,P,2001-11-27,47593,2,66.24,2.32,,
267134,P,2001-12-23,47997,6,39.49,7.75,,
267135,P,2000-02-15,97680,9,48.12,1.66,,
267136,P,2000-08-15,1150,4,5.47,3.02,,
267137,P,2002-02-10,39446,4,55.06,0.61,,
267138,P,2000-07-07,69372,7,55.32,8.46,,
267139,P,2001-04-01,12372,9,41.02,4.34,,
267140,P,2002-05-25,22097,1,85.39,0.14,,
267141,P,2001-07-03,42927,8,51.76,3.62,,
267142,P,2002-06-07,18300,6,84.32,9.22,,
267143,P,2002-01-30,72520,9,55.53,2.71,,
267144,P,2000-12-06,28320,2,70.10,1.14,,
267145,P,2001-05-03,64145,7,73.20,2.13,,
267146,P,2001-12-22,48187,10,69.52,8.16,,
267147,P,2001-04-06,19354,3,35.14,3.97,,
267148,P,2000-05-21,50342,5,11.23,5.46,,
267149,P,2000-01-07,64075,3,38.77,2.89,,
267150,P,2001-09-10,23983,9,12.40,4.56,,
267151,P,2001-02-08,92882,10,87.97,5.39,,
267152,P,2000-06-01,79165,1,1.50,5.27,,
267153,P,2002-09-18,51633,2,42.93,7.92,,
267154,P,2002-04-13,2630,7,98.65,3.91,,
267155,P,2000-09-07,43719,5,25.04,9.98,,
267156,P,2001-11-16,45449,8,65.60,4.51,,
267157,P,2002-09-26,14436,5,85.70,1.31,,
267158,P,2001-11-18,4742,3,56.40,9.27,,
267159,P,2000-07-11,71562,6,7.48,9.88,,
267160,P,2000-02-03,44992,10,3.85,8.47,,
267161,P,2001-11-10,62366,7,0.05,0.00,,
267162,P,2001-05-24,52366,7,17.01,1.21,,
267163,P,2002-02-15,14032,8,7.54,7.14,,
267164,P,2000-07-05,74492,2,33.16,1.48,,
267165,P,2000-08-29,12067,6,95.01,5.24,,
267166,P,2001-08-08,49184,7,11.55,7.36,,
267167,P,2000-10-12,501,6,2.80,2.71,,
267168,P,2000-02-20,16632,3,43.16,6.82,,
267169,P,2002-01-05,15590,6,65.38,7.29,,
267170,P,2000-12-15,24618,8,89.70,9.41,,
267171,P,2000-11-11,17495,5,51.55,5.49,,
267172,P,2002-09-18,25077,4,73.33,2.87,,
267173,P,2002-08-31,31292,3,3.71,9.24,,
267174,P,2001-01-17,17582,2,65.10,2.81,,
267175,P,2000-06-09,59514,1,99.23,6.30,,
267176,P,2000-10-03,75656,5,45.59,5.96,,
267177,P,2001-02-28,67183,10,17.86,5.94,,
267178,P,2000-04-18,42027,5,52.64,8.06,,
267179,P,2000-08-31,89105,4,55.06,2.65,,
267180,P,2002-09-23,65120,10,90.18,1.22,,
267181,P,2000-07-17,1630,7,42.14,0.88,,
267182,P,2002-04-13,9068,3,44.87,2.15,,
267183,P,2000-06-15,79798,9,39.25,2.07,,
267184,P,2002-07-12,49706,2,36.94,0.19,,
267185,P,2002-09-20,11784,1,51.06,1.41,,
267186,P,2000-05-30,72966,7,44.79,8.27,,
267187,P,2001-02-17,71489,7,61.19,6.20,,
267188,P,2000-08-08,35248,3,21.43,8.99,,
267189,P,2000-10-14,89356,5,46.31,7.66,,
267190,P,2000-10-08,34535,10,62.99,7.43,,
267191,P,2002-02-25,17053,10,79.04,5.07,,
267192,P,2000-02-06,47299,8,23.71,0.58,,
267193,P,2001-07-19,60147,4,13.87,5.08,,
267194,P,2002-07-20,49747,3,86.10,0.50,,
267195,P,2001-12-08,53502,5,8.55,3.73,,
267196,P,2002-08-03,55972,10,85.07,4.41,,
267197,P,2001-09-13,78809,3,12.26,1.01,,
267198,P,2002-06-02,45154,5,10.97,1.86,,
267199,P,2000-11-23,87859,10,54.75,8.00,,
267200,P,2000-12-03,44809,9,53.22,7.71,,
267201,P,2000-02-18,31607,8,52.94,6.85,,
267202,P,2001-07-06,32711,5,18.56,9.73,,
267203,P,2002-07-08,42448,7,75.46,5.03,,
267204,P,2002-03-07,25909,2,45.22,3.86,,
267205,P,2001-01-19,90028,4,33.46,4.01,,
267206,P,2001-11-07,63045,3,19.05,5.59,,
267207,P,2002-05-29,47436,3,21.36,9.76,,
267208,P,2000-09-05,61333,2,35.36,7.93,,
267209,P,2002-08-09,83786,10,93.42,7.15,,
267210,P,2000-11-11,83032,6,82.96,6.38,,
267211,P,2002-04-22,86259,1,11.30,0.18,,
267212,P,2001-08-03,99690,8,37.27,8.11,,
267213,P,2001-11-15,54343,7,94.04,5.48,,
267214,P,2000-03-05,9402,1,32.56,4.15,,
267215,P,2000-12-07,32650,10,71.14,1.35,,
267216,P,2002-06-02,48203,4,58.42,6.91,,
267217,P,2000-08-26,88442,2,69.03,3.21,,
267218,P,2001-07-06,41105,5,28.91,5.13,,
267219,P,2001-06-04,82445,8,96.28,6.53,,
267220,P,2002-02-28,30597,1,81.92,7.81,,
267221,P,2000-11-18,55635,5,31.61,0.76,,
267222,P,2002-02-02,49740,4,13.03,6.50,,
267223,P,2002-04-30,56566,1,75.03,1.79,,
267224,P,2000-12-04,6560,6,21.10,9.18,,
267225,P,2000-08-29,22781,2,49.42,9.89,,
267226,P,2000-07-05,1686,10,7.33,7.27,,
267227,P,2002-01-04,44118,3,20.67,3.41,,
267228,P,2000-06-16,78574,4,73.65,5.14,,
267229,P,2001-04-16,60576,2,68.09,5.96,,
267230,P,2000-07-02,3155,9,94.12,8.28,,
267231,P,2000-02-07,15111,4,6.52,6.30,,
267232,P,2001-08-13,75930,1,50.42,9.63,,
267233,P,2000-08-22,27694,3,65.58,8.38,,
267234,P,2001-04-20,77695,2,18.11,0.90,,
267235,P,2001-10-25,54715,5,22.86,3.34,,
267236,P,2001-05-17,64859,4,76.12,2.43,,
267237,P,2001-07-03,91187,9,81.06,2.14,,
267238,P,2001-06-28,3928,5,84.34,2.68,,
267239,P,2002-07-22,19986,5,62.12,5.48,,
267240,P,2002-03-01,40677,7,64.77,2.34,,
267241,P,2001-12-04,77908,6,49.71,5.14,,
267242,P,2000-02-06,37812,3,22.52,5.80,,
267243,P,2000-07-04,45626,10,1.83,5.60,,
267244,P,2000-06-13,6577,1,8.91,2.48,,
267245,P,2000-06-06,98140,2,44.66,1.76,,
267246,P,2001-09-13,38519,9,91.65,4.76,,
267247,P,2002-04-20,80646,6,8.41,9.32,,
267248,P,2002-09-21,67824,4,17.31,4.74,,
267249,P,2000-08-29,81733,7,32.08,6.14,,
267250,P,2002-02-03,47543,9,42.80,0.91,,
267251,P,2001-05-06,31009,2,96.39,3.74,,
267252,P,2001-04-28,26329,3,97.39,4.74,,
267253,P,2001-07-20,78994,9,5.38,3.68,,
267254,P,2002-05-11,35627,3,41.05,9.24,,
267255,P,2001-11-13,76091,2,68.00,9.32,,
267256,P,2001-04-03,90143,1,98.14,0.09,,
267257,P,2001-04-28,86336,6,28.76,2.01,,
267258,P,2001-08-07,96519,9,46.49,9.83,,
267259,P,2000-05-29,62602,9,23.81,0.50,,
267260,P,2002-01-15,11848,10,16.59,5.99,,
267261,P,2000-11-22,90929,9,41.22,8.66,,
267262,P,2000-09-29,70079,10,39.81,0.53,,
267263,P,2000-08-26,5157,2,31.71,3.53,,
267264,P,2000-09-04,31816,3,15.12,6.31,,
267265,P,2001-07-05,65424,1,68.52,0.58,,
267266,P,2002-07-14,18491,7,85.61,2.59,,
267267,P,2000-05-21,19401,9,27.50,8.60,,
267268,P,2002-07-16,59366,8,65.01,7.97,,
267269,P,2000-04-02,30258,8,68.94,6.44,,
267270,P,2002-04-14,73535,9,84.50,5.06,,
267271,P,2001-02-10,83085,9,65.96,9.43,,
267272,P,2001-07-26,6788,1,55.75,0.45,,
267273,P,2000-04-11,93182,4,56.96,0.41,,
267274,P,2001-09-07,52985,10,95.53,1.04,,
267275,P,2000-02-12,57336,8,0.37,6.12,,
267276,P,2000-06-06,20058,8,14.26,7.64,,
267277,P,2000-04-21,84754,2,39.58,2.73,,
267278,P,2001-10-14,98615,3,56.75,6.33,,
267279,P,2002-07-13,91960,4,35.49,7.60,,
267280,P,2001-09-29,45235,7,29.10,2.33,,
267281,P,2000-03-23,52979,3,83.39,8.63,,
267282,P,2001-07-20,959,8,28.32,3.56,,
267283,P,2002-04-09,8049,5,42.87,2.90,,
267284,P,2001-09-05,2932,4,61.04,8.94,,
267285,P,2000-02-21,93944,10,34.25,0.57,,
267286,P,2002-03-26,71639,7,1.07,3.94,,
267287,P,2002-07-21,11094,1,64.52,0.56,,
267288,P,2001-05-01,19790,7,22.81,3.92,,
267289,P,2000-05-31,2345,3,12.64,6.20,,
267290,P,2002-09-07,43049,4,24.56,0.13,,
267291,P,2000-08-22,33619,5,56.75,2.76,,
267292,P,2001-07-08,13517,6,95.39,4.15,,
267293,P,2002-01-09,3515,4,76.54,2.32,,
267294,P,2002-04-10,14502,9,58.28,2.44,,
267295,P,2001-04-27,60536,5,50.20,8.02,,
267296,P,2000-08-20,29238,3,61.07,1.91,,
267297,P,2000-08-16,60385,9,38.93,9.12,,
267298,P,2001-03-11,33803,9,71.38,6.26,,
267299,P,2001-05-07,61647,9,76.23,3.66,,
267300,P,2002-04-04,74841,7,73.09,9.55,,
267301,P,2001-03-23,34984,6,21.79,5.56,,
267302,P,2002-08-27,71423,3,93.76,4.99,,
267303,P,2001-10-02,39271,5,96.45,9.38,,
267304,P,2002-03-07,81410,4,77.51,5.89,,
267305,P,2000-10-08,81789,6,58.60,3.64,,
267306,P,2002-07-21,12215,9,45.82,4.60,,
267307,P,2000-08-10,55737,7,14.20,3.28,,
267308,P,2002-07-13,81907,10,76.97,7.29,,
267309,P,2002-04-09,89189,10,92.50,1.41,,
267310,P,2000-12-13,78202,1,28.96,4.02,,
267311,P,2002-09-08,73076,7,69.76,8.09,,
267312,P,2000-04-26,82576,7,30.71,2.34,,
267313,P,2001-10-15,76166,6,28.16,1.07,,
267314,P,2000-07-10,24416,7,47.79,3.91,,
267315,P,2001-10-11,67272,10,16.26,1.24,,
267316,P,2001-03-02,52131,1,57.83,9.93,,
267317,P,2002-02-08,77440,6,1.78,0.13,,
267318,P,2002-06-16,23250,6,37.13,2.78,,
267319,P,2001-11-05,45119,8,73.77,1.69,,
267320,P,2001-08-04,96572,1,94.25,9.52,,
267321,P,2002-08-20,20074,4,43.05,3.46,,
267322,P,2002-06-16,79456,8,82.91,3.53,,
267323,P,2000-09-27,15353,8,57.75,5.81,,
267324,P,2000-12-25,29511,1,68.21,6.20,,
267325,P,2002-01-17,86736,6,53.24,7.16,,
267326,P,2001-12-20,59615,3,76.41,2.10,,
267327,P,2002-02-17,79852,6,25.16,3.52,,
267328,P,2000-09-22,17059,10,97.28,6.07,,
267329,P,2002-07-04,10466,10,71.58,6.06,,
267330,P,2002-06-19,68926,9,14.78,1.17,,
267331,P,2002-08-16,21759,2,15.26,9.80,,
267332,P,2002-03-23,77015,10,33.13,1.92,,
267333,P,2000-03-10,86916,9,12.05,1.31,,
267334,P,2000-03-22,46834,4,35.44,6.52,,
267335,P,2000-07-17,77894,5,83.37,3.36,,
267336,P,2000-02-12,5505,5,68.55,1.87,,
267337,P,2000-05-15,99062,4,13.08,5.85,,
267338,P,2000-07-13,48618,9,34.48,5.85,,
267339,P,2000-08-19,73237,2,64.05,2.71,,
267340,P,2002-08-14,61811,4,30.94,9.74,,
267341,P,2002-01-20,63422,9,47.38,9.09,,
267342,P,2002-05-20,46733,3,46.66,6.73,,
267343,P,2001-02-08,17377,5,45.09,1.61,,
267344,P,2001-10-14,66374,2,23.18,9.25,,
267345,P,2002-02-19,84277,4,73.24,4.32,,
267346,P,2000-06-23,16245,4,45.82,0.25,,
267347,P,2000-01-09,69551,1,85.65,6.19,,
267348,P,2000-07-10,81523,4,11.00,4.27,,
267349,P,2001-06-21,61049,4,77.49,6.40,,
267350,P,2002-09-18,40738,10,83.77,3.40,,
267351,P,2000-06-23,13086,10,94.22,5.63,,
267352,P,2001-07-27,30333,3,20.29,9.15,,
267353,P,2001-10-16,86545,4,66.12,9.46,,
267354,P,2000-05-01,31577,6,3.10,5.14,,
267355,P,2000-02-18,57480,8,87.42,8.65,,
267356,P,2001-02-24,84554,3,10.70,6.54,,
267357,P,2000-02-17,16442,7,68.01,5.50,,
267358,P,2001-04-28,11687,6,43.81,3.57,,
267359,P,2002-09-18,34365,4,48.54,2.38,,
267360,P,2001-01-31,35280,3,93.58,2.27,,
267361,P,2000-04-26,96039,4,95.23,3.62,,
267362,P,2001-06-28,51378,6,53.46,1.82,,
267363,P,2000-10-16,15576,3,44.02,5.36,,
267364,P,2000-06-01,97335,3,18.15,4.01,,
267365,P,2001-08-13,8095,3,3.45,6.49,,
267366,P,2000-04-11,35984,4,15.54,5.73,,
267367,P,2000-01-25,59877,7,23.49,7.95,,
267368,P,2001-08-08,34839,10,80.75,4.15,,
267369,P,2002-02-15,32755,5,90.72,6.49,,
267370,P,2002-08-29,35729,1,31.33,3.35,,
267371,P,2002-07-24,96969,9,41.80,2.06,,
267372,P,2000-01-29,82921,9,65.56,2.97,,
267373,P,2001-01-31,89380,7,48.68,1.31,,
267374,P,2001-05-07,62995,5,26.97,3.15,,
267375,P,2000-03-11,70777,1,92.57,9.97,,
267376,P,2000-02-29,20295,10,20.11,3.51,,
267377,P,2001-01-19,31860,8,7.21,8.41,,
267378,P,2000-07-02,9957,3,0.70,3.90,,
267379,P,2001-09-18,67869,9,59.67,5.16,,
267380,P,2001-11-06,18286,1,31.65,7.40,,
267381,P,2002-09-25,26061,7,76.84,7.75,,
267382,P,2001-07-21,30154,8,87.80,0.34,,
267383,P,2002-01-03,29796,2,42.03,8.83,,
267384,P,2001-02-20,6732,7,22.32,9.57,,
267385,P,2001-06-17,84808,10,47.53,8.56,,
267386,P,2002-03-26,86428,7,91.28,4.28,,
267387,P,2001-07-08,87246,6,86.07,2.08,,
267388,P,2001-07-25,46462,10,36.54,5.77,,
267389,P,2002-03-25,1294,8,68.52,1.40,,
267390,P,2002-09-10,86351,3,54.04,7.31,,
267391,P,2000-02-09,5077,9,20.53,6.91,,
267392,P,2000-12-24,48417,3,2.08,1.77,,
267393,P,2001-10-27,22612,5,59.74,0.37,,
267394,P,2001-11-09,54338,10,59.57,0.33,,
267395,P,2001-06-09,82378,6,6.24,0.13,,
267396,P,2002-01-04,95309,4,79.51,9.88,,
267397,P,2002-07-06,97682,6,49.51,8.42,,
267398,P,2000-09-08,73529,9,0.87,9.78,,
267399,P,2000-12-19,29702,1,72.01,2.38,,
267400,P,2000-07-25,59896,3,8.25,4.01,,
267401,P,2001-08-02,23748,10,20.03,3.38,,
267402,P,2001-09-18,88083,9,10.78,5.20,,
267403,P,2002-01-22,23058,3,39.07,0.69,,
267404,P,2002-06-10,386,9,6.17,2.93,,
267405,P,2000-07-05,49324,5,33.45,5.43,,
267406,P,2001-06-02,97342,10,76.96,1.80,,
267407,P,2001-06-07,55718,1,94.49,9.67,,
267408,P,2001-02-20,19756,3,25.64,5.87,,
267409,P,2001-04-24,83221,8,61.44,3.42,,
267410,P,2001-09-28,83647,1,99.24,8.38,,
267411,P,2001-05-02,34487,3,26.53,0.70,,
267412,P,2002-07-08,5317,1,15.98,4.32,,
267413,P,2000-09-27,31585,5,39.12,5.40,,
267414,P,2001-07-15,73217,1,37.39,6.80,,
267415,P,2002-05-22,48790,6,84.72,2.86,,
267416,P,2001-07-28,48599,1,91.63,8.86,,
267417,P,2000-04-10,16387,9,65.11,8.64,,
267418,P,2000-07-23,72415,5,73.35,3.31,,
267419,P,2000-06-13,35271,9,22.27,5.84,,
267420,P,2000-11-25,16619,7,100.00,5.49,,
267421,P,2001-04-15,63521,3,12.53,1.12,,
267422,P,2002-02-13,34268,7,35.36,4.66,,
267423,P,2000-08-04,9171,2,7.32,2.42,,
267424,P,2000-02-09,44662,10,50.45,9.84,,
267425,P,2000-12-11,63714,2,39.16,5.86,,
267426,P,2001-01-03,57378,1,69.67,5.40,,
267427,P,2001-10-30,53489,5,20.14,5.76,,
267428,P,2001-07-31,322,2,55.32,1.13,,
267429,P,2000-05-15,49404,6,42.15,9.95,,
267430,P,2002-02-06,75489,8,8.66,9.42,,
267431,P,2002-06-11,33889,1,60.33,5.46,,
267432,P,2002-06-02,7920,6,65.21,8.45,,
267433,P,2001-02-21,27196,3,95.35,4.08,,
267434,P,2001-05-03,5101,3,35.87,3.64,,
267435,P,2002-02-17,65748,8,94.92,1.46,,
267436,P,2002-08-20,98882,10,13.62,6.35,,
267437,P,2000-05-26,17111,8,46.43,9.74,,
267438,P,2002-02-06,69391,7,27.35,4.85,,
267439,P,2001-04-21,84949,10,38.29,2.93,,
267440,P,2000-02-25,14990,8,73.54,6.48,,
267441,P,2000-05-15,12952,1,68.46,2.14,,
267442,P,2000-04-24,44636,3,61.40,0.66,,
267443,P,2002-09-15,96431,9,47.18,4.57,,
267444,P,2002-09-17,40778,2,90.78,2.59,,
267445,P,2001-03-07,1637,6,28.60,3.00,,
267446,P,2001-05-18,80491,9,4.67,2.82,,
267447,P,2000-01-01,91549,4,45.31,6.25,,
267448,P,2000-09-28,694,4,93.71,8.85,,
267449,P,2001-01-07,64123,1,22.64,4.24,,
267450,P,2001-10-26,97516,3,49.96,2.53,,
267451,P,2001-01-30,70479,10,68.70,3.16,,
267452,P,2001-02-27,93172,10,12.35,2.66,,
267453,P,2000-09-07,69967,2,35.88,6.99,,
267454,P,2002-01-19,71437,10,21.22,4.22,,
267455,P,2000-04-15,43077,9,0.75,4.60,,
267456,P,2001-10-01,43515,8,48.94,0.91,,
267457,P,2002-03-11,31064,9,96.42,6.55,,
267458,P,2002-09-26,11783,9,71.03,8.91,,
267459,P,2002-08-12,5908,1,30.28,6.32,,
267460,P,2000-12-06,97848,3,87.92,8.33,,
267461,P,2000-04-28,11639,8,60.49,0.63,,
267462,P,2002-02-23,73150,4,53.72,1.66,,
267463,P,2002-08-10,87224,6,41.10,0.91,,
267464,P,2002-03-06,50002,7,9.73,7.89,,
267465,P,2001-11-20,7181,10,43.61,9.43,,
267466,P,2002-06-07,48229,4,6.68,9.47,,
267467,P,2000-10-06,29008,5,59.36,3.73,,
267468,P,2001-12-27,31385,5,33.42,8.62,,
267469,P,2001-12-11,18476,5,68.39,4.46,,
267470,P,2000-09-26,77370,10,94.46,0.68,,
267471,P,2000-04-23,29187,7,61.56,7.89,,
267472,P,2000-02-09,70480,5,46.61,1.55,,
267473,P,2002-06-26,65431,2,9.26,7.60,,
267474,P,2001-02-13,90561,7,15.37,5.64,,
267475,P,2001-12-28,26558,7,89.20,5.67,,
267476,P,2000-01-14,5139,9,23.79,5.34,,
267477,P,2002-02-22,71851,8,19.64,5.91,,
267478,P,2000-01-11,2775,10,38.38,8.08,,
267479,P,2001-10-04,6169,9,42.18,4.48,,
267480,P,2000-04-05,24301,9,8.05,2.25,,
267481,P,2000-06-07,678,6,53.19,6.82,,
267482,P,2002-09-07,57640,5,8.97,5.12,,
267483,P,2000-02-27,68848,9,43.90,1.94,,
267484,P,2000-01-28,43690,7,86.12,2.59,,
267485,P,2001-10-21,10746,4,75.32,9.95,,
267486,P,2001-11-02,90879,6,32.90,6.97,,
267487,P,2001-04-08,98264,9,93.15,6.96,,
267488,P,2001-10-31,11855,4,14.16,4.95,,
267489,P,2001-05-21,20327,2,23.65,1.08,,
267490,P,2001-12-23,300,5,46.50,5.08,,
267491,P,2000-03-04,90227,3,34.20,3.17,,
267492,P,2000-11-16,64523,8,36.43,2.34,,
267493,P,2002-08-18,92751,1,86.82,0.91,,
267494,P,2001-01-18,53365,7,19.41,7.25,,
267495,P,2000-01-16,85886,3,45.54,9.04,,
267496,P,2000-03-03,88682,7,86.20,7.93,,
267497,P,2000-04-25,64108,7,80.47,6.57,,
267498,P,2001-05-02,20475,1,47.50,4.11,,
267499,P,2000-07-10,72488,3,78.42,8.39,,
267500,P,2000-01-22,4913,10,3.31,7.20,,
267501,P,2002-03-26,27041,7,21.26,5.62,,
267502,P,2001-12-11,21693,3,89.86,3.80,,
267503,P,2002-09-12,1055,7,15.91,8.98,,
267504,P,2000-03-28,96676,6,93.27,1.92,,
267505,P,2001-07-14,35504,6,88.92,9.09,,
267506,P,2000-02-26,10223,3,26.65,4.13,,
267507,P,2000-07-12,67231,5,67.96,4.96,,
267508,P,2000-11-28,99005,2,23.50,9.65,,
267509,P,2002-08-27,12313,6,33.03,7.85,,
267510,P,2002-08-05,94101,4,64.65,8.72,,
267511,P,2000-07-29,49813,7,98.94,0.40,,
267512,P,2001-08-28,23727,8,90.16,9.54,,
267513,P,2001-05-09,93090,3,63.46,4.08,,
267514,P,2001-08-16,30672,10,64.24,4.22,,
267515,P,2002-09-05,88805,8,42.38,9.06,,
267516,P,2001-03-12,58103,8,81.51,6.07,,
267517,P,2001-07-16,11180,3,87.74,5.13,,
267518,P,2001-05-07,94772,5,67.75,1.11,,
267519,P,2002-02-18,69898,5,30.83,3.48,,
267520,P,2000-08-15,7133,6,70.48,6.26,,
267521,P,2001-06-30,49119,8,50.63,4.64,,
267522,P,2002-06-11,56583,6,50.40,1.20,,
267523,P,2002-07-31,99622,3,31.78,9.04,,
267524,P,2000-03-02,74613,3,71.28,5.16,,
267525,P,2000-07-26,1554,3,16.95,8.39,,
267526,P,2001-12-05,28576,1,46.27,8.79,,
267527,P,2002-02-15,23623,10,73.68,8.67,,
267528,P,2001-12-23,25008,6,15.13,4.16,,
267529,P,2001-06-25,95234,6,21.86,0.33,,
267530,P,2002-02-04,40554,7,91.44,1.63,,
267531,P,2002-09-21,83788,10,78.81,9.26,,
267532,P,2001-03-04,52479,6,67.61,8.33,,
267533,P,2001-02-23,15720,6,71.42,1.79,,
267534,P,2000-12-09,56395,4,28.45,7.06,,
267535,P,2000-04-25,62205,8,78.02,4.46,,
267536,P,2000-01-12,39132,8,40.69,7.71,,
267537,P,2001-10-25,39852,10,94.54,6.75,,
267538,P,2001-09-21,64334,4,23.83,1.62,,
267539,P,2002-06-29,80122,4,17.58,4.11,,
267540,P,2001-09-09,2442,4,15.54,7.49,,
267541,P,2001-11-26,28295,2,81.85,3.52,,
267542,P,2001-01-12,45132,4,48.97,6.11,,
267543,P,2000-06-16,10793,7,72.62,4.17,,
267544,P,2002-05-21,16469,2,40.25,9.82,,
267545,P,2002-01-22,49892,3,78.18,5.52,,
267546,P,2001-06-15,75185,10,73.24,1.15,,
267547,P,2002-07-10,14048,8,3.94,3.87,,
267548,P,2002-01-06,23197,4,64.14,6.86,,
267549,P,2002-05-24,49933,2,29.98,3.98,,
267550,P,2001-07-31,60456,5,95.62,1.81,,
267551,P,2001-03-06,34046,10,91.87,9.81,,
267552,P,2002-03-06,96608,4,38.25,2.72,,
267553,P,2001-08-28,57370,3,43.00,4.71,,
267554,P,2000-06-23,14462,3,29.04,6.85,,
267555,P,2001-09-19,70075,8,44.35,7.59,,
267556,P,2002-03-17,7942,5,9.91,2.38,,
267557,P,2000-12-30,13162,7,47.55,8.71,,
267558,P,2002-07-16,37056,4,32.11,2.06,,
267559,P,2002-02-15,15572,9,1.45,5.34,,
267560,P,2002-09-26,27768,7,63.15,8.83,,
267561,P,2001-03-04,55044,8,84.29,2.27,,
267562,P,2000-10-31,44254,5,1.61,6.33,,
267563,P,2000-11-16,84741,1,31.90,4.60,,
267564,P,2001-09-07,44303,10,99.65,4.19,,
267565,P,2000-03-28,55962,5,10.21,6.97,,
267566,P,2000-07-16,30919,5,7.88,6.77,,
267567,P,2001-02-07,23015,3,44.56,9.45,,
267568,P,2000-05-23,20439,2,44.64,8.91,,
267569,P,2001-04-20,84894,7,27.04,8.11,,
267570,P,2002-05-29,24215,3,83.25,1.91,,
267571,P,2002-04-08,41471,6,46.47,0.12,,
267572,P,2000-06-17,66984,4,65.75,6.71,,
267573,P,2000-04-05,92091,8,74.71,8.35,,
267574,P,2000-04-08,20204,5,44.13,6.42,,
267575,P,2001-01-26,13606,6,27.82,2.67,,
267576,P,2002-07-10,43416,2,93.19,9.80,,
267577,P,2001-03-24,10002,5,27.89,0.29,,
267578,P,2002-03-10,18242,9,55.04,7.55,,
267579,P,2001-03-12,60382,2,33.87,1.01,,
267580,P,2000-02-21,93569,8,71.45,2.26,,
267581,P,2002-09-08,55128,7,44.99,2.66,,
267582,P,2002-02-28,81395,5,84.41,4.05,,
267583,P,2001-02-25,17138,8,57.96,7.00,,
267584,P,2000-01-05,52522,3,32.62,4.05,,
267585,P,2002-07-16,82678,8,15.10,0.67,,
267586,P,2001-07-19,7593,2,54.74,0.91,,
267587,P,2000-09-30,56055,3,2.61,0.06,,
267588,P,2002-07-23,61574,2,12.61,3.26,,
267589,P,2000-05-26,71494,3,27.36,5.86,,
267590,P,2001-12-26,51314,6,51.57,2.50,,
267591,P,2000-12-06,37839,6,64.38,3.09,,
267592,P,2000-02-29,3453,5,0.42,3.83,,
267593,P,2002-09-15,68890,8,26.32,1.00,,
267594,P,2000-05-24,96561,10,42.20,5.47,,
267595,P,2000-09-02,32875,9,8.01,3.96,,
267596,P,2000-07-03,20579,6,9.58,2.85,,
267597,P,2001-05-01,32951,4,92.92,4.62,,
267598,P,2001-05-29,57437,8,17.06,9.51,,
267599,P,2002-04-18,32014,3,21.72,1.04,,
267600,P,2001-09-24,32332,1,43.35,6.27,,
267601,P,2001-05-09,63341,3,78.53,5.37,,
267602,P,2000-07-28,81599,6,92.45,6.15,,
267603,P,2001-01-13,1256,6,32.89,5.76,,
267604,P,2000-08-31,79455,8,12.05,3.49,,
267605,P,2001-11-16,76472,5,74.96,7.08,,
267606,P,2000-10-29,32954,4,20.50,6.59,,
267607,P,2001-07-12,39687,3,26.81,5.58,,
267608,P,2001-01-26,45428,6,97.79,9.73,,
267609,P,2002-07-18,38978,9,14.92,2.96,,
267610,P,2000-01-28,71943,1,50.67,2.98,,
267611,P,2001-02-23,61802,3,18.13,0.13,,
267612,P,2002-02-24,62356,3,28.30,4.64,,
267613,P,2002-04-16,65374,3,4.13,5.78,,
267614,P,2002-07-05,45917,3,39.08,0.96,,
267615,P,2001-12-26,831,9,82.06,9.82,,
267616,P,2002-04-22,96408,7,81.05,7.27,,
267617,P,2000-05-03,95608,8,19.55,6.31,,
267618,P,2002-04-01,14885,9,38.36,5.84,,
267619,P,2002-09-09,84607,2,57.53,4.86,,
267620,P,2001-04-01,56355,2,83.83,8.95,,
267621,P,2000-04-07,56040,3,6.77,8.95,,
267622,P,2002-08-09,31452,7,32.85,7.63,,
267623,P,2001-05-29,32548,2,64.15,0.42,,
267624,P,2001-10-19,53956,1,89.18,2.71,,
267625,P,2001-07-04,29605,2,71.22,0.84,,
267626,P,2002-01-14,22479,6,5.32,3.36,,
267627,P,2001-05-01,53613,9,57.02,6.72,,
267628,P,2001-05-03,27636,5,45.24,5.16,,
267629,P,2000-02-21,52664,5,63.17,8.93,,
267630,P,2000-01-23,47501,10,12.37,7.89,,
267631,P,2000-09-03,8549,8,10.04,0.26,,
267632,P,2000-08-30,32733,7,45.91,8.65,,
267633,P,2000-01-02,95421,1,25.17,3.40,,
267634,P,2001-07-10,21594,1,80.07,1.36,,
267635,P,2002-06-10,83256,3,43.87,5.12,,
267636,P,2002-02-16,54375,1,36.42,4.86,,
267637,P,2002-03-15,18470,3,26.88,9.51,,
267638,P,2001-10-29,8470,5,64.14,3.43,,
267639,P,2002-04-23,42489,10,50.74,0.97,,
267640,P,2001-10-14,47992,6,68.69,9.26,,
267641,P,2001-06-26,73654,1,17.68,2.77,,
267642,P,2001-12-26,10252,9,3.67,3.59,,
267643,P,2002-04-21,96012,3,40.01,9.90,,
267644,P,2001-12-13,30064,6,3.47,3.42,,
267645,P,2000-12-22,94689,7,60.02,5.20,,
267646,P,2000-08-10,27346,4,90.66,8.42,,
267647,P,2000-05-20,91185,1,80.65,4.04,,
267648,P,2001-11-06,58347,3,36.44,0.52,,
267649,P,2000-09-16,30934,10,12.94,1.44,,
267650,P,2002-01-17,13022,5,97.47,5.72,,
267651,P,2000-01-30,377,5,69.96,6.51,,
267652,P,2001-11-26,71536,4,34.59,2.98,,
267653,P,2000-09-18,81132,4,54.43,8.79,,
267654,P,2002-06-24,14590,1,74.89,2.94,,
267655,P,2001-05-10,4096,9,46.01,9.64,,
267656,P,2000-12-01,4294,8,6.47,5.32,,
267657,P,2000-02-24,14060,10,97.42,4.54,,
267658,P,2001-08-05,51955,3,46.07,0.47,,
267659,P,2000-12-25,32870,8,45.41,0.80,,
267660,P,2000-08-24,28633,6,21.57,1.68,,
267661,P,2001-12-14,47436,2,12.89,8.73,,
267662,P,2002-02-28,31769,4,99.35,5.05,,
267663,P,2001-06-18,29928,9,87.29,7.43,,
267664,P,2001-10-25,4291,2,96.29,2.56,,
267665,P,2000-09-20,60327,3,36.29,3.35,,
267666,P,2000-10-15,34199,4,95.90,2.58,,
267667,P,2001-02-21,89457,10,62.53,8.07,,
267668,P,2002-08-08,38905,1,34.17,2.98,,
267669,P,2000-02-13,31072,9,18.08,2.53,,
267670,P,2000-05-18,84125,2,69.66,8.04,,
267671,P,2001-01-31,81814,3,30.87,8.73,,
267672,P,2000-11-15,88228,8,7.77,2.31,,
267673,P,2000-02-10,88093,9,53.99,4.97,,
267674,P,2001-05-04,18974,3,42.88,2.94,,
267675,P,2000-05-31,71246,9,38.11,5.04,,
267676,P,2001-06-28,25797,9,63.77,4.26,,
267677,P,2002-08-14,5580,1,31.58,4.66,,
267678,P,2002-06-25,97843,6,40.72,3.75,,
267679,P,2002-02-19,88930,9,38.11,8.65,,
267680,P,2000-06-20,99894,7,62.08,8.99,,
267681,P,2000-01-08,99226,2,53.48,1.87,,
267682,P,2000-07-16,89369,4,43.47,2.98,,
267683,P,2001-12-23,74644,5,17.31,4.29,,
267684,P,2001-02-17,71148,5,92.36,3.61,,
267685,P,2002-05-09,91682,7,53.33,1.25,,
267686,P,2000-12-29,99293,5,18.49,8.02,,
267687,P,2001-06-25,43749,6,35.98,9.04,,
267688,P,2001-06-08,64845,5,62.14,7.22,,
267689,P,2002-05-15,37825,7,98.88,4.85,,
267690,P,2002-09-22,38544,7,18.51,2.87,,
267691,P,2001-06-25,77862,2,38.12,9.18,,
267692,P,2002-05-18,59678,4,88.90,9.00,,
267693,P,2000-10-29,25771,3,14.35,7.64,,
267694,P,2001-08-22,92756,2,15.40,8.40,,
267695,P,2002-09-22,10302,9,6.26,9.99,,
267696,P,2000-10-13,71797,4,33.90,3.19,,
267697,P,2000-10-07,49668,1,34.13,5.52,,
267698,P,2000-02-11,37404,10,27.87,2.31,,
267699,P,2001-08-16,4536,7,95.92,2.41,,
267700,P,2000-05-24,30244,10,13.92,6.89,,
267701,P,2000-11-01,7935,5,82.15,8.04,,
267702,P,2000-10-15,24921,5,5.13,3.65,,
267703,P,2000-04-05,90358,8,54.56,3.57,,
267704,P,2000-10-14,11223,10,20.13,8.45,,
267705,P,2002-08-20,23237,9,35.76,4.87,,
267706,P,2002-08-11,62896,8,0.91,2.34,,
267707,P,2000-03-22,26299,2,10.08,6.03,,
267708,P,2001-03-18,85189,2,11.95,6.49,,
267709,P,2001-02-28,19742,3,29.40,1.64,,
267710,P,2002-04-23,24056,2,41.93,8.04,,
267711,P,2001-03-14,6993,2,38.13,7.90,,
267712,P,2002-03-13,80095,1,17.48,6.11,,
267713,P,2001-07-25,34587,8,69.04,9.08,,
267714,P,2001-04-10,80051,5,3.16,4.98,,
267715,P,2000-07-21,63832,7,16.48,0.40,,
267716,P,2002-06-28,97742,5,48.07,4.06,,
267717,P,2000-09-15,8442,3,54.30,1.08,,
267718,P,2000-12-22,60325,2,9.24,9.24,,
267719,P,2001-12-15,93169,1,91.82,5.31,,
267720,P,2000-12-28,38171,4,45.28,3.27,,
267721,P,2000-10-16,33651,3,41.50,4.80,,
267722,P,2001-05-11,25767,6,99.70,3.88,,
267723,P,2000-02-05,92118,5,84.01,7.01,,
267724,P,2001-08-09,70230,1,90.90,1.16,,
267725,P,2001-01-24,69139,2,62.42,9.04,,
267726,P,2000-08-12,80334,5,30.57,9.99,,
267727,P,2001-02-26,36291,6,81.56,0.87,,
267728,P,2001-07-03,29105,6,92.45,1.30,,
267729,P,2001-09-22,85546,5,3.66,5.69,,
267730,P,2001-08-20,29132,6,74.58,2.68,,
267731,P,2002-05-04,57991,1,32.85,5.31,,
267732,P,2000-04-19,98674,5,51.09,8.62,,
267733,P,2000-05-12,14124,6,73.57,0.68,,
267734,P,2000-02-03,99485,7,91.97,6.34,,
267735,P,2001-06-14,35203,6,4.62,9.59,,
267736,P,2000-08-25,81360,1,57.82,5.21,,
267737,P,2002-05-06,59851,9,88.23,7.33,,
267738,P,2000-02-23,96838,5,10.28,8.73,,
267739,P,2000-06-21,25160,9,30.69,8.88,,
267740,P,2001-12-31,99171,1,86.48,3.86,,
267741,P,2001-10-03,95207,3,96.99,0.60,,
267742,P,2000-12-03,66648,5,93.75,5.79,,
267743,P,2000-04-05,14324,10,52.16,7.97,,
267744,P,2000-02-20,18827,9,83.61,1.84,,
267745,P,2002-03-04,2374,8,49.74,4.00,,
267746,P,2001-03-01,67353,6,57.20,0.70,,
267747,P,2001-10-30,88203,2,30.31,8.83,,
267748,P,2001-03-16,72611,5,62.87,5.81,,
267749,P,2001-03-08,6904,8,89.74,6.11,,
267750,P,2000-12-10,53085,5,0.37,1.98,,
267751,P,2000-02-02,88871,8,23.53,8.47,,
267752,P,2000-11-30,1663,2,41.53,5.71,,
267753,P,2000-06-23,22827,4,14.52,8.35,,
267754,P,2000-04-23,85401,4,83.68,4.47,,
267755,P,2001-01-16,88660,7,93.06,9.24,,
267756,P,2002-03-14,39952,9,13.05,5.37,,
267757,P,2000-02-02,62595,3,57.78,6.61,,
267758,P,2000-09-22,92418,7,89.89,5.64,,
267759,P,2000-06-19,24642,5,54.05,9.53,,
267760,P,2001-02-25,32883,10,6.86,5.99,,
267761,P,2001-02-23,65418,1,98.95,9.89,,
267762,P,2000-04-18,31498,6,34.88,4.07,,
267763,P,2000-12-04,63046,8,77.44,1.96,,
267764,P,2002-01-09,96234,3,41.01,6.08,,
267765,P,2002-09-24,3376,10,58.76,4.73,,
267766,P,2001-04-12,80772,3,67.19,7.88,,
267767,P,2002-06-28,38098,1,2.12,5.07,,
267768,P,2001-11-18,30767,10,5.79,6.62,,
267769,P,2000-02-22,14083,2,69.27,6.38,,
267770,P,2001-11-02,61742,8,54.83,1.99,,
267771,P,2000-06-29,15088,10,25.95,6.93,,
267772,P,2001-05-26,60568,3,9.41,4.99,,
267773,P,2002-06-15,87249,2,8.68,0.04,,
267774,P,2001-03-24,1359,1,93.56,6.88,,
267775,P,2002-08-12,97828,6,1.79,8.91,,
267776,P,2000-05-14,72139,10,86.24,0.61,,
267777,P,2001-01-23,96648,2,18.01,4.90,,
267778,P,2002-07-11,19756,4,26.45,3.57,,
267779,P,2001-09-30,87076,5,6.61,5.37,,
267780,P,2001-03-21,88697,9,89.83,8.83,,
267781,P,2002-08-03,12121,10,55.86,5.56,,
267782,P,2000-07-03,11671,5,44.53,2.88,,
267783,P,2002-02-16,70965,7,18.08,7.46,,
267784,P,2000-07-24,88911,10,37.84,3.64,,
267785,P,2000-04-20,31878,4,93.57,2.34,,
267786,P,2000-08-09,65445,9,81.43,0.08,,
267787,P,2001-02-10,29910,4,61.07,3.43,,
267788,P,2001-07-14,91210,4,50.51,2.96,,
267789,P,2001-12-26,3177,6,80.73,2.07,,
267790,P,2000-09-27,28284,4,65.43,3.17,,
267791,P,2002-03-06,63916,7,45.02,8.07,,
267792,P,2002-07-05,36189,3,36.43,4.10,,
267793,P,2000-10-27,20230,5,5.52,7.88,,
267794,P,2001-12-15,86847,7,7.76,6.90,,
267795,P,2000-10-05,41833,7,5.76,1.24,,
267796,P,2002-06-06,30944,7,53.37,1.51,,
267797,P,2001-01-31,31508,3,67.13,8.28,,
267798,P,2001-09-10,31836,7,13.03,0.65,,
267799,P,2000-10-17,35331,6,21.14,0.46,,
267800,P,2001-03-20,39671,8,96.46,4.77,,
267801,P,2000-04-16,10421,10,96.71,8.17,,
267802,P,2001-05-11,53345,5,8.88,4.00,,
267803,P,2000-06-03,90157,8,88.84,6.04,,
267804,P,2000-05-02,9802,7,51.16,0.98,,
267805,P,2002-08-02,89881,3,89.29,3.90,,
267806,P,2000-11-15,4244,10,98.62,8.89,,
267807,P,2000-10-07,12407,6,75.17,2.51,,
267808,P,2000-03-12,79369,2,86.38,0.59,,
267809,P,2002-03-25,88264,6,4.69,0.22,,
267810,P,2000-06-04,83812,2,4.42,1.99,,
267811,P,2001-05-14,91350,8,35.03,4.36,,
267812,P,2000-03-06,43449,9,46.79,2.52,,
267813,P,2002-04-16,35626,1,71.91,4.45,,
267814,P,2002-07-05,51893,4,58.21,0.39,,
267815,P,2002-09-11,92305,8,56.79,3.58,,
267816,P,2001-11-25,93413,3,11.92,5.89,,
267817,P,2000-02-26,40077,10,46.01,6.97,,
267818,P,2000-09-08,8210,7,78.95,4.86,,
267819,P,2002-06-03,17506,3,63.24,3.14,,
267820,P,2002-04-11,48979,10,4.62,9.74,,
267821,P,2000-05-13,46015,6,3.93,6.47,,
267822,P,2001-12-26,83047,1,38.98,8.01,,
267823,P,2000-03-24,23867,4,9.76,0.03,,
267824,P,2001-04-08,4218,9,62.61,7.85,,
267825,P,2002-08-07,77559,6,7.90,4.64,,
267826,P,2001-07-15,38796,8,19.79,9.47,,
267827,P,2002-04-06,75707,3,16.35,1.67,,
267828,P,2001-03-26,83283,1,51.75,9.24,,
267829,P,2000-10-21,24036,5,99.05,1.03,,
267830,P,2002-03-15,84477,7,71.93,9.64,,
267831,P,2000-01-08,84529,2,98.23,6.08,,
267832,P,2002-03-27,62796,10,60.05,9.19,,
267833,P,2002-08-23,78745,4,36.21,6.91,,
267834,P,2002-06-04,12840,6,55.62,0.92,,
267835,P,2002-09-04,76434,8,69.76,7.79,,
267836,P,2002-06-27,10210,8,25.31,4.69,,
267837,P,2000-05-08,81903,9,58.35,1.37,,
267838,P,2002-05-29,26710,5,75.24,6.09,,
267839,P,2000-06-24,57803,3,47.41,8.61,,
267840,P,2002-05-30,80667,7,14.96,7.95,,
267841,P,2002-04-09,81596,3,67.09,6.59,,
267842,P,2000-02-15,70501,6,50.62,8.48,,
267843,P,2000-10-21,38631,3,28.99,0.07,,
267844,P,2001-03-06,63050,8,54.20,5.38,,
267845,P,2002-05-22,50063,10,40.98,3.63,,
267846,P,2001-09-11,22149,4,78.00,6.50,,
267847,P,2000-09-01,10331,1,84.44,9.16,,
267848,P,2000-12-19,31342,9,13.29,0.23,,
267849,P,2000-09-18,59260,2,88.73,1.71,,
267850,P,2000-07-20,96996,1,80.92,4.39,,
267851,P,2000-08-17,30400,10,6.37,1.92,,
267852,P,2002-04-19,61753,9,96.11,5.98,,
267853,P,2001-06-12,43360,8,7.07,8.67,,
267854,P,2000-09-01,95820,10,23.02,1.68,,
267855,P,2001-02-08,59919,2,18.02,0.34,,
267856,P,2000-10-09,17865,9,71.10,0.67,,
267857,P,2001-01-06,96629,6,78.87,5.11,,
267858,P,2001-08-01,19491,9,79.73,2.62,,
267859,P,2001-04-17,14581,9,42.37,7.26,,
267860,P,2001-07-12,22474,2,46.69,4.10,,
267861,P,2001-02-11,48408,2,41.62,0.34,,
267862,P,2001-01-10,22340,7,8.97,6.51,,
267863,P,2001-11-11,12510,7,68.85,8.57,,
267864,P,2001-07-28,85441,7,92.25,4.00,,
267865,P,2002-02-09,13280,4,70.51,8.97,,
267866,P,2002-03-01,27128,8,47.59,6.74,,
267867,P,2000-05-03,56941,4,45.46,6.38,,
267868,P,2002-05-26,52199,6,77.47,2.67,,
267869,P,2001-06-04,39855,1,26.53,8.96,,
267870,P,2000-09-11,40476,10,19.68,2.47,,
267871,P,2002-04-01,37417,3,94.18,3.98,,
267872,P,2002-04-28,53184,7,53.84,0.32,,
267873,P,2002-06-15,47733,9,46.15,4.41,,
267874,P,2000-03-26,60023,10,66.14,6.27,,
267875,P,2002-04-18,83357,9,17.69,5.69,,
267876,P,2000-04-13,46100,7,73.87,9.00,,
267877,P,2000-05-10,50023,3,52.54,4.83,,
267878,P,2001-01-28,94936,6,99.35,0.23,,
267879,P,2000-10-26,43020,10,93.44,9.63,,
267880,P,2000-08-18,1243,5,53.79,4.74,,
267881,P,2000-01-17,15482,2,6.36,5.95,,
267882,P,2000-10-26,14781,2,29.49,4.20,,
267883,P,2001-11-07,34914,8,83.93,4.74,,
267884,P,2002-06-10,44111,7,58.03,7.90,,
267885,P,2000-09-04,30774,7,28.86,3.83,,
267886,P,2002-06-12,80461,5,77.50,5.44,,
267887,P,2000-02-15,62686,3,46.59,4.01,,
267888,P,2001-02-26,56845,6,44.33,9.28,,
267889,P,2000-10-17,49724,1,51.88,6.69,,
267890,P,2001-01-30,88584,10,26.14,5.15,,
267891,P,2001-11-29,97906,10,35.48,7.48,,
267892,P,2002-07-08,36887,3,78.24,2.77,,
267893,P,2000-08-01,89735,2,46.08,7.16,,
267894,P,2001-03-05,93568,2,10.66,8.69,,
267895,P,2001-06-20,8445,7,7.73,6.52,,
267896,P,2001-12-17,96889,6,23.91,1.78,,
267897,P,2001-09-28,72713,7,7.96,7.30,,
267898,P,2002-04-05,1926,3,4.45,2.30,,
267899,P,2000-02-19,22907,7,8.54,4.77,,
267900,P,2000-12-06,38858,1,72.19,4.90,,
267901,P,2000-03-06,38718,8,81.35,3.21,,
267902,P,2000-10-19,9850,7,94.48,9.70,,
267903,P,2001-06-12,64540,8,95.43,1.30,,
267904,P,2001-08-04,36422,2,57.35,2.90,,
267905,P,2001-10-20,32286,9,66.64,7.41,,
267906,P,2000-06-21,47901,7,71.92,5.84,,
267907,P,2000-08-26,37349,2,88.36,7.31,,
267908,P,2000-08-01,76523,2,94.22,5.20,,
267909,P,2002-04-14,60661,1,4.29,5.62,,
267910,P,2002-09-01,36916,4,47.05,7.36,,
267911,P,2001-10-29,67549,4,80.94,9.14,,
267912,P,2000-08-01,21707,1,43.54,0.13,,
267913,P,2001-07-10,13403,6,65.95,1.96,,
267914,P,2002-02-19,30344,3,0.65,4.63,,
267915,P,2002-07-25,41217,9,83.69,6.01,,
267916,P,2001-07-21,94987,3,2.22,8.40,,
267917,P,2001-03-31,42085,9,59.90,1.97,,
267918,P,2001-08-10,39801,10,6.24,7.55,,
267919,P,2002-09-26,60034,9,18.30,9.13,,
267920,P,2000-03-01,24522,1,93.24,4.48,,
267921,P,2001-11-22,85963,7,5.58,6.08,,
267922,P,2000-12-13,42796,9,0.47,5.50,,
267923,P,2001-12-03,56588,10,92.92,3.77,,
267924,P,2001-06-01,14353,9,7.20,8.00,,
267925,P,2000-12-22,61180,2,79.20,4.58,,
267926,P,2001-02-27,48875,8,20.77,8.59,,
267927,P,2000-08-30,61498,2,7.43,4.32,,
267928,P,2000-04-13,76368,10,34.89,4.06,,
267929,P,2001-01-08,12667,3,16.24,7.45,,
267930,P,2000-01-16,22183,8,71.32,4.94,,
267931,P,2002-08-30,24081,9,57.85,0.87,,
267932,P,2002-05-05,79986,3,88.82,2.35,,
267933,P,2001-01-14,61351,2,27.16,4.48,,
267934,P,2001-10-27,24017,1,42.19,0.82,,
267935,P,2001-10-24,54170,5,45.93,7.84,,
267936,P,2001-07-18,44638,10,23.71,4.37,,
267937,P,2000-12-21,70663,3,28.05,3.62,,
267938,P,2001-05-06,16963,4,53.07,9.53,,
267939,P,2001-02-20,67702,9,34.34,4.59,,
267940,P,2002-06-06,53526,8,30.87,6.71,,
267941,P,2002-06-30,78052,10,11.83,0.39,,
267942,P,2001-03-15,1940,9,84.03,9.21,,
267943,P,2002-01-18,67034,9,78.42,8.76,,
267944,P,2000-01-06,92606,6,86.59,7.11,,
267945,P,2000-12-03,91049,2,41.58,7.38,,
267946,P,2001-03-19,49388,4,85.51,1.06,,
267947,P,2001-02-21,76650,3,80.18,1.61,,
267948,P,2002-08-07,22931,8,62.96,2.71,,
267949,P,2001-12-20,28424,3,80.83,0.89,,
267950,P,2002-02-11,67442,5,32.41,4.56,,
267951,P,2001-08-07,58160,6,95.07,9.85,,
267952,P,2001-06-29,76607,9,65.01,8.84,,
267953,P,2002-03-25,54136,10,42.66,2.16,,
267954,P,2000-04-25,72659,3,50.11,9.32,,
267955,P,2001-08-16,35001,7,18.07,3.53,,
267956,P,2000-09-28,28291,10,90.20,5.62,,
267957,P,2002-08-18,77569,4,74.03,3.93,,
267958,P,2000-05-10,84581,1,67.32,9.36,,
267959,P,2001-11-29,32788,4,43.17,6.87,,
267960,P,2001-08-26,61195,2,60.95,5.87,,
267961,P,2001-08-31,75710,2,62.91,6.52,,
267962,P,2000-10-06,40761,3,7.00,6.52,,
267963,P,2000-09-01,78786,8,94.87,3.35,,
267964,P,2002-08-30,25934,8,18.34,2.96,,
267965,P,2000-09-22,89278,5,10.03,9.14,,
267966,P,2001-09-24,70092,10,97.97,4.55,,
267967,P,2002-03-17,37681,9,80.25,2.20,,
267968,P,2002-01-18,1134,9,6.13,4.21,,
267969,P,2001-04-15,64502,3,72.99,9.96,,
267970,P,2000-07-21,97580,2,60.15,2.50,,
267971,P,2000-08-01,38749,2,26.76,0.69,,
267972,P,2000-08-06,18752,3,5.21,9.09,,
267973,P,2000-10-09,28437,3,63.34,4.48,,
267974,P,2000-07-06,67107,7,88.43,8.68,,
267975,P,2002-09-14,56022,2,55.69,5.26,,
267976,P,2000-01-21,65128,9,66.36,4.43,,
267977,P,2001-10-19,9958,5,53.22,0.56,,
267978,P,2001-10-13,4322,6,1.70,4.48,,
267979,P,2002-05-24,26078,6,0.77,1.90,,
267980,P,2002-09-05,22524,3,81.40,6.66,,
267981,P,2002-05-08,52713,2,39.87,7.08,,
267982,P,2002-03-25,20788,3,73.35,0.56,,
267983,P,2002-03-15,77520,5,13.84,3.45,,
267984,P,2001-02-08,41988,5,50.00,8.79,,
267985,P,2002-06-29,92780,4,29.27,4.89,,
267986,P,2000-02-06,86256,6,22.63,7.17,,
267987,P,2000-02-17,95524,3,25.97,7.93,,
267988,P,2000-04-09,15965,7,34.33,9.42,,
267989,P,2000-08-13,37437,4,14.55,3.81,,
267990,P,2001-10-03,89507,9,60.08,7.10,,
267991,P,2002-06-01,73967,1,65.56,2.06,,
267992,P,2000-10-09,92480,2,56.25,5.32,,
267993,P,2001-06-25,73443,8,15.25,4.74,,
267994,P,2002-09-17,10618,4,16.91,7.12,,
267995,P,2001-10-16,7337,9,85.45,3.80,,
267996,P,2001-05-28,54517,10,89.93,6.95,,
267997,P,2001-12-02,57584,7,50.36,2.87,,
267998,P,2001-08-31,25545,2,63.00,2.59,,
267999,P,2000-10-07,36258,7,43.86,0.60,,
268000,P,2002-02-24,59733,2,65.20,1.47,,
268001,P,2001-09-19,65845,6,78.58,5.31,,
268002,P,2000-10-04,19306,6,81.16,4.31,,
268003,P,2000-08-21,27259,6,51.15,4.98,,
268004,P,2001-01-04,91196,5,12.61,0.88,,
268005,P,2000-01-05,72991,4,48.98,5.84,,
268006,P,2002-04-15,97949,3,61.09,6.09,,
268007,P,2000-05-27,23870,7,0.97,1.25,,
268008,P,2001-08-20,74144,6,90.02,8.87,,
268009,P,2000-08-30,52008,1,69.60,4.39,,
268010,P,2002-05-19,20609,2,9.34,6.03,,
268011,P,2000-05-20,938,10,76.66,2.68,,
268012,P,2002-05-22,72071,5,20.25,1.76,,
268013,P,2002-05-14,9609,8,76.86,4.95,,
268014,P,2001-12-29,41407,8,78.95,5.85,,
268015,P,2000-04-05,95136,2,68.33,7.10,,
268016,P,2002-02-15,30268,1,86.65,9.39,,
268017,P,2002-04-13,75049,2,70.06,4.46,,
268018,P,2002-04-10,1001,3,30.65,1.05,,
268019,P,2000-04-13,91000,7,22.40,4.05,,
268020,P,2000-01-23,70021,9,1.25,9.66,,
268021,P,2001-10-21,37314,6,12.11,3.05,,
268022,P,2000-05-24,21044,9,65.32,0.76,,
268023,P,2000-07-18,53204,5,20.48,4.98,,
268024,P,2002-03-05,18722,10,67.52,4.83,,
268025,P,2001-03-02,84437,4,43.77,9.07,,
268026,P,2001-12-27,44872,3,6.63,6.99,,
268027,P,2001-04-08,53393,9,50.18,7.81,,
268028,P,2000-05-07,62411,2,69.55,8.51,,
268029,P,2001-08-04,18221,4,30.60,1.35,,
268030,P,2002-04-05,73170,8,14.62,7.93,,
268031,P,2001-02-11,35547,2,51.23,5.52,,
268032,P,2001-06-29,97368,6,3.00,6.60,,
268033,P,2001-03-11,25777,4,60.92,1.26,,
268034,P,2001-01-31,98625,4,98.90,7.64,,
268035,P,2000-09-26,90895,6,94.93,4.08,,
268036,P,2001-08-19,81705,9,57.68,8.82,,
268037,P,2000-10-11,36857,2,62.10,4.56,,
268038,P,2002-04-21,49251,8,45.24,5.42,,
268039,P,2001-05-25,56402,2,44.62,3.84,,
268040,P,2001-01-15,28310,7,52.28,1.77,,
268041,P,2001-12-25,93153,4,90.90,4.73,,
268042,P,2002-01-01,475,7,50.24,5.52,,
268043,P,2001-04-18,54071,10,60.84,0.99,,
268044,P,2002-08-02,5829,9,68.60,4.01,,
268045,P,2002-09-22,43370,1,5.16,8.64,,
268046,P,2001-05-20,22814,3,16.29,1.18,,
268047,P,2000-08-05,9628,3,39.39,8.89,,
268048,P,2001-11-29,22429,7,63.92,1.45,,
268049,P,2000-08-05,46769,3,64.90,6.92,,
268050,P,2002-06-04,16136,4,43.67,3.12,,
268051,P,2002-04-30,83507,5,44.79,9.33,,
268052,P,2001-07-18,83365,10,4.89,1.83,,
268053,P,2001-05-14,42202,5,38.36,6.37,,
268054,P,2000-02-11,58671,10,30.04,6.73,,
268055,P,2002-03-28,37772,2,95.60,3.98,,
268056,P,2000-04-30,24895,8,85.13,0.04,,
268057,P,2000-02-17,10625,10,63.38,4.93,,
268058,P,2001-06-27,76964,2,11.61,6.45,,
268059,P,2001-02-10,81237,1,8.38,1.24,,
268060,P,2000-01-31,68238,4,89.90,0.01,,
268061,P,2002-04-14,64214,5,18.70,1.88,,
268062,P,2001-07-05,71025,7,31.67,0.43,,
268063,P,2000-11-13,79762,8,62.45,7.17,,
268064,P,2001-02-15,27948,6,56.92,7.88,,
268065,P,2001-09-22,83613,9,45.92,9.54,,
268066,P,2002-09-20,37314,1,39.19,5.50,,
268067,P,2001-01-06,22291,9,86.70,7.93,,
268068,P,2002-09-19,93200,7,20.58,0.68,,
268069,P,2001-11-02,42553,6,67.42,6.05,,
268070,P,2002-01-16,1593,4,48.05,6.01,,
268071,P,2002-05-16,36131,5,41.55,1.24,,
268072,P,2002-02-24,99039,9,73.96,8.77,,
268073,P,2001-11-02,29229,5,21.58,8.25,,
268074,P,2001-07-18,17616,9,7.90,9.36,,
268075,P,2000-06-18,5972,4,7.98,2.02,,
268076,P,2000-09-02,84270,10,1.34,8.00,,
268077,P,2000-07-19,34248,7,86.85,7.27,,
268078,P,2002-06-26,55362,6,2.53,0.13,,
268079,P,2002-07-12,62509,7,2.60,6.15,,
268080,P,2000-06-07,67252,10,74.80,6.83,,
268081,P,2000-03-28,65578,5,78.91,0.59,,
268082,P,2002-07-05,28608,7,40.83,4.22,,
268083,P,2000-06-29,7971,9,34.34,5.40,,
268084,P,2000-12-11,93874,10,47.11,1.12,,
268085,P,2001-08-20,55913,5,7.16,1.99,,
268086,P,2000-02-01,47121,1,10.72,8.24,,
268087,P,2000-12-01,82862,6,97.17,5.87,,
268088,P,2002-09-19,42291,4,81.32,8.29,,
268089,P,2000-04-01,8833,9,25.81,8.74,,
268090,P,2001-11-27,35918,3,20.17,2.54,,
268091,P,2001-06-28,19101,5,71.64,7.75,,
268092,P,2002-01-10,30317,1,80.97,4.26,,
268093,P,2001-05-28,33462,7,94.54,1.72,,
268094,P,2001-04-17,69628,5,89.28,2.62,,
268095,P,2001-07-18,21386,9,6.61,1.11,,
268096,P,2001-01-18,84405,9,84.16,1.70,,
268097,P,2002-04-11,28802,5,50.06,0.82,,
268098,P,2001-07-28,92790,10,43.22,6.51,,
268099,P,2001-11-10,85878,1,37.93,4.25,,
268100,P,2000-09-29,11714,4,10.15,1.46,,
268101,P,2002-02-16,80339,6,26.80,9.89,,
268102,P,2001-11-28,80722,8,82.53,2.33,,
268103,P,2001-10-02,92684,5,17.52,2.52,,
268104,P,2002-09-09,67051,10,62.04,7.05,,
268105,P,2001-04-09,50133,5,31.77,8.96,,
268106,P,2000-11-15,59809,3,30.70,5.63,,
268107,P,2000-05-28,38896,1,82.94,9.50,,
268108,P,2001-12-31,67202,9,17.44,0.19,,
268109,P,2000-05-22,99157,8,55.53,5.93,,
268110,P,2000-07-28,3655,7,2.43,3.34,,
268111,P,2000-05-15,12610,2,15.23,5.94,,
268112,P,2000-05-29,93880,2,25.50,6.17,,
268113,P,2001-09-14,31378,6,94.05,0.57,,
268114,P,2000-12-21,73731,9,45.15,4.43,,
268115,P,2002-02-14,22755,1,90.89,6.00,,
268116,P,2001-07-07,97712,3,53.28,0.31,,
268117,P,2000-12-17,89997,1,29.83,7.53,,
268118,P,2001-06-04,26783,3,73.14,3.47,,
268119,P,2000-05-14,87174,9,2.47,3.57,,
268120,P,2001-10-06,18806,4,49.86,4.35,,
268121,P,2001-01-12,84876,5,34.14,5.14,,
268122,P,2000-03-24,48639,9,18.92,4.40,,
268123,P,2001-01-16,5578,1,13.66,8.57,,
268124,P,2001-03-18,65513,8,88.52,9.63,,
268125,P,2000-09-30,85282,8,55.90,2.58,,
268126,P,2000-01-02,15579,10,61.39,6.67,,
268127,P,2000-08-25,17268,7,56.76,3.89,,
268128,P,2001-02-13,58191,6,26.44,7.34,,
268129,P,2000-11-18,10716,4,25.43,2.50,,
268130,P,2001-10-04,56466,5,47.54,1.42,,
268131,P,2000-03-07,68894,8,15.52,9.21,,
268132,P,2001-12-19,55656,3,0.41,2.87,,
268133,P,2001-08-24,42333,5,38.46,5.86,,
268134,P,2002-01-28,2758,1,92.07,4.97,,
268135,P,2000-06-30,38427,10,56.89,1.48,,
268136,P,2002-07-08,20034,5,13.68,4.08,,
268137,P,2002-05-05,79199,1,29.07,2.15,,
268138,P,2001-09-25,87422,9,50.07,4.46,,
268139,P,2000-03-24,19775,3,50.53,8.09,,
268140,P,2002-01-29,49421,9,12.35,0.05,,
268141,P,2000-01-01,50112,4,6.56,0.22,,
268142,P,2002-01-24,46470,6,21.10,6.67,,
268143,P,2000-04-30,23824,3,51.51,5.77,,
268144,P,2001-09-06,64788,6,14.98,6.54,,
268145,P,2000-09-07,66993,4,78.79,0.77,,
268146,P,2002-01-13,24879,9,34.45,8.10,,
268147,P,2002-04-04,32577,3,33.34,9.98,,
268148,P,2001-11-09,40204,1,26.48,8.13,,
268149,P,2000-01-18,83908,8,77.32,7.37,,
268150,P,2002-03-29,24172,4,30.69,9.77,,
268151,P,2000-03-18,5876,5,67.43,9.99,,
268152,P,2002-01-20,96094,1,79.52,7.99,,
268153,P,2001-06-13,50532,9,52.74,2.65,,
268154,P,2000-10-03,62477,8,75.75,8.81,,
268155,P,2001-04-18,74168,1,8.88,8.38,,
268156,P,2002-08-28,63636,10,44.76,4.11,,
268157,P,2002-05-30,99185,6,33.53,4.96,,
268158,P,2000-01-05,71912,1,28.41,8.18,,
268159,P,2000-04-14,94233,5,2.35,2.59,,
268160,P,2000-02-05,18507,8,9.39,0.53,,
268161,P,2000-04-23,55637,9,99.84,6.14,,
268162,P,2001-09-25,25848,7,20.86,2.08,,
268163,P,2000-03-17,66504,10,21.03,2.75,,
268164,P,2000-08-02,67921,3,57.74,3.70,,
268165,P,2001-05-24,72496,10,24.85,9.14,,
268166,P,2000-07-27,81626,4,51.20,7.13,,
268167,P,2002-03-01,65356,3,82.27,4.66,,
268168,P,2001-12-04,15260,10,59.03,1.08,,
268169,P,2000-02-23,6435,2,90.14,0.63,,
268170,P,2001-09-26,97515,7,70.54,7.03,,
268171,P,2002-01-04,35815,5,31.53,1.07,,
268172,P,2001-08-18,75016,10,10.43,5.81,,
268173,P,2002-03-02,96680,5,46.94,5.15,,
268174,P,2000-04-29,76651,2,54.57,4.97,,
268175,P,2001-11-29,70480,6,81.38,4.26,,
268176,P,2001-09-09,79201,7,79.49,0.46,,
268177,P,2000-08-14,51963,4,43.98,9.31,,
268178,P,2001-09-11,65940,10,95.77,6.77,,
268179,P,2000-07-20,46155,8,70.37,5.74,,
268180,P,2000-08-12,35866,7,72.64,2.51,,
268181,P,2000-10-13,60543,1,17.55,9.58,,
268182,P,2001-01-05,89453,2,37.69,8.95,,
268183,P,2001-02-07,57963,10,66.21,8.52,,
268184,P,2001-05-14,93807,8,46.49,4.33,,
268185,P,2000-12-07,26566,8,39.67,6.34,,
268186,P,2000-04-05,93485,1,73.30,8.85,,
268187,P,2000-07-20,72581,5,46.78,3.65,,
268188,P,2000-02-25,61152,3,65.23,6.77,,
268189,P,2000-11-30,41839,9,52.24,5.21,,
268190,P,2002-04-26,51603,6,52.30,5.33,,
268191,P,2001-05-12,79283,7,99.72,5.55,,
268192,P,2000-11-04,85434,7,83.90,3.54,,
268193,P,2001-11-30,87871,6,79.19,6.15,,
268194,P,2001-09-12,47706,6,70.54,8.83,,
268195,P,2001-07-01,16057,5,5.17,6.35,,
268196,P,2000-09-04,34186,2,38.92,8.10,,
268197,P,2000-03-17,86543,2,17.38,5.28,,
268198,P,2000-05-07,6624,6,53.45,2.52,,
268199,P,2002-02-26,29638,10,55.80,8.60,,
268200,P,2000-05-21,52279,3,40.90,4.46,,
268201,P,2001-04-28,53592,10,79.52,2.17,,
268202,P,2002-06-12,3438,9,67.23,2.80,,
268203,P,2001-11-14,77079,6,53.62,1.78,,
268204,P,2002-03-28,14637,3,34.32,3.84,,
268205,P,2000-11-22,38994,10,42.81,3.58,,
268206,P,2001-08-18,67529,7,98.99,1.33,,
268207,P,2000-10-07,12267,1,33.60,2.24,,
268208,P,2002-02-01,64391,5,18.64,5.61,,
268209,P,2001-06-08,80780,6,86.15,5.94,,
268210,P,2002-02-12,53619,10,50.84,4.04,,
268211,P,2002-04-19,42291,1,41.26,9.20,,
268212,P,2000-09-17,84222,5,18.09,8.13,,
268213,P,2000-12-30,61971,7,99.80,8.64,,
268214,P,2000-11-10,12762,10,22.53,7.44,,
268215,P,2000-07-05,85220,4,67.52,8.04,,
268216,P,2000-03-30,96572,1,35.70,1.89,,
268217,P,2001-06-09,68617,8,88.19,2.12,,
268218,P,2001-11-15,7527,7,83.79,5.87,,
268219,P,2000-02-25,20079,2,77.94,4.65,,
268220,P,2001-07-16,63298,3,34.61,0.20,,
268221,P,2002-03-20,20742,10,37.45,5.91,,
268222,P,2000-09-15,89996,3,21.63,5.42,,
268223,P,2002-02-27,9738,8,21.52,1.51,,
268224,P,2001-05-01,89969,6,49.37,6.10,,
268225,P,2002-08-17,74529,9,23.78,1.27,,
268226,P,2002-06-03,83237,2,71.47,1.01,,
268227,P,2000-11-16,87088,10,33.66,8.42,,
268228,P,2000-08-13,69483,8,99.48,6.29,,
268229,P,2000-07-13,70900,1,48.57,7.65,,
268230,P,2001-05-03,88263,7,90.78,4.08,,
268231,P,2001-09-29,6941,9,90.72,1.49,,
268232,P,2001-04-21,19949,1,28.00,1.98,,
268233,P,2002-01-28,36297,2,86.18,7.42,,
268234,P,2002-09-11,44750,8,82.08,1.49,,
268235,P,2001-12-07,93689,9,92.34,6.36,,
268236,P,2001-03-04,88257,7,78.32,9.38,,
268237,P,2002-09-10,89041,6,40.35,7.99,,
268238,P,2001-11-22,84849,9,43.87,4.12,,
268239,P,2000-09-05,75572,2,42.25,4.61,,
268240,P,2001-10-24,26533,6,9.21,6.10,,
268241,P,2002-03-04,36077,10,92.13,8.15,,
268242,P,2001-06-06,45801,9,33.51,5.72,,
268243,P,2002-04-25,17013,6,93.60,2.72,,
268244,P,2000-05-19,48130,9,92.06,6.57,,
268245,P,2002-07-03,13230,2,81.94,6.95,,
268246,P,2000-11-08,46287,6,77.36,1.74,,
268247,P,2001-09-11,202,1,33.98,2.45,,
268248,P,2001-03-26,4532,7,64.65,7.73,,
268249,P,2000-04-12,72143,7,5.59,9.50,,
268250,P,2000-11-24,47552,6,43.62,4.81,,
268251,P,2001-11-06,51512,1,52.96,3.63,,
268252,P,2001-01-17,42876,5,63.02,6.20,,
268253,P,2000-09-04,77462,9,60.45,2.47,,
268254,P,2002-02-13,53465,7,82.56,1.85,,
268255,P,2000-11-26,21073,10,62.40,6.91,,
268256,P,2001-09-06,75815,8,21.90,7.18,,
268257,P,2000-03-29,34815,5,9.93,9.65,,
268258,P,2001-06-08,43673,5,74.37,7.35,,
268259,P,2000-10-06,41060,10,5.27,6.21,,
268260,P,2001-10-28,79516,6,65.70,1.08,,
268261,P,2001-05-30,33536,8,2.14,9.10,,
268262,P,2001-09-29,38152,7,64.67,4.45,,
268263,P,2000-01-18,89057,4,31.44,9.47,,
268264,P,2000-04-19,60724,7,1.14,0.78,,
268265,P,2000-10-13,5960,9,52.80,8.79,,
268266,P,2000-10-11,52157,8,50.40,9.25,,
268267,P,2002-06-08,24524,6,17.28,3.90,,
268268,P,2002-01-31,43866,1,28.44,3.35,,
268269,P,2002-05-10,59921,9,35.28,5.91,,
268270,P,2002-05-17,59488,5,69.19,7.42,,
268271,P,2000-08-21,36525,1,26.36,2.96,,
268272,P,2001-04-23,54243,10,76.02,0.01,,
268273,P,2002-09-11,79982,4,56.68,2.88,,
268274,P,2000-06-07,16750,1,93.39,9.09,,
268275,P,2000-04-30,14778,8,75.70,6.66,,
268276,P,2000-02-24,96727,4,36.91,2.31,,
268277,P,2001-11-12,31805,6,12.42,6.40,,
268278,P,2001-11-27,27778,2,74.94,8.43,,
268279,P,2001-11-06,29931,7,9.69,5.44,,
268280,P,2002-02-03,3019,9,75.02,5.98,,
268281,P,2001-09-26,57842,6,45.50,1.93,,
268282,P,2000-02-16,45601,4,16.30,5.26,,
268283,P,2001-12-19,51406,5,10.90,2.57,,
268284,P,2002-09-03,91677,8,87.14,4.67,,
268285,P,2001-07-24,42071,4,47.82,5.26,,
268286,P,2002-05-03,81888,7,50.76,2.49,,
268287,P,2001-12-25,15528,3,26.81,1.16,,
268288,P,2001-05-18,61848,1,42.08,2.65,,
268289,P,2000-11-13,2616,9,79.15,3.01,,
268290,P,2002-02-25,6447,9,6.94,4.42,,
268291,P,2000-09-28,68529,6,93.57,6.88,,
268292,P,2001-05-08,25168,4,35.72,6.36,,
268293,P,2000-04-11,86922,5,55.15,4.11,,
268294,P,2001-11-28,38346,8,66.08,6.56,,
268295,P,2000-03-31,15708,1,52.28,3.29,,
268296,P,2000-01-13,46248,2,54.66,2.96,,
268297,P,2001-12-31,20036,3,27.10,4.24,,
268298,P,2000-07-24,87831,2,2.97,9.86,,
268299,P,2001-07-30,53997,6,21.79,1.10,,
268300,P,2001-09-15,53668,2,15.23,6.82,,
268301,P,2002-04-04,16418,5,18.20,1.16,,
268302,P,2001-10-01,50869,7,72.60,1.13,,
268303,P,2000-12-24,82741,4,34.80,2.08,,
268304,P,2002-06-25,40401,1,41.60,4.60,,
268305,P,2000-07-02,42031,8,56.88,8.22,,
268306,P,2002-02-27,97139,10,14.60,5.42,,
268307,P,2001-01-06,35444,3,95.95,2.75,,
268308,P,2002-08-07,70095,1,17.72,9.17,,
268309,P,2000-01-23,45584,1,81.10,8.18,,
268310,P,2001-12-07,18622,8,70.53,2.45,,
268311,P,2001-10-21,92219,3,20.32,1.58,,
268312,P,2001-12-04,97991,10,64.49,3.22,,
268313,P,2001-01-16,61207,9,91.99,0.24,,
268314,P,2000-08-13,15541,1,83.34,4.71,,
268315,P,2000-05-02,60155,7,61.22,8.70,,
268316,P,2002-02-05,14357,3,96.17,2.19,,
268317,P,2000-04-13,26076,7,96.85,4.31,,
268318,P,2000-12-17,27957,7,75.07,8.65,,
268319,P,2000-10-01,96381,10,59.87,2.45,,
268320,P,2000-07-22,30260,8,38.98,9.89,,
268321,P,2001-10-06,80350,6,30.95,0.75,,
268322,P,2001-02-27,60412,7,19.21,8.44,,
268323,P,2001-06-17,55824,10,24.29,5.05,,
268324,P,2000-09-20,41380,10,42.99,0.37,,
268325,P,2001-04-20,97020,6,46.86,7.39,,
268326,P,2001-08-07,58885,3,70.33,9.09,,
268327,P,2000-12-01,67756,6,74.35,7.81,,
268328,P,2000-07-21,84133,6,31.07,8.44,,
268329,P,2000-01-18,6715,4,88.86,0.89,,
268330,P,2000-08-13,36581,2,14.04,5.56,,
268331,P,2001-04-11,10860,3,91.00,6.07,,
268332,P,2001-07-03,58347,5,69.14,5.90,,
268333,P,2000-10-04,68065,4,63.91,7.56,,
268334,P,2000-07-25,92850,1,74.42,4.20,,
268335,P,2002-08-01,9590,9,67.00,4.81,,
268336,P,2001-02-04,51391,6,35.50,9.60,,
268337,P,2001-03-14,95092,9,86.49,8.43,,
268338,P,2001-04-18,96025,2,72.78,0.29,,
268339,P,2001-08-29,92515,9,76.47,4.03,,
268340,P,2002-07-22,98624,7,14.51,6.55,,
268341,P,2001-12-18,99297,10,96.80,9.88,,
268342,P,2000-04-11,88611,7,24.13,6.21,,
268343,P,2000-03-27,37948,3,93.76,3.70,,
268344,P,2000-03-03,91778,3,54.56,5.10,,
268345,P,2001-10-07,58051,7,47.84,6.78,,
268346,P,2000-02-13,91880,2,52.89,5.16,,
268347,P,2000-10-07,71943,7,47.57,4.88,,
268348,P,2000-09-23,84091,9,25.10,9.94,,
268349,P,2002-03-08,67547,3,29.08,9.77,,
268350,P,2002-05-30,35682,6,6.18,6.32,,
268351,P,2002-09-05,82225,5,68.57,6.74,,
268352,P,2000-06-08,61581,4,55.16,9.77,,
268353,P,2000-11-08,21464,4,66.66,9.80,,
268354,P,2000-10-22,38780,2,63.24,8.45,,
268355,P,2000-03-18,29266,5,91.96,6.80,,
268356,P,2002-02-14,54855,7,7.13,4.07,,
268357,P,2000-03-07,54748,7,70.06,1.91,,
268358,P,2002-08-09,54125,1,61.80,5.76,,
268359,P,2000-01-26,38900,2,38.58,5.60,,
268360,P,2000-06-28,66942,4,44.44,2.55,,
268361,P,2001-06-03,34483,7,38.55,7.03,,
268362,P,2002-01-04,62634,6,19.05,1.25,,
268363,P,2000-11-03,82761,8,21.91,3.90,,
268364,P,2001-02-22,49592,5,33.39,2.53,,
268365,P,2000-10-21,4439,2,75.05,8.84,,
268366,P,2000-09-01,20102,4,83.64,0.53,,
268367,P,2001-03-19,12700,8,41.80,6.21,,
268368,P,2000-10-01,69904,1,39.40,3.78,,
268369,P,2002-01-30,94598,9,46.88,8.32,,
268370,P,2000-01-23,73675,1,74.41,7.28,,
268371,P,2000-03-08,71472,9,34.01,0.08,,
268372,P,2001-11-15,59757,6,18.44,6.97,,
268373,P,2000-07-12,55087,10,14.65,8.27,,
268374,P,2002-03-08,9579,2,98.06,7.49,,
268375,P,2002-06-01,90194,7,63.47,5.54,,
268376,P,2002-06-14,968,3,42.73,5.27,,
268377,P,2000-08-18,15201,6,86.45,5.83,,
268378,P,2000-08-14,9649,6,43.79,0.42,,
268379,P,2002-01-27,55589,8,46.10,1.18,,
268380,P,2001-08-25,37021,9,42.05,2.20,,
268381,P,2002-05-16,40249,7,58.74,6.29,,
268382,P,2002-04-11,87078,8,73.51,4.37,,
268383,P,2001-02-01,25398,1,7.15,5.27,,
268384,P,2002-07-15,16106,9,42.61,5.63,,
268385,P,2001-02-24,73440,4,65.86,0.04,,
268386,P,2000-11-25,89377,3,22.16,8.72,,
268387,P,2001-02-15,68488,9,80.16,1.61,,
268388,P,2000-06-11,39073,1,14.80,7.90,,
268389,P,2001-09-02,8806,4,64.17,1.93,,
268390,P,2001-10-13,35721,5,50.96,6.90,,
268391,P,2000-09-01,51550,1,75.69,4.27,,
268392,P,2001-03-23,18194,4,23.96,1.50,,
268393,P,2002-01-18,17985,5,33.49,3.42,,
268394,P,2000-06-17,25751,2,40.30,9.90,,
268395,P,2000-09-12,85846,10,95.51,1.02,,
268396,P,2000-04-01,81060,8,56.87,9.06,,
268397,P,2001-05-31,51441,3,24.79,3.67,,
268398,P,2000-11-21,32345,8,12.28,3.11,,
268399,P,2002-07-14,43169,2,80.86,4.38,,
268400,P,2000-08-02,43191,2,88.81,1.19,,
268401,P,2001-10-11,92308,1,85.76,2.11,,
268402,P,2001-02-15,44303,6,77.91,7.47,,
268403,P,2000-04-06,19209,5,25.99,5.26,,
268404,P,2000-01-04,96605,7,57.40,3.80,,
268405,P,2001-01-31,13758,7,93.80,4.01,,
268406,P,2000-06-20,81365,3,72.01,1.18,,
268407,P,2001-04-23,14152,6,53.24,7.63,,
268408,P,2000-01-09,23815,4,13.70,0.54,,
268409,P,2001-07-28,81469,6,71.24,7.92,,
268410,P,2001-05-27,21903,3,13.47,0.24,,
268411,P,2000-10-05,98671,9,76.25,4.86,,
268412,P,2000-01-10,59997,4,97.71,7.71,,
268413,P,2000-08-18,20929,9,19.14,4.78,,
268414,P,2002-02-07,989,7,51.38,7.10,,
268415,P,2000-12-22,60599,7,21.22,3.46,,
268416,P,2000-06-19,14343,5,14.24,1.61,,
268417,P,2001-12-21,92025,1,9.54,7.51,,
268418,P,2001-03-25,91762,9,0.27,4.92,,
268419,P,2000-11-12,47414,6,71.35,9.12,,
268420,P,2002-05-18,61046,4,15.42,5.30,,
268421,P,2000-10-06,29925,1,21.26,6.49,,
268422,P,2000-05-28,32451,4,82.97,6.58,,
268423,P,2002-07-03,43939,4,22.74,7.00,,
268424,P,2000-09-20,13123,5,99.05,8.15,,
268425,P,2002-04-18,36455,3,37.56,1.23,,
268426,P,2001-01-03,18590,8,57.31,3.17,,
268427,P,2001-06-10,79810,1,59.31,7.81,,
268428,P,2000-03-30,32546,9,81.38,7.43,,
268429,P,2000-10-02,39108,9,62.09,6.55,,
268430,P,2002-07-23,46821,2,26.13,3.83,,
268431,P,2000-11-21,10296,4,43.87,6.69,,
268432,P,2001-06-12,48470,5,34.68,6.30,,
268433,P,2002-06-15,75542,8,83.00,5.79,,
268434,P,2001-05-28,97944,5,58.00,6.57,,
268435,P,2001-02-07,10942,6,80.23,4.83,,
268436,P,2000-03-27,36118,1,40.13,0.87,,
268437,P,2000-03-11,46012,1,51.92,3.24,,
268438,P,2001-05-29,12965,2,95.03,1.05,,
268439,P,2000-07-23,17934,3,7.96,0.19,,
268440,P,2000-06-24,11654,2,19.34,5.85,,
268441,P,2000-09-10,24652,3,88.18,3.08,,
268442,P,2002-08-16,62368,8,60.64,9.26,,
268443,P,2000-01-04,170,5,46.95,2.67,,
268444,P,2001-01-25,92411,10,23.73,0.63,,
268445,P,2000-10-05,5161,3,14.36,1.85,,
268446,P,2000-05-19,85421,8,73.75,0.24,,
268447,P,2000-10-30,24955,1,94.60,5.91,,
268448,P,2001-11-08,63914,4,5.68,2.52,,
268449,P,2001-11-19,28394,7,27.81,0.05,,
268450,P,2000-07-14,26406,4,32.63,7.49,,
268451,P,2001-05-13,94377,9,37.49,4.19,,
268452,P,2001-11-20,74351,3,74.24,7.37,,
268453,P,2002-03-17,77809,4,69.92,3.85,,
268454,P,2000-05-16,59810,8,24.55,4.38,,
268455,P,2000-12-12,20346,9,47.67,7.99,,
268456,P,2001-04-30,87825,6,93.27,3.78,,
268457,P,2001-07-03,53694,6,50.06,5.45,,
268458,P,2001-02-17,19699,9,70.78,3.95,,
268459,P,2001-01-16,59185,6,89.30,6.86,,
268460,P,2001-02-28,99657,4,37.04,7.88,,
268461,P,2002-02-13,11310,5,6.38,6.95,,
268462,P,2000-02-04,517,8,49.58,2.89,,
268463,P,2002-07-10,32193,7,31.97,3.48,,
268464,P,2001-04-15,35912,3,96.86,1.92,,
268465,P,2002-03-24,15096,8,76.92,5.58,,
268466,P,2002-09-07,59685,7,96.03,7.62,,
268467,P,2002-06-25,83835,9,46.13,7.72,,
268468,P,2002-08-01,81985,9,35.21,2.89,,
268469,P,2002-03-31,58319,3,81.74,7.19,,
268470,P,2001-04-14,38342,5,90.84,4.51,,
268471,P,2000-07-09,78258,8,14.63,4.94,,
268472,P,2000-07-04,8278,3,95.91,8.90,,
268473,P,2000-09-30,94187,10,77.65,2.73,,
268474,P,2002-08-07,31361,3,20.84,1.54,,
268475,P,2000-08-12,69053,9,55.15,8.25,,
268476,P,2001-08-07,91499,2,24.91,6.13,,
268477,P,2001-12-12,49821,2,16.24,0.26,,
268478,P,2000-07-06,8616,8,83.85,9.01,,
268479,P,2002-09-16,98089,9,71.85,9.60,,
268480,P,2000-03-10,50923,1,13.98,2.13,,
268481,P,2002-08-02,80439,7,52.34,8.88,,
268482,P,2002-08-06,98441,5,4.27,2.52,,
268483,P,2000-05-05,16356,4,90.71,1.18,,
268484,P,2002-03-23,74973,5,84.77,6.44,,
268485,P,2001-04-02,86779,3,86.92,8.14,,
268486,P,2000-02-21,51232,3,10.88,2.44,,
268487,P,2001-06-23,46184,9,59.34,4.67,,
268488,P,2001-01-23,74561,2,20.24,4.96,,
268489,P,2000-12-16,68026,2,55.64,1.25,,
268490,P,2001-10-02,80040,9,90.84,5.66,,
268491,P,2001-12-14,21580,4,16.15,8.86,,
268492,P,2001-01-26,18748,7,71.90,5.24,,
268493,P,2001-05-23,19628,6,14.50,6.50,,
268494,P,2001-06-24,10382,6,44.29,8.08,,
268495,P,2000-10-22,82850,3,70.33,6.21,,
268496,P,2000-05-15,21557,7,51.44,8.26,,
268497,P,2001-11-08,77489,10,99.97,3.62,,
268498,P,2001-11-29,69637,6,87.14,7.68,,
268499,P,2001-01-24,197,4,61.00,7.85,,
268500,P,2002-08-05,17774,1,70.07,3.56,,
268501,P,2002-06-04,51023,4,64.47,1.39,,
268502,P,2001-05-30,46543,3,79.64,3.76,,
268503,P,2001-04-27,43199,3,82.53,3.57,,
268504,P,2002-01-05,49691,5,14.60,5.80,,
268505,P,2000-05-16,20983,6,13.07,3.39,,
268506,P,2000-01-27,49876,6,26.58,0.10,,
268507,P,2001-03-10,53233,3,50.98,0.34,,
268508,P,2002-02-20,3797,8,83.64,9.53,,
268509,P,2001-11-26,50621,10,12.33,7.61,,
268510,P,2001-10-01,53075,3,25.59,4.03,,
268511,P,2001-02-18,58289,10,67.19,4.07,,
268512,P,2001-08-06,42707,2,30.49,5.22,,
268513,P,2002-08-14,36686,8,94.60,9.72,,
268514,P,2002-05-19,79675,5,50.38,1.08,,
268515,P,2002-04-10,80109,10,33.43,5.03,,
268516,P,2002-04-23,23308,10,39.54,5.15,,
268517,P,2001-10-16,82397,3,21.51,2.06,,
268518,P,2001-07-17,68944,2,84.10,4.63,,
268519,P,2002-05-25,87432,1,22.32,5.90,,
268520,P,2000-01-14,81449,3,20.00,4.48,,
268521,P,2000-09-05,4939,2,38.39,4.61,,
268522,P,2001-10-03,74181,1,87.61,5.23,,
268523,P,2002-08-02,76733,3,14.75,1.00,,
268524,P,2001-04-25,42815,6,34.26,9.18,,
268525,P,2000-02-09,28419,3,72.39,5.93,,
268526,P,2002-01-29,40873,8,67.36,9.27,,
268527,P,2002-08-15,14285,4,26.61,3.66,,
268528,P,2001-09-30,58315,3,3.81,1.55,,
268529,P,2000-01-26,16571,2,58.08,1.06,,
268530,P,2002-05-17,89893,3,75.91,7.15,,
268531,P,2000-11-30,57186,4,10.47,7.09,,
268532,P,2000-12-29,7804,8,5.88,5.70,,
268533,P,2001-12-18,60738,9,64.66,9.10,,
268534,P,2002-08-04,1533,3,86.09,7.05,,
268535,P,2000-02-15,79661,5,27.41,4.20,,
268536,P,2001-06-24,8680,3,0.35,0.98,,
268537,P,2000-03-22,85805,7,53.87,4.72,,
268538,P,2000-01-08,83402,5,71.17,3.08,,
268539,P,2000-01-20,10455,6,45.42,7.40,,
268540,P,2000-11-20,72022,6,89.53,6.83,,
268541,P,2002-07-05,73858,5,45.99,4.62,,
268542,P,2000-08-12,87763,2,47.61,8.33,,
268543,P,2001-04-25,41389,6,81.23,0.55,,
268544,P,2001-08-07,79505,10,40.32,6.39,,
268545,P,2002-01-19,59001,3,70.21,6.87,,
268546,P,2000-02-25,31112,1,71.70,2.25,,
268547,P,2001-05-09,76459,6,66.26,6.63,,
268548,P,2000-06-17,41842,1,91.81,8.66,,
268549,P,2002-03-10,78865,8,80.74,9.86,,
268550,P,2000-03-31,69111,6,17.77,6.86,,
268551,P,2001-05-01,46744,9,5.58,2.38,,
268552,P,2002-09-13,82695,1,52.67,9.68,,
268553,P,2001-12-29,12865,3,93.19,9.83,,
268554,P,2002-09-02,43652,6,22.65,9.21,,
268555,P,2001-09-11,97953,10,77.54,8.05,,
268556,P,2001-12-26,52421,2,97.05,0.47,,
268557,P,2001-12-21,709,8,38.71,2.58,,
268558,P,2001-09-05,1053,7,36.64,1.98,,
268559,P,2000-10-02,42676,1,49.35,8.16,,
268560,P,2000-01-04,61654,4,64.69,7.05,,
268561,P,2002-03-18,65479,5,10.12,6.54,,
268562,P,2002-04-17,74055,3,70.57,4.60,,
268563,P,2002-07-04,18439,7,57.16,3.86,,
268564,P,2000-01-21,34471,8,44.56,4.32,,
268565,P,2000-12-09,2624,8,2.93,5.45,,
268566,P,2002-02-10,37967,6,37.31,7.84,,
268567,P,2001-02-10,98862,10,86.04,1.53,,
268568,P,2002-06-24,35556,5,19.83,0.59,,
268569,P,2000-08-22,28023,4,91.92,0.12,,
268570,P,2000-12-02,39275,3,22.37,5.74,,
268571,P,2001-08-06,80654,10,96.07,1.83,,
268572,P,2002-06-27,50649,1,54.17,3.43,,
268573,P,2000-11-25,35171,5,42.15,0.44,,
268574,P,2000-11-29,36470,1,57.48,7.08,,
268575,P,2002-04-04,90270,10,36.90,2.86,,
268576,P,2000-06-11,31693,6,86.27,7.08,,
268577,P,2002-05-24,30562,8,28.41,7.05,,
268578,P,2000-07-20,27036,10,89.32,8.49,,
268579,P,2002-07-02,97644,5,54.45,8.67,,
268580,P,2000-09-29,770,1,76.32,7.41,,
268581,P,2000-06-05,44257,6,96.94,0.61,,
268582,P,2000-06-03,97166,1,11.11,6.56,,
268583,P,2002-05-17,98594,4,70.14,6.61,,
268584,P,2000-05-13,96363,9,57.20,0.21,,
268585,P,2002-07-22,31301,9,76.93,6.06,,
268586,P,2001-06-28,58576,10,2.09,7.94,,
268587,P,2002-09-04,97869,10,22.60,6.65,,
268588,P,2001-08-30,84288,4,16.90,6.30,,
268589,P,2000-12-20,442,2,79.06,3.94,,
268590,P,2002-03-26,3631,3,38.77,0.99,,
268591,P,2002-02-14,43707,2,2.82,2.91,,
268592,P,2000-06-01,60507,1,64.56,2.70,,
268593,P,2001-11-06,56511,8,45.99,5.07,,
268594,P,2001-02-08,98699,6,43.61,9.33,,
268595,P,2002-01-26,42520,1,18.25,8.52,,
268596,P,2001-08-30,2467,3,66.39,3.01,,
268597,P,2000-09-27,87412,5,43.81,7.11,,
268598,P,2000-02-12,88354,1,37.09,6.26,,
268599,P,2000-04-23,48579,1,5.02,3.90,,
268600,P,2001-09-11,54292,2,35.68,4.16,,
268601,P,2002-08-24,34649,3,76.86,1.31,,
268602,P,2001-08-18,522,1,13.65,9.53,,
268603,P,2000-03-06,48365,10,89.37,1.07,,
268604,P,2002-06-28,26127,7,20.34,9.32,,
268605,P,2001-07-17,79056,5,59.73,0.64,,
268606,P,2001-03-14,11140,6,43.46,3.54,,
268607,P,2000-01-13,40765,4,45.39,7.63,,
268608,P,2001-06-15,82327,1,44.64,6.28,,
268609,P,2000-08-15,20520,8,11.59,5.88,,
268610,P,2001-02-27,4442,3,9.50,0.00,,
268611,P,2002-03-27,81806,7,3.17,3.11,,
268612,P,2001-02-13,24267,10,1.12,3.79,,
268613,P,2001-02-20,62708,4,90.11,6.54,,
268614,P,2002-02-27,93563,5,2.84,5.39,,
268615,P,2000-07-24,56522,9,34.59,2.39,,
268616,P,2001-06-04,11000,10,0.24,8.78,,
268617,P,2000-11-07,93274,5,63.80,8.55,,
268618,P,2000-07-17,42349,2,88.09,6.74,,
268619,P,2000-09-05,97652,5,76.83,8.53,,
268620,P,2001-11-04,18337,5,51.12,2.80,,
268621,P,2001-06-26,94611,4,54.05,3.52,,
268622,P,2001-07-09,31120,9,53.04,6.27,,
268623,P,2000-02-25,36472,6,57.60,7.15,,
268624,P,2001-11-04,65038,6,96.95,7.62,,
268625,P,2002-04-02,25380,10,55.26,6.49,,
268626,P,2001-06-07,73671,5,21.36,8.36,,
268627,P,2001-01-18,28560,9,11.95,4.34,,
268628,P,2002-03-27,30263,3,41.26,8.06,,
268629,P,2000-08-27,66357,2,36.24,8.72,,
268630,P,2001-04-10,46251,1,0.07,8.07,,
268631,P,2000-06-14,13405,6,43.02,7.97,,
268632,P,2001-05-01,23916,4,3.88,1.09,,
268633,P,2002-05-14,3848,1,93.99,5.86,,
268634,P,2002-02-09,51375,10,28.74,1.08,,
268635,P,2000-09-14,54399,2,95.23,5.00,,
268636,P,2000-03-28,41979,1,94.49,6.32,,
268637,P,2002-04-21,30215,5,64.50,0.95,,
268638,P,2002-02-22,98579,7,12.76,1.18,,
268639,P,2002-04-13,44295,1,20.40,6.58,,
268640,P,2001-11-20,23505,9,85.34,8.02,,
268641,P,2000-08-28,23232,1,16.27,3.22,,
268642,P,2000-11-06,44315,10,23.70,9.37,,
268643,P,2002-06-06,91126,2,79.70,5.93,,
268644,P,2002-04-30,8385,2,18.79,1.28,,
268645,P,2000-02-19,85879,6,75.20,6.70,,
268646,P,2001-12-17,93661,2,58.03,4.46,,
268647,P,2001-03-29,88208,7,84.84,9.59,,
268648,P,2001-05-12,63696,2,57.32,8.32,,
268649,P,2000-05-22,78533,8,23.48,8.07,,
268650,P,2000-12-31,41354,1,99.99,1.06,,
268651,P,2001-03-28,81531,10,5.30,1.80,,
268652,P,2002-04-09,92063,3,66.43,3.90,,
268653,P,2002-07-15,65038,4,45.43,1.70,,
268654,P,2000-08-24,82442,9,33.55,4.76,,
268655,P,2001-12-13,10311,9,51.11,8.55,,
268656,P,2000-03-01,10163,5,52.99,1.31,,
268657,P,2000-01-20,48453,4,64.11,8.86,,
268658,P,2000-05-09,37929,7,3.93,6.35,,
268659,P,2000-05-31,2132,5,4.01,6.54,,
268660,P,2000-10-30,46258,7,10.93,3.83,,
268661,P,2000-09-10,33459,8,71.94,8.39,,
268662,P,2001-02-11,47465,6,33.15,4.88,,
268663,P,2002-06-25,69900,2,66.82,1.30,,
268664,P,2000-03-26,30247,5,20.22,7.54,,
268665,P,2001-09-06,34494,3,65.38,2.96,,
268666,P,2002-01-12,38734,9,15.28,4.05,,
268667,P,2000-08-30,68747,1,97.19,4.75,,
268668,P,2000-09-05,9591,9,44.61,0.79,,
268669,P,2000-05-08,3397,3,2.84,7.87,,
268670,P,2002-05-23,76171,9,59.46,3.69,,
268671,P,2002-07-22,7778,5,21.83,0.75,,
268672,P,2002-06-09,53633,4,82.14,4.47,,
268673,P,2002-08-13,41486,4,98.14,1.04,,
268674,P,2002-03-25,35070,2,17.05,2.95,,
268675,P,2001-10-24,94669,5,88.72,1.80,,
268676,P,2001-05-08,84763,4,23.16,0.92,,
268677,P,2000-04-21,85614,3,19.85,0.34,,
268678,P,2002-07-16,15891,6,27.38,4.66,,
268679,P,2000-04-30,14295,10,20.77,9.67,,
268680,P,2002-07-01,77093,4,14.23,2.79,,
268681,P,2000-06-22,74274,8,70.35,4.51,,
268682,P,2002-06-28,31688,5,63.88,1.81,,
268683,P,2001-02-16,25806,2,10.27,8.80,,
268684,P,2001-05-18,52758,6,35.36,1.95,,
268685,P,2000-07-29,28356,9,39.13,4.90,,
268686,P,2001-09-02,72686,5,77.98,8.40,,
268687,P,2000-09-09,93798,5,31.36,7.43,,
268688,P,2001-09-30,16216,7,95.48,5.50,,
268689,P,2001-08-16,7175,1,6.78,8.10,,
268690,P,2002-04-21,83757,8,28.99,2.16,,
268691,P,2000-09-28,63456,9,46.68,1.92,,
268692,P,2001-04-14,33363,7,51.31,6.50,,
268693,P,2001-04-26,81155,3,73.92,0.81,,
268694,P,2000-06-10,95853,9,30.13,6.57,,
268695,P,2001-10-27,89391,1,53.50,6.86,,
268696,P,2000-09-28,10640,1,16.90,8.32,,
268697,P,2001-05-27,89031,7,17.48,0.87,,
268698,P,2000-11-19,77190,6,70.36,2.52,,
268699,P,2000-03-23,87799,10,5.94,2.36,,
268700,P,2002-08-09,90833,3,88.23,9.90,,
268701,P,2000-07-25,61268,3,3.84,8.05,,
268702,P,2000-07-06,6842,5,90.63,2.84,,
268703,P,2001-10-31,74144,8,60.34,8.62,,
268704,P,2001-01-15,78450,3,59.36,0.02,,
268705,P,2000-02-27,11917,7,7.61,8.92,,
268706,P,2001-05-16,6544,8,18.39,3.46,,
268707,P,2001-03-15,4441,7,77.61,4.78,,
268708,P,2002-09-06,9904,7,74.09,2.33,,
268709,P,2000-07-22,30990,6,36.41,3.49,,
268710,P,2002-04-14,59923,3,66.52,5.31,,
268711,P,2001-10-01,49346,2,96.67,8.81,,
268712,P,2000-05-26,11952,7,41.14,7.12,,
268713,P,2000-07-12,83374,10,72.97,0.06,,
268714,P,2001-04-08,47159,2,20.31,5.67,,
268715,P,2002-09-23,21676,1,41.68,4.39,,
268716,P,2000-09-02,72361,8,36.96,6.82,,
268717,P,2000-12-24,83799,3,26.99,5.91,,
268718,P,2000-10-22,86321,9,73.99,0.86,,
268719,P,2001-06-15,31375,3,8.92,5.04,,
268720,P,2000-12-08,26711,2,21.83,0.04,,
268721,P,2001-12-07,93069,2,75.02,7.12,,
268722,P,2001-08-22,12522,6,93.44,0.68,,
268723,P,2000-08-30,26583,1,87.20,0.94,,
268724,P,2002-04-30,17640,4,8.53,7.15,,
268725,P,2001-07-31,39036,3,49.80,1.83,,
268726,P,2002-02-27,45157,5,58.21,9.73,,
268727,P,2000-12-18,10751,9,10.92,2.56,,
268728,P,2000-08-05,12429,9,79.44,6.61,,
268729,P,2001-10-17,39651,7,41.67,1.02,,
268730,P,2000-07-26,54454,2,5.47,2.58,,
268731,P,2001-05-31,20805,9,92.44,1.90,,
268732,P,2002-01-23,17773,7,55.67,3.11,,
268733,P,2002-02-25,73932,6,88.19,2.98,,
268734,P,2001-10-27,63753,4,79.85,9.88,,
268735,P,2001-09-27,23363,10,16.99,2.26,,
268736,P,2001-06-01,31564,6,84.73,7.57,,
268737,P,2002-03-30,25554,6,68.03,3.23,,
268738,P,2002-07-19,1817,3,57.83,4.95,,
268739,P,2002-07-01,20537,5,19.30,8.14,,
268740,P,2002-08-23,9257,4,85.96,3.44,,
268741,P,2000-09-23,39538,5,17.50,6.66,,
268742,P,2000-05-14,67432,9,29.27,6.80,,
268743,P,2002-05-12,50305,8,93.68,2.47,,
268744,P,2000-08-23,89592,8,80.71,1.10,,
268745,P,2000-03-17,22390,8,89.57,7.54,,
268746,P,2002-04-24,40058,7,69.87,7.09,,
268747,P,2002-08-30,5695,2,20.03,4.56,,
268748,P,2000-10-19,92440,9,52.25,2.58,,
268749,P,2000-04-11,9195,10,13.36,6.50,,
268750,P,2001-09-06,44587,6,93.06,8.08,,
268751,P,2000-08-04,79939,10,82.37,8.11,,
268752,P,2002-03-14,19686,9,23.73,2.61,,
268753,P,2000-11-05,16685,5,14.86,9.97,,
268754,P,2002-09-25,6239,7,75.79,0.31,,
268755,P,2002-05-06,65481,8,51.12,1.62,,
268756,P,2002-07-06,91694,8,43.66,3.12,,
268757,P,2002-02-04,8163,3,82.24,2.50,,
268758,P,2002-06-21,64604,5,51.50,8.26,,
268759,P,2001-06-30,70508,8,51.29,0.33,,
268760,P,2001-10-15,43467,1,60.71,2.28,,
268761,P,2000-11-18,69851,9,27.92,1.80,,
268762,P,2001-01-29,75497,2,55.92,1.70,,
268763,P,2001-12-24,2642,1,0.77,5.10,,
268764,P,2000-05-06,92462,5,5.92,3.35,,
268765,P,2000-03-16,36394,10,85.77,9.94,,
268766,P,2002-02-09,81977,9,46.19,4.66,,
268767,P,2002-02-15,42687,4,97.70,3.42,,
268768,P,2000-11-14,61587,2,6.10,1.07,,
268769,P,2002-07-14,99235,8,42.79,9.55,,
268770,P,2001-05-29,47971,5,56.18,7.82,,
268771,P,2001-06-05,25297,2,49.54,0.47,,
268772,P,2001-06-28,35788,3,43.56,0.68,,
268773,P,2001-08-21,55333,2,28.03,8.00,,
268774,P,2001-10-08,87574,9,18.61,0.96,,
268775,P,2001-03-21,70301,9,80.44,8.96,,
268776,P,2001-05-30,44705,3,56.68,6.08,,
268777,P,2000-12-27,63034,2,61.40,7.82,,
268778,P,2000-01-18,98355,3,91.78,3.38,,
268779,P,2001-01-12,31901,3,16.15,2.82,,
268780,P,2000-06-09,49861,10,9.12,7.85,,
